# multipoles are divided by excitation current and units are [T], [m] and [A]
# harmonics (dipole n=0): 00 01 02 03 04 05 06 07 08 09 10 11 12 13 14 
# MAG_LABEL   CURRENT[A]   <NORMAL_MULTIPOLES/CURRENT>[T/m^(n-1)/A]   <SKEW_MULTIPOLES/CURRENT>[T/m^(n-1)/A]
S15-004   +6.999475e+01   +4.356984e-07 +7.363214e-05 -2.256909e+00 -3.931745e-02 -1.358475e+00 -1.247163e+02 -8.989224e+03 +6.239292e+04 +1.241552e+09 +5.866467e+08 +1.594682e+10 +1.542293e+13 +8.773508e+14 -4.320894e+16 -2.918383e+20   -2.665996e-08 +1.411015e-04 +6.396491e-04 -2.396137e-02 -2.242610e+00 +4.255099e+01 +6.923511e+03 -5.563513e+05 -4.325456e+08 +1.605966e+09 +2.687840e+10 -3.826184e+12 -7.301519e+14 +1.773417e+17 +7.309581e+19   
S15-006   +6.999485e+01   +1.851206e-07 +8.735050e-05 -2.257628e+00 -2.155579e-02 -7.129233e+00 +3.117042e+01 -1.850610e+04 -2.966753e+05 +1.252694e+09 +7.685150e+08 -5.949925e+10 +1.041396e+13 +1.372355e+15 +1.174110e+17 -2.961429e+20   -3.578940e-08 +1.049244e-04 +1.631999e-03 -5.808945e-02 +6.012730e-01 +5.172139e+00 -1.639375e+03 +1.212444e+04 -3.989008e+08 +2.230404e+09 +6.514332e+10 -5.943200e+12 +6.169140e+13 +2.711311e+16 +7.080262e+19   
S15-008   +6.999540e+01   -5.165459e-08 +4.810133e-05 -2.256475e+00 -1.670420e-02 -7.720749e+00 +6.515725e+01 -1.739993e+04 +1.537480e+05 +1.306659e+09 -2.223916e+07 +9.061344e+10 +9.114623e+11 +9.111756e+14 +2.025989e+16 -3.177412e+20   +1.688965e-07 +1.131496e-04 +4.584731e-04 -2.954290e-02 -7.259196e+00 +1.145116e+01 +1.165182e+04 -2.837271e+05 -1.871082e+08 -1.911237e+09 +1.395824e+11 +8.881708e+11 -2.603071e+14 +1.367681e+17 +2.258213e+19   
S15-009   +6.999515e+01   +1.434404e-07 +9.924426e-05 -2.258902e+00 +1.386354e-02 -7.839600e+00 -3.901389e+01 -1.676415e+04 -6.091869e+04 +1.303402e+09 +9.639281e+07 +1.242620e+11 +1.590050e+12 +9.383400e+14 +5.401297e+16 -3.161529e+20   -4.105879e-09 +9.935878e-05 -6.787409e-04 -1.170720e-02 +3.019556e+00 +3.632860e+01 -7.733690e+03 -2.743930e+05 -1.956031e+08 +2.530322e+08 +1.432634e+11 -1.360578e+13 +5.330535e+14 +3.546744e+16 +2.742069e+19   
S15-010   +6.999480e+01   +3.059759e-07 +9.893821e-05 -2.259166e+00 -4.055344e-02 -2.311972e+00 +7.173277e+01 -4.941830e+03 -1.879424e+05 +1.361087e+09 -1.065115e+09 +5.611931e+10 +4.671728e+12 +4.327086e+14 +1.094942e+17 -3.274629e+20   -6.917434e-08 +8.171366e-05 -4.230507e-04 +1.164812e-02 +5.467068e+00 -1.009758e+01 -1.032181e+04 +1.049359e+04 -5.779858e+07 -1.923087e+09 -8.935938e+10 +4.646499e+12 +1.189870e+14 +7.049105e+16 +3.023623e+18   
S15-014   +6.999510e+01   +1.149242e-07 +8.671936e-05 -2.253165e+00 -3.058428e-02 -1.529611e+01 -9.364644e+01 -3.820682e+04 -6.846394e+05 +1.373117e+09 -2.508866e+08 +1.241768e+11 +8.883188e+12 +4.224109e+15 +2.440884e+17 -3.214679e+20   -2.887928e-08 +1.297914e-04 -6.992678e-05 -2.528338e-02 -1.818089e-01 -7.172128e+01 -1.688352e+03 -7.390673e+05 -1.864661e+08 +1.869508e+09 +1.617486e+11 +4.524977e+13 +5.550951e+14 -2.205427e+15 +1.228101e+19   
S15-016   +6.999565e+01   -1.216199e-07 +6.847417e-05 -2.256919e+00 -8.744168e-02 -6.885945e+00 -6.637577e+01 -1.215820e+04 -2.413637e+05 +1.476543e+09 +1.011207e+09 +2.892768e+10 +2.385203e+12 +4.153178e+14 +8.688614e+16 -3.319876e+20   +4.258026e-08 +1.150649e-04 -9.996693e-04 -1.769679e-02 -4.101996e-01 +2.725855e+01 +3.940269e+03 -7.547119e+04 -4.113506e+07 -1.062145e+09 +7.145527e+10 -1.801349e+12 -8.350309e+14 +1.143573e+17 -1.090234e+18   
S15-017   +6.999495e+01   +1.450943e-07 +9.949771e-05 -2.257521e+00 -6.554666e-02 -2.653017e+00 -1.143563e+02 -5.581990e+03 -1.826009e+05 +1.472685e+09 +4.783335e+07 -7.863153e+09 -1.023774e+12 +5.481291e+13 +1.001111e+17 -3.343068e+20   +3.285427e-08 +1.334683e-04 -1.869963e-03 -3.683583e-02 +1.658613e+00 +4.359330e+01 -1.463773e+03 -1.119792e+05 -6.325098e+07 -1.359103e+09 +2.315801e+10 -6.006448e+12 -1.030804e+13 +9.687065e+16 -7.647592e+18   
S15-018   +6.999485e+01   +3.199701e-07 +1.087060e-04 -2.259676e+00 -1.734565e-02 +4.953227e-01 +6.937278e+01 -2.135220e+03 -1.991149e+05 +1.333091e+09 +1.375597e+09 +9.987806e+10 +8.161649e+12 +5.211381e+14 +1.640815e+17 -3.043572e+20   -2.166385e-07 +1.447779e-04 +7.505248e-04 -6.659543e-02 +1.164491e+00 -1.679504e+01 +7.192166e+02 +9.860840e+04 -2.887155e+08 -1.605234e+09 +1.338617e+10 +6.235243e+12 -6.931661e+14 +6.800149e+16 +4.173790e+19   
S15-021   +6.999540e+01   +2.154539e-07 +1.126392e-04 -2.257878e+00 -2.160341e-02 -3.634445e+00 +3.357931e+02 -1.034769e+04 -2.049835e+05 +1.502197e+09 +5.265982e+08 -1.699763e+10 -1.956659e+12 +6.650546e+14 +1.064472e+17 -3.357493e+20   -1.966819e-07 +9.738809e-05 -6.102910e-04 +1.006068e-02 +3.454128e+00 +5.070950e+00 -2.687645e+03 -2.724702e+05 -3.876456e+07 -2.823440e+08 +1.183577e+10 -3.698244e+11 -4.551588e+14 +1.223424e+17 -2.955859e+18   
S15-026   +6.999575e+01   +8.657501e-08 +1.432038e-04 -2.253995e+00 -1.189602e-02 -3.238930e+00 -6.910922e+01 -6.279760e+03 -2.771857e+05 +1.368991e+09 +6.848049e+08 +6.848449e+10 +7.839227e+12 +1.869596e+14 +1.363609e+17 -3.137738e+20   -1.861770e-07 +1.379350e-04 -1.209097e-03 -1.880644e-02 +1.437486e+00 +1.264544e+00 -7.641240e+02 -2.862942e+05 -2.543547e+08 +1.143333e+09 -5.928573e+10 +3.986978e+12 +1.977291e+14 +1.111675e+17 +4.187856e+19   
S15-027   +6.999435e+01   +2.509208e-07 +1.154310e-04 -2.252910e+00 -9.919083e-02 +4.322479e+00 -5.202270e+01 +3.263475e+03 -4.452455e+05 +1.522277e+09 +3.950610e+08 -3.793279e+10 +3.814616e+12 +4.771828e+14 +1.350429e+17 -3.424661e+20   -1.748773e-08 +1.405984e-04 -1.825875e-03 -2.677099e-02 +4.542081e+00 +3.036618e+01 -5.007374e+03 -1.511049e+05 -1.099537e+08 -5.703059e+08 +4.578697e+10 -5.644524e+12 -1.762679e+14 +1.065538e+17 -1.952182e+18   
S15-029   +6.999485e+01   +1.593773e-07 +2.107861e-05 -2.260515e+00 -7.114443e-02 -3.315710e+00 +8.192767e+01 -8.437994e+03 -2.545802e+05 +1.481062e+09 +4.818816e+08 -9.750286e+08 +1.492930e+12 +4.601276e+14 +4.955279e+16 -3.369466e+20   -2.826931e-07 +8.488119e-05 -4.841943e-04 +7.195091e-03 +6.343818e-01 +1.715460e+01 +5.268968e+03 -3.071556e+05 -1.310396e+08 -5.189383e+08 +7.348039e+09 +1.551786e+12 -5.718685e+14 +8.710811e+16 +1.499009e+19   
S15-030   +6.999495e+01   +9.675088e-08 +8.572526e-05 -2.252330e+00 -7.027303e-02 -7.420624e+00 -7.506067e+01 -1.525863e+04 -2.636579e+05 +1.381872e+09 +6.948681e+08 +1.348156e+10 -1.469457e+12 +4.293774e+14 +1.152862e+17 -3.151665e+20   +1.484727e-07 +1.291661e-04 +1.273078e-03 -4.477534e-02 -5.515786e+00 +2.347892e+01 +1.169683e+04 -4.708398e+03 -2.661445e+08 +1.190780e+09 +7.177655e+10 -1.315406e+12 +1.220973e+14 +1.737134e+16 +4.123076e+19   
S15-031   +6.999445e+01   +2.919394e-08 +4.707326e-05 -2.261348e+00 -2.952934e-02 -1.553635e+00 -7.365967e+01 -5.882832e+03 -2.915693e+05 +1.476154e+09 -5.466795e+08 +7.496594e+10 +8.921980e+11 +9.308348e+14 +9.299999e+16 -3.414486e+20   +1.453500e-07 +7.834898e-05 -6.754990e-04 -4.371659e-03 -2.387164e+00 +1.964790e+01 +4.416890e+03 -1.844261e+05 -8.585938e+07 -5.121908e+08 +4.244454e+10 -3.947879e+12 -8.641328e+14 +7.490324e+16 +5.776582e+18   
S15-032   +6.999445e+01   +5.308205e-09 +1.302335e-05 -2.262019e+00 -1.868538e-02 -2.347665e+00 +9.706282e+01 -3.483368e+03 -8.775409e+04 +1.488248e+09 -3.418210e+07 -7.509964e+09 -1.488452e+12 +7.840779e+13 +5.736326e+16 -3.432096e+20   -1.438237e-07 +9.987560e-05 -1.545835e-03 -2.649887e-03 +2.927344e+00 +1.367107e+01 -1.889710e+03 -4.301004e+05 -7.315000e+07 +2.696932e+08 +7.041205e+09 -2.635958e+12 -5.291762e+14 +1.114940e+17 -3.387581e+17   
S15-033   +6.999470e+01   +4.460798e-07 +3.839971e-05 -2.259460e+00 -8.639686e-02 -1.608858e+00 +7.786011e+01 -9.679939e+03 -3.226130e+05 +1.492537e+09 +1.342353e+08 -1.308381e+10 +3.695040e+12 +6.745465e+14 +6.879405e+16 -3.432168e+20   -1.396002e-07 +7.620443e-05 -1.612052e-03 -1.946245e-02 +2.100633e+00 +2.757966e+00 -2.753267e+02 -7.887900e+04 -1.502722e+08 +2.856181e+08 -5.914375e+10 +2.798162e+12 -4.413228e+14 +7.839158e+16 +1.602930e+19   
S15-034   +6.999465e+01   +1.800069e-08 +9.118047e-05 -2.248870e+00 -2.930475e-02 -6.051035e+00 -3.691321e+01 -1.002276e+04 -5.935629e+04 +1.375156e+09 -3.685685e+08 -4.434702e+10 +9.337989e+12 +3.069815e+14 +4.355891e+16 -3.150379e+20   +8.051047e-08 +1.244340e-04 +1.082276e-03 -5.664740e-03 +5.876936e-02 +3.322381e+01 -3.232203e+03 -3.744660e+05 -2.151364e+08 +1.507785e+09 +2.351631e+11 -1.577605e+12 -1.248156e+14 +1.030361e+17 +2.436363e+19   
S15-035   +6.999620e+01   +8.703331e-09 +7.113305e-05 -2.248602e+00 +9.955133e-03 -4.783583e+00 +2.410048e+02 -1.071646e+04 +1.862625e+04 +1.509319e+09 -1.893967e+08 -2.702134e+10 +1.392813e+12 +4.166485e+14 +4.653403e+16 -3.299071e+20   +4.428972e-08 +9.376839e-05 -1.858197e-03 +7.680377e-02 +3.595034e+00 +3.288007e+01 -6.776914e+03 -4.958758e+05 -4.545992e+07 -3.808515e+08 -4.851969e+10 +1.012750e+12 +5.849290e+13 +9.522800e+16 -4.799245e+18   
S15-036   +6.999620e+01   +2.476582e-07 +5.782480e-05 -2.249466e+00 -3.197061e-02 -1.104027e+00 +1.296297e+02 -5.343411e+03 -1.281245e+05 +1.490345e+09 +5.195918e+07 +2.378022e+10 +2.257495e+11 +5.892856e+14 -1.290745e+15 -3.295650e+20   -2.390323e-07 +1.126536e-04 -2.523624e-03 +1.759564e-02 +2.332108e+00 +4.054569e+01 +6.992548e+02 -3.407072e+05 -5.052177e+07 -6.841293e+08 -5.842794e+10 -7.280247e+11 -1.306482e+14 +1.054781e+17 -9.768252e+18   
S15-037   +6.999600e+01   +2.814908e-07 +1.068860e-04 -2.250653e+00 -2.153926e-02 -3.989748e+00 +2.042360e+02 -1.062187e+04 -3.136921e+05 +1.486215e+09 +1.805139e+07 -8.108693e+09 +1.613001e+11 +7.425311e+14 +1.184642e+17 -3.295930e+20   +6.534959e-08 +1.252617e-04 -2.028006e-03 -8.767608e-02 -8.957095e-01 +1.949256e+01 +5.042360e+03 -3.027930e+04 -3.450440e+07 +7.033912e+08 +3.291094e+10 +1.062896e+12 -3.742658e+14 +9.630397e+16 -2.773896e+18   
S15-038   +6.999430e+01   +3.394068e-07 +6.512383e-05 -2.252269e+00 -6.349657e-02 -8.314786e+00 +1.477047e+02 -2.018237e+04 -1.880199e+05 +1.488623e+09 -6.949733e+08 +6.490396e+10 -2.446902e+11 +5.897357e+14 +5.484331e+16 -3.311924e+20   -5.365138e-08 +1.171734e-04 +4.011732e-04 -5.200482e-03 -9.588071e-01 +3.507881e+01 +3.666317e+03 -2.206995e+05 -5.986020e+07 +4.657119e+08 +5.961763e+10 -2.117697e+12 -5.042453e+14 +1.236865e+17 +4.240638e+17   
S15-040   +6.999545e+01   +1.208643e-07 +1.436446e-04 -2.256284e+00 +3.272630e-02 -1.157648e+01 +5.239623e+01 -1.966195e+04 -2.078865e+05 +1.474703e+09 -8.762264e+08 +1.209208e+11 +2.674282e+12 +9.848707e+14 +1.439456e+17 -3.318220e+20   -1.721796e-07 +7.593728e-05 -1.310913e-03 +6.387278e-02 +5.177627e+00 +9.697412e+00 -6.233567e+03 -4.867669e+05 -4.568397e+07 -2.039690e+08 -2.850282e+10 -5.075166e+12 -4.393838e+14 +1.239414e+17 -5.644990e+18   
S15-041   +6.999450e+01   -2.469194e-07 +6.766226e-05 -2.254711e+00 -2.921757e-02 -6.685138e+00 +2.445406e+02 -1.152557e+04 -2.073470e+05 +1.453533e+09 +1.671033e+08 +5.175454e+10 -3.939977e+12 +3.304422e+14 +8.397670e+16 -3.242283e+20   +1.739517e-08 +1.297753e-04 -5.226858e-04 -3.174094e-02 -2.844975e+00 +2.714196e+01 +9.627072e+03 -3.164790e+05 -9.316846e+07 -2.134756e+08 +1.099031e+10 -3.194200e+12 -4.574412e+14 +1.708953e+17 +4.915063e+18   
S15-043   +6.999530e+01   +3.117234e-07 +1.118007e-04 -2.256703e+00 -7.214846e-03 -4.427266e+00 +9.755448e+01 -1.276068e+04 -1.859202e+05 +1.479735e+09 +3.070399e+08 +6.317703e+09 +1.312416e+12 +6.428850e+14 +8.337648e+16 -3.326518e+20   -8.971277e-09 +1.095016e-04 -7.219390e-04 -1.024353e-02 -2.151342e+00 +6.130082e+01 +7.085356e+03 -2.292894e+04 -4.349571e+07 +5.035547e+08 +8.083893e+10 -3.570178e+12 -4.595243e+14 +1.404089e+17 -4.961623e+18   
S15-044   +6.999510e+01   +2.252086e-07 +7.324800e-05 -2.256427e+00 +5.736766e-03 -2.166367e+00 +5.600433e+02 -7.269830e+03 -2.023620e+04 +1.482792e+09 -3.720162e+08 -1.337792e+10 -8.385444e+12 +2.543685e+14 +4.202310e+16 -3.304430e+20   -8.373760e-08 +1.172412e-04 -9.436185e-04 -6.034332e-02 +1.367227e+00 +6.322177e+01 +5.055572e+02 -3.317234e+04 -4.666114e+07 +7.796996e+08 -9.338474e+09 +3.091615e+12 -3.336726e+14 +1.011310e+17 -4.403693e+18   
S15-045   +6.999435e+01   +9.135919e-08 +8.749225e-05 -2.253396e+00 -5.630044e-03 -9.347987e+00 -1.622097e+01 -2.019060e+04 -3.664614e+04 +1.474820e+09 -1.525386e+09 +1.623538e+11 -1.850715e+12 +1.101709e+15 +4.429892e+16 -3.247556e+20   -3.540369e-08 +1.420281e-04 -8.478726e-04 -8.682424e-02 -1.245550e+00 +4.498417e+00 +4.812323e+03 -1.429840e+05 -8.013925e+07 +1.688302e+09 +1.422974e+10 -1.037376e+12 -8.547917e+14 +7.680038e+16 +4.939053e+18   
S15-046   +6.999510e+01   +9.991952e-08 +1.156749e-04 -2.250572e+00 -1.153861e-02 -2.138004e+00 +1.622985e+02 -5.496638e+03 -2.140137e+05 +1.439894e+09 -9.184559e+08 -4.072975e+10 +1.911945e+12 +2.239077e+14 +1.016597e+17 -3.318849e+20   +3.031382e-09 +1.292310e-04 -1.233643e-03 -6.222477e-03 -3.182544e+00 +1.312186e+01 +7.856347e+03 -4.121163e+05 -8.046842e+07 +3.698030e+08 +2.643664e+10 +1.024356e+11 -7.316165e+14 +1.426388e+17 +3.763825e+18   
S15-047   +6.999495e+01   -3.111960e-08 +1.021415e-04 -2.252628e+00 -5.788938e-02 -5.751303e+00 +1.717890e+01 -1.075815e+04 -2.539396e+05 +1.443096e+09 -1.862937e+08 +4.730853e+10 +1.145318e+12 +6.806462e+14 +1.078392e+17 -3.248613e+20   -1.230234e-08 +1.232656e-04 -1.664934e-03 -2.509312e-03 +1.648189e+00 +9.378824e+00 -1.651563e+03 -4.222625e+05 -9.075472e+07 +1.875207e+07 +6.273215e+09 +1.325003e+12 -3.386789e+14 +1.789713e+17 +6.464441e+18   
S15-048   +6.999480e+01   +2.459223e-07 +1.344251e-04 -2.251414e+00 -2.622921e-02 -2.188583e+00 -1.266075e+02 -7.508598e+03 -3.309249e+05 +1.465747e+09 +4.429486e+08 -5.992704e+10 +3.276979e+12 +7.760987e+14 +1.253587e+17 -3.290593e+20   +1.857134e-07 +1.312288e-04 -4.192959e-04 -2.067992e-02 +5.118569e-01 +1.720418e+01 -2.672951e+03 -1.527566e+05 -7.656643e+07 +5.770873e+08 +4.357617e+10 -4.120422e+12 -2.037091e+14 +1.135882e+17 +7.715810e+18   
S15-050   +6.999560e+01   +3.678328e-08 +1.031769e-04 -2.256780e+00 -3.814641e-02 -5.487202e+00 +2.062391e+02 -8.322770e+03 -2.853648e+05 +1.470482e+09 -3.827443e+08 +5.078634e+10 +2.125775e+12 +5.762221e+14 +1.161537e+17 -3.319027e+20   -2.301127e-08 +1.151243e-04 -2.153061e-03 +4.859715e-03 +2.417615e-01 +1.864997e+01 +1.341685e+03 -1.993451e+05 -4.197127e+07 -1.232420e+09 +4.344359e+10 +4.925254e+11 -5.331211e+14 +1.550946e+17 -1.026885e+19   
S15-051   +6.999505e+01   +4.020463e-09 +9.546821e-05 -2.249326e+00 -4.212244e-02 -7.091374e+00 +8.265507e+01 -1.431706e+04 -2.563564e+05 +1.438679e+09 +4.490830e+08 +1.996683e+10 +1.050449e+12 +1.763430e+14 +1.043615e+17 -3.310831e+20   -3.449238e-08 +1.278280e-04 -1.528258e-03 -3.875050e-02 +6.352719e-01 +3.111453e+01 +1.410335e+03 -2.107268e+05 -8.696851e+07 +9.771712e+07 +2.180383e+10 -1.585629e+12 -5.045604e+14 +1.124747e+17 +2.363403e+18   
S15-052   +6.999475e+01   +9.452035e-08 +1.159936e-04 -2.249733e+00 -8.791742e-02 -9.003122e+00 +1.945406e+02 -1.843515e+04 -6.938603e+05 +1.350672e+09 +7.008497e+07 -2.049189e+10 -4.103668e+12 +8.080345e+14 +1.545679e+17 -3.029854e+20   +2.098720e-07 +1.389151e-04 -3.800719e-04 -6.550530e-02 +3.355552e-01 -1.504169e+01 -5.760061e+03 -1.786663e+05 -2.975336e+08 +1.222105e+08 +1.948693e+11 +1.100742e+13 +6.917700e+14 +9.286539e+16 +3.793082e+19   
S15-053   +6.999570e+01   -1.243101e-08 +9.790276e-05 -2.250035e+00 -1.839592e-02 -1.017629e+01 +2.262436e+02 -2.025287e+04 -2.490753e+05 +1.474093e+09 +9.362351e+07 +9.619817e+10 -7.998586e+11 +7.128285e+14 +1.127270e+17 -3.268361e+20   +6.277896e-08 +1.293432e-04 -6.036232e-04 -7.101201e-02 -3.424113e+00 -2.249168e+00 +7.969677e+03 +3.906173e+04 -6.762540e+07 +3.417590e+06 +9.162251e+10 +3.447057e+11 -6.212752e+14 +1.273461e+17 +1.574757e+18   
S15-054   +6.999820e+01   +3.345643e-07 +7.307726e-05 -2.248984e+00 +1.564502e-03 -4.938478e+00 -8.307472e+01 -1.309503e+04 +2.730072e+04 +1.473628e+09 -3.301175e+08 +2.626580e+10 +6.811728e+12 +1.134528e+15 +1.094303e+17 -3.244851e+20   +2.293892e-07 +1.019639e-04 -3.661020e-04 -2.492304e-02 -2.814344e+00 +2.265260e+01 +5.413242e+03 -8.093064e+04 -5.014403e+07 +5.755389e+08 +6.099881e+10 -2.892303e+12 +5.283829e+14 +8.232756e+16 +4.108394e+18   
S15-055   +6.999445e+01   +1.678653e-07 +8.453267e-05 -2.253550e+00 +1.109006e-02 -7.982947e-01 -1.074788e+02 -2.348575e+03 -1.025947e+05 +1.458586e+09 -5.378095e+08 +2.699385e+10 +1.420117e+12 +3.552063e+14 +1.074779e+17 -3.294407e+20   +1.826438e-07 +1.073355e-04 -1.586904e-03 +2.586925e-02 -2.002706e+00 +1.770940e+01 +3.393065e+03 -2.629558e+05 -4.957989e+07 -4.517945e+08 +7.279323e+10 -1.312229e+12 -2.374013e+14 +1.094093e+17 +1.349554e+18   
S15-056   +6.999550e+01   +4.243607e-07 +1.184589e-04 -2.250763e+00 -1.696829e-06 -5.401517e-01 +5.918069e+01 -7.640741e+03 -3.462545e+05 +1.454468e+09 -1.113294e+09 +2.155246e+10 -1.460331e+12 +2.616455e+14 +2.181562e+17 -3.342922e+20   -5.633265e-08 +1.302316e-04 -3.867516e-04 -1.142482e-01 -9.342332e-01 +1.801973e+01 +5.757807e+03 -1.926454e+03 -1.906804e+08 +4.854501e+08 -5.039497e+10 +1.080825e+13 -1.328077e+15 +6.126052e+16 +1.471947e+19   
S15-057   +6.999565e+01   +2.011126e-07 +6.867395e-05 -2.252323e+00 -7.826156e-02 -6.433271e+00 +1.620238e+02 -1.577254e+04 -2.450321e+05 +1.421243e+09 -5.515637e+07 +2.230571e+10 -1.063006e+13 +3.259321e+14 +6.206564e+16 -3.491754e+20   +1.478320e-09 +1.019657e-04 -1.079289e-03 +3.628398e-03 -4.391966e-01 -2.411198e+01 +3.170454e+03 -1.226031e+05 -2.160977e+08 -9.155890e+08 +3.559318e+10 +7.025494e+12 -5.762150e+14 +1.089834e+17 +1.908686e+19   
S15-058   +6.999535e+01   +1.539582e-07 +8.583537e-05 -2.250824e+00 -2.050539e-02 -4.282826e+00 +3.223897e+02 -1.029568e+04 +2.827458e+04 +1.427640e+09 -1.034521e+09 -1.013844e+10 -1.444750e+13 +1.066375e+15 +5.803874e+16 -3.274942e+20   -2.585467e-07 +9.976651e-05 -2.102027e-03 -8.322516e-03 +8.240249e+00 +1.222909e+01 -1.152290e+04 -3.154784e+05 -1.999894e+08 +1.940182e+08 -1.862741e+10 +9.293093e+12 -4.422249e+14 +1.150337e+17 +1.616683e+19   
S15-059   +6.999480e+01   +1.428316e-07 +1.119906e-04 -2.248873e+00 +3.557776e-03 -9.557553e+00 +1.527013e+02 -2.136140e+04 -1.358256e+05 +1.433018e+09 +2.592135e+08 +7.857734e+10 +2.631294e+12 +1.664408e+15 +3.004460e+16 -3.287176e+20   +3.196163e-07 +8.609432e-05 -5.522635e-04 +2.523772e-02 -1.866672e+00 +2.790843e+01 +3.288051e+02 -6.488179e+04 -2.147858e+08 +1.530304e+09 +2.635712e+10 -2.069974e+12 -2.524128e+14 +5.088352e+16 +1.515507e+19   
S15-060   +6.999635e+01   +2.047608e-07 +8.005630e-05 -2.245770e+00 -1.484446e-02 -8.369749e+00 -1.081633e+02 -2.020783e+04 -4.796567e+04 +1.469608e+09 -6.164150e+08 +4.262087e+10 +3.310557e+12 +8.211617e+14 +4.884583e+16 -3.273554e+20   -1.249057e-08 +1.201433e-04 +3.386045e-04 -6.682780e-02 -2.205306e+00 +1.440254e+01 +7.090520e+03 -1.291795e+05 -6.605359e+07 +8.074105e+08 +1.219984e+11 +2.673458e+12 -8.982135e+14 +1.152494e+17 +5.750613e+18   
S15-061   +6.999630e+01   -8.314147e-08 +9.343105e-05 -2.247450e+00 +7.931921e-03 -1.066575e+01 +9.454695e+01 -2.008500e+04 -4.295817e+04 +1.458933e+09 -7.342602e+08 +6.466646e+10 -1.209496e+12 +5.746101e+14 +9.309604e+16 -3.270060e+20   +1.719355e-07 +9.241288e-05 -5.663977e-04 +4.732449e-03 -5.307515e+00 +3.731552e+00 +9.898555e+03 -2.836781e+05 -7.031080e+07 +2.542287e+07 +8.264928e+10 -4.317751e+11 -4.946036e+14 +1.140499e+17 +3.866989e+18   
S15-062   +6.999555e+01   -2.064088e-08 +8.857366e-05 -2.249649e+00 -1.274541e-02 -8.467851e+00 -2.421332e+01 -1.674386e+04 -2.335374e+05 +1.459486e+09 -1.503821e+08 +8.559173e+10 +8.913405e+11 +9.728033e+14 +8.361549e+16 -3.265613e+20   -9.335473e-08 +1.038406e-04 -2.163669e-04 +1.433895e-02 -4.672494e+00 +2.646567e+01 +1.504743e+04 -3.785008e+05 -9.513110e+07 +1.698968e+07 +4.301246e+10 +7.473842e+10 -9.585176e+14 +9.707947e+16 +1.065861e+19   
S15-070   +6.999470e+01   +1.840565e-07 +1.340835e-04 -2.251132e+00 -3.214578e-02 -2.919602e+00 +8.587686e+01 -1.169834e+04 -1.993347e+05 +1.254043e+09 +4.688314e+09 -2.900258e+10 +3.988435e+12 +9.594806e+14 +1.463562e+17 -2.910793e+20   -1.140647e-07 +1.756980e-04 +6.892979e-04 -9.467505e-02 +3.792279e+00 +1.067921e+00 -1.402316e+03 +4.830831e+05 -2.688616e+08 -6.618535e+08 -1.833632e+11 -2.129211e+12 -2.699447e+14 +3.770331e+16 +4.266859e+19   
S15-072   +6.999580e+01   -2.131375e-08 +1.066708e-04 -2.252359e+00 -2.448454e-02 -6.004500e+00 +2.489185e+01 -1.362665e+04 -3.145360e+05 +1.430307e+09 -9.822274e+08 +1.269647e+10 +1.373974e+11 +5.880966e+14 +1.238471e+17 -3.324244e+20   -1.133207e-07 +1.064212e-04 -2.512391e-04 +3.533919e-02 +2.049296e+00 +1.251195e+01 -2.895577e+02 -3.049859e+05 -1.586005e+07 -1.263372e+09 +2.818041e+10 +3.607006e+12 -3.092447e+14 +1.348485e+17 -3.427631e+18   
S15-076   +6.999565e+01   +4.328946e-07 +1.029142e-04 -2.250778e+00 -5.904287e-02 +1.447901e+00 +2.512868e+01 +3.026742e+02 -2.815009e+05 +1.430322e+09 +5.777108e+08 -5.845206e+10 +2.666041e+12 +2.997543e+14 +1.199144e+17 -3.347762e+20   +2.526236e-08 +1.209609e-04 -7.368374e-04 -4.307525e-02 +1.143056e+00 -5.401077e+01 +1.731970e+03 -3.066836e+05 -1.966171e+07 +4.432635e+08 -3.235683e+09 +1.410480e+12 -4.958577e+14 +1.323264e+17 -3.422174e+18   
S15-078   +6.999565e+01   +2.655205e-07 +1.164241e-04 -2.254322e+00 +5.831061e-02 -1.756486e+00 +3.151664e+00 -4.855275e+03 +1.840186e+05 +1.427375e+09 -4.562225e+08 -2.917880e+10 +1.156710e+12 +6.876860e+14 +9.590613e+16 -3.335603e+20   +1.142448e-07 +1.070989e-04 +5.363682e-04 +2.502841e-02 -1.201911e-01 +6.933719e+01 +1.208433e+03 -2.920636e+05 -3.073537e+07 -1.120877e+09 +2.938878e+10 -3.786528e+12 -2.464237e+14 +1.146231e+17 -7.011374e+17   
S15-079   +6.999530e+01   +1.519713e-07 +1.288574e-04 -2.252811e+00 -5.712129e-02 -4.127980e+00 -2.756371e+01 -1.136687e+04 -5.241713e+05 +1.438999e+09 +8.065604e+07 -2.597164e+09 -7.639404e+11 +5.840641e+14 +1.566269e+17 -3.334600e+20   +7.531820e-08 +1.326182e-04 -9.918845e-04 -1.878079e-02 +3.698913e+00 +3.403961e+01 -3.745401e+03 -2.729383e+05 -3.216536e+07 -1.899703e+08 +1.087438e+10 -3.383190e+12 -5.064690e+14 +1.439977e+17 -1.382679e+18   
S15-087   +6.999525e+01   +1.625845e-07 +1.300333e-04 -2.252820e+00 -1.682841e-02 -3.864281e+00 +3.346174e+01 -1.232282e+04 -2.377456e+05 +1.253379e+09 -1.344914e+09 -8.916231e+10 +1.337894e+12 +1.044658e+15 +1.464728e+17 -3.020799e+20   +1.446302e-07 +1.079155e-04 +2.422352e-04 +2.260925e-02 -2.450412e+00 +3.314573e+01 +3.637315e+03 -8.379293e+05 -2.868045e+08 +2.525103e+08 -1.523252e+10 +6.857092e+11 +3.118447e+14 +1.542868e+17 +3.757268e+19   
S15-091   +6.999595e+01   -4.665037e-07 -1.648223e-04 -2.253270e+00 +1.236658e-01 -2.880667e+00 -3.583433e+02 -2.806777e+03 +1.393950e+06 +1.410624e+09 -8.134145e+08 +1.840642e+10 +1.094349e+13 -1.517132e+14 -1.644775e+17 -3.259789e+20   +3.165917e-07 +4.693884e-05 -4.410791e-03 +1.437852e-01 -4.511517e+00 +1.070179e+02 -9.732145e+00 -7.937022e+05 -2.315568e+06 -1.189094e+09 +1.637769e+11 +2.237279e+12 -5.425750e+13 +7.764596e+16 -8.045873e+18   
S15-092   +6.999610e+01   +2.260332e-07 +1.426995e-05 -2.255591e+00 +2.840235e-02 -7.373137e+00 +1.431075e+02 -1.606081e+04 +1.078569e+05 +1.395054e+09 -9.061181e+08 +1.592213e+10 -2.817584e+11 +8.305983e+14 -2.121880e+16 -3.243661e+20   -8.410073e-08 +7.203168e-05 -1.747572e-03 -3.246125e-02 -9.275514e-01 +3.537277e+01 +4.429745e+03 -2.793464e+04 -4.338450e+07 -3.295338e+08 +6.753049e+10 +2.079763e+11 -6.795941e+14 +8.378268e+16 -3.536977e+18   
S15-093   +6.999625e+01   +2.040634e-07 +4.965210e-05 -2.257394e+00 -3.556998e-02 -5.792239e+00 +2.111215e+01 -1.157435e+04 -3.013113e+04 +1.405573e+09 +3.285876e+08 +6.281742e+09 -6.035672e+11 +5.859291e+14 +3.886195e+16 -3.309849e+20   -6.532571e-08 +6.065998e-05 -1.911444e-03 -2.974189e-02 +1.543641e+00 +3.182889e+01 -1.196540e+03 -5.331866e+04 -2.525944e+07 +2.533429e+08 +2.823394e+10 +2.786724e+12 -1.635086e+14 +5.582753e+16 -3.617720e+18   
S15-099   +6.999610e+01   +1.605904e-07 +7.527775e-05 -2.252866e+00 -2.013588e-02 -2.892724e+00 +3.204023e+02 -6.184527e+03 -2.056565e+05 +1.319517e+09 +4.751825e+08 -1.053032e+11 -1.328966e+13 -3.759895e+14 +1.975784e+16 -3.362839e+20   +9.349959e-08 +8.602185e-05 -1.940147e-03 +2.996656e-02 +3.326950e-01 -3.423981e+00 +2.642069e+03 -4.590986e+05 -3.573668e+08 -1.121541e+09 +6.296207e+10 -4.550709e+12 -1.567999e+15 +1.214075e+17 +3.007470e+19   
S15-100   +6.999625e+01   +3.267809e-08 +6.262543e-05 -2.253182e+00 -3.007750e-02 -3.452419e+00 -1.048802e+02 -7.733003e+03 +2.385762e+03 +1.384834e+09 +8.538557e+08 +5.965395e+10 -1.276417e+12 +8.102234e+13 +5.447990e+15 -3.346148e+20   +1.052880e-07 +9.420599e-05 -1.784940e-03 -2.276233e-02 +2.108220e-01 +4.941095e+00 +2.593500e+03 -4.618842e+05 -2.746966e+08 +5.784801e+08 +2.410236e+10 +2.759691e+12 -2.468099e+14 +1.635862e+17 +3.391826e+18   
S15-101   +6.999565e+01   -1.158247e-07 +3.655193e-05 -2.253916e+00 -4.742133e-02 -5.161759e+00 +1.852039e+02 -5.329474e+03 +8.487646e+04 +1.410235e+09 -1.017281e+09 -4.810167e+10 -8.468675e+12 +5.042400e+14 +1.523055e+16 -3.372974e+20   -6.195724e-08 +9.738065e-05 -1.218754e-03 -2.568421e-02 +1.841523e+00 -1.037703e+01 -4.122553e+03 -3.000644e+05 -2.933371e+08 -9.013634e+08 +4.203927e+10 +2.263646e+12 +2.873649e+14 +3.120881e+16 +4.442183e+18   
S15-102   +6.999595e+01   -2.647447e-08 +5.004897e-05 -2.254082e+00 -4.397907e-02 -1.746190e+00 -1.187702e+01 +2.768873e+03 +2.427949e+05 +1.389209e+09 -2.922702e+09 +3.630777e+10 +3.260226e+11 -2.556542e+14 +1.812906e+16 -3.363267e+20   +1.614016e-07 +1.013367e-04 -1.954363e-03 -2.926851e-02 -1.375725e+00 +8.316235e+00 +4.364957e+02 -1.591041e+05 -3.412465e+08 +1.874781e+09 +1.589295e+11 +5.787633e+11 -6.062116e+14 +8.382808e+16 +1.463219e+19   
S15-103   +6.999560e+01   -2.662222e-08 +3.769491e-05 -2.252454e+00 -4.529603e-02 -3.373691e+00 -1.706483e+02 -3.792570e+03 +8.078584e+04 +1.467879e+09 -1.178158e+09 +1.234650e+11 +1.415200e+13 -8.127801e+13 -1.582207e+16 -3.337750e+20   +1.168693e-07 +1.227248e-04 -3.966681e-04 -9.397688e-02 -3.886577e+00 -9.524677e+00 +1.031177e+04 +5.549892e+04 -1.364367e+08 +8.000311e+08 +2.063754e+11 +1.361010e+12 -1.415995e+15 +1.063887e+17 +1.152247e+19   
S15-104   +6.999570e+01   +4.053663e-07 +5.328116e-05 -2.249817e+00 -4.541529e-02 -3.322576e+00 +7.258969e+01 -1.294609e+04 -4.489743e+05 +1.385961e+09 +2.290364e+09 +5.048989e+09 -4.324763e+12 +7.967207e+14 +1.115196e+17 -3.149943e+20   +8.431397e-08 +1.104135e-04 +4.685228e-04 -3.451753e-02 +5.001030e-01 -2.757172e-01 -8.698859e+02 -1.553904e+05 -2.162550e+08 -3.442584e+08 +6.113176e+10 +6.912039e+10 -5.122982e+14 +4.966076e+16 +3.103341e+19   
S15-105   +6.999485e+01   +3.634606e-07 +4.438512e-05 -2.252764e+00 -8.759629e-02 -3.940781e+00 +1.862321e+02 -1.319011e+04 -2.524806e+05 +1.462843e+09 +2.461458e+08 +1.296404e+10 +4.220899e+11 +6.658520e+14 +3.340814e+16 -3.283634e+20   +2.060892e-07 +7.242311e-05 -1.145730e-03 +1.487825e-02 -1.874099e+00 +3.804316e+00 +2.095533e+03 -5.742754e+04 -1.013228e+08 +2.854694e+08 +3.964363e+10 -1.044353e+12 -7.310755e+13 +6.488739e+16 +3.026933e+18   
S15-106   +6.999505e+01   -2.132142e-08 +2.860294e-05 -2.253915e+00 -6.267306e-02 -4.826341e+00 +5.168194e+01 -7.427131e+03 -1.462851e+05 +1.463532e+09 +1.522258e+08 +8.111482e+10 +4.575306e+11 +2.524811e+14 +3.585562e+16 -3.354983e+20   +6.022280e-08 +7.560129e-05 -1.380490e-03 +2.408872e-02 -1.506288e-01 +2.387737e+01 +1.986345e+03 -1.240249e+05 -1.017729e+08 -9.486229e+07 +1.795763e+10 +1.516099e+12 -8.034384e+14 +7.832864e+16 +3.622478e+18   
S15-107   +6.999565e+01   +2.376673e-07 +3.415877e-05 -2.255069e+00 -6.054091e-02 -1.678253e+00 -5.531942e+00 -6.765413e+03 -1.505965e+05 +1.383713e+09 +1.159217e+09 -5.086753e+10 -1.985852e+11 +6.206351e+14 +4.200158e+16 -3.136446e+20   +1.101296e-07 +9.006671e-05 +1.300412e-04 +3.233174e-02 -1.265979e+00 +1.808910e+01 -1.018174e+03 -3.018852e+05 -2.230927e+08 +4.986797e+08 +6.715420e+10 -8.958468e+12 +4.519862e+13 +7.221186e+16 +2.791276e+19   
S15-109   +6.999515e+01   +3.300670e-07 +1.169987e-05 -2.255038e+00 -7.646517e-02 -2.463061e+00 +1.399573e+02 -1.009379e+04 -7.458874e+04 +1.470265e+09 +1.265728e+08 +3.276404e+10 -2.538574e+12 +6.999545e+14 +3.686850e+16 -3.290427e+20   +1.464643e-07 +6.328751e-05 -2.047303e-03 +5.296416e-02 -9.575028e-01 +1.017917e+01 +1.469969e+03 -4.837405e+04 -8.210617e+07 -3.579677e+08 +6.727563e+10 +2.675081e+12 -5.254438e+14 +2.434656e+16 +8.190177e+18   
S15-110   +6.999510e+01   +1.478285e-07 +1.586691e-05 -2.254999e+00 -3.932081e-03 -3.504644e+00 +7.623751e+01 -7.787279e+03 +1.380041e+05 +1.508368e+09 -9.878804e+08 +3.426026e+10 +2.127420e+12 +2.893390e+14 +9.530107e+15 -3.397722e+20   -8.442008e-08 +9.493935e-05 -5.745515e-04 +1.719070e-02 +3.125959e+00 +2.588564e+01 -4.269530e+03 -3.909229e+05 -6.798309e+07 -6.653597e+08 +1.253738e+10 -3.687582e+12 +5.136947e+12 +8.283660e+16 +1.622696e+18   
S15-111   +6.999525e+01   +5.567326e-08 +2.482078e-05 -2.252341e+00 -4.256809e-02 -6.974845e+00 -7.674065e-01 -1.422854e+04 -1.134910e+04 +1.498153e+09 -1.121655e+08 +6.484094e+10 +3.429414e+12 +5.791703e+14 +1.935540e+16 -3.359471e+20   +9.754858e-08 +9.816533e-05 -1.479220e-03 -1.128093e-02 -1.305334e+00 +5.976183e+01 +1.898942e+03 -1.363816e+05 -3.880639e+07 -6.139744e+07 +8.316447e+10 -1.476069e+11 -3.267763e+14 +1.011815e+17 -7.022056e+18   
S15-113   +6.999525e+01   +3.235255e-07 +8.346095e-05 -2.254663e+00 -1.051374e-02 -2.642268e+00 -2.972073e+01 -8.840091e+03 -2.770597e+05 +1.477609e+09 +1.095135e+08 -2.881147e+10 +1.297314e+12 +4.835871e+14 +9.811653e+16 -3.300775e+20   -1.039496e-07 +9.005543e-05 -1.088546e-04 +3.605010e-02 +4.911348e+00 +5.461145e+00 -6.903430e+03 -2.668863e+05 -1.143567e+08 -1.535251e+09 -1.830081e+10 -1.667277e+12 -3.380857e+14 +1.100287e+17 +4.959241e+18   
S15-116   +6.999585e+01   -9.302727e-08 +2.334087e-05 -2.254389e+00 -3.546089e-02 -4.700037e+00 +3.187308e+02 -1.115102e+04 -5.488878e+05 +1.369233e+09 +1.563450e+09 +1.992202e+10 -8.068254e+12 +7.885437e+14 +1.335459e+17 -3.164135e+20   +2.044627e-07 +1.290128e-04 +1.040513e-03 -3.153917e-02 -5.068329e+00 +3.435524e+01 +4.341422e+03 -1.616133e+05 -3.872034e+08 +1.813533e+08 +5.439058e+10 +2.575041e+12 +2.906647e+14 +3.563426e+16 +5.911636e+19   
S15-117   +6.999590e+01   +2.155092e-07 +3.918438e-05 -2.255871e+00 -3.768454e-02 -1.002866e+00 +2.872030e+02 +1.276294e+03 -1.135958e+05 +1.485954e+09 +3.916252e+08 +6.688846e+10 -7.149224e+12 +3.474451e+13 +5.668443e+16 -3.345315e+20   -3.489346e-07 +1.118408e-04 -5.028772e-04 -3.709370e-02 +2.438427e+00 -1.123218e+01 +1.902707e+03 -1.555671e+05 -1.623041e+07 -2.993101e+08 -4.887639e+10 +2.989232e+12 -7.207042e+14 +8.952829e+16 -5.488441e+18   
S15-118   +6.999550e+01   +5.185873e-08 +6.214732e-05 -2.258247e+00 -2.571520e-02 -6.056064e+00 +7.616222e+01 -1.052020e+04 -1.945062e+04 +1.514539e+09 -5.176180e+08 +7.093176e+10 -1.503805e+11 +5.951974e+14 +5.516345e+16 -3.364792e+20   +8.500775e-08 +1.289933e-04 +1.182738e-04 -3.763693e-02 +2.063487e+00 +2.489873e+01 -2.128180e+03 -2.713756e+05 -2.343215e+07 +8.639257e+08 +1.883945e+10 +1.938510e+12 -5.456144e+14 +1.081388e+17 -1.429216e+18   
S15-119   +6.999480e+01   +9.605324e-08 +8.567632e-05 -2.254862e+00 +1.658095e-02 -6.078317e+00 -1.144681e+02 -1.368956e+04 -4.797889e+04 +1.490945e+09 -1.141497e+09 +3.847113e+10 +3.371139e+12 +5.746711e+14 +1.102355e+17 -3.365427e+20   +3.490028e-08 +9.351752e-05 -9.886706e-04 +3.661313e-02 +2.391813e+00 -1.320418e+01 -4.510102e+03 -3.166785e+05 -1.244878e+08 -1.688887e+08 +5.785484e+10 +4.470244e+12 +2.613100e+13 +9.923834e+16 +5.776771e+18   
S15-120   +6.999505e+01   -1.463902e-07 +6.948127e-05 -2.254555e+00 +3.334400e-02 -8.018614e+00 +1.355649e+02 -1.149577e+04 +6.436488e+04 +1.500295e+09 -5.439802e+08 +1.666436e+11 -7.477189e+12 -2.947690e+14 +5.175310e+16 -3.397325e+20   +3.520087e-08 +1.002394e-04 -1.402938e-03 -2.027100e-03 +1.895715e+00 +2.271469e+01 -2.880011e+03 -2.782448e+05 -7.181715e+07 -3.088140e+08 -2.691292e+10 -3.256926e+12 -6.090219e+14 +1.064816e+17 +4.520568e+18   
S15-121   +6.999590e+01   +3.021704e-07 +3.235952e-05 -2.254719e+00 +2.564042e-03 -4.424122e-01 +1.065848e+02 -4.217516e+03 +3.810747e+04 +1.476491e+09 +1.207033e+08 -6.986721e+10 +2.656530e+11 +1.975890e+14 +3.399553e+16 -3.279571e+20   -2.484226e-07 +8.372558e-05 +1.445698e-04 +3.528385e-02 -1.468453e+00 +7.853521e+00 +9.173609e+03 -1.622255e+05 -7.889654e+07 -6.635163e+08 +9.811390e+09 -1.374126e+12 -8.260965e+14 +8.333380e+16 +5.947541e+18   
S15-122   +6.999590e+01   +8.028399e-08 +1.282357e-05 -2.257212e+00 -2.721788e-02 -4.912772e+00 +1.321072e+02 -1.107499e+04 +1.747680e+05 +1.512744e+09 +1.109702e+08 +3.516597e+10 +4.935609e+11 +3.217357e+14 +1.082048e+16 -3.375649e+20   +1.090622e-07 +9.708870e-05 -1.474842e-04 +4.394125e-02 +6.700424e-01 +2.970107e+01 -1.821308e+03 -4.584740e+05 -1.296951e+07 -6.276633e+08 +1.538383e+10 +7.017192e+11 -2.452621e+14 +1.170493e+17 -3.473919e+18   
S15-123   +6.999520e+01   +2.127340e-07 +7.525106e-05 -2.255793e+00 +9.736461e-02 -5.122803e+00 +1.365873e+01 -1.257764e+04 +7.475005e+04 +1.484788e+09 -1.664840e+09 +3.010539e+10 +1.035403e+12 +8.296386e+14 +7.682715e+16 -3.256530e+20   -9.876723e-08 +1.218708e-04 -1.020648e-04 -8.459886e-02 +1.761095e+00 +7.913455e+00 -3.691787e+02 -1.383413e+05 -8.666924e+07 +1.997647e+08 +2.575537e+10 +2.431965e+12 -3.210909e+14 +1.065952e+17 +4.436613e+18   
S15-124   +6.999480e+01   +2.695177e-08 +2.835055e-05 -2.256039e+00 -9.036508e-02 -3.210804e+00 +1.256625e+01 -4.590698e+03 -3.492372e+05 +1.487433e+09 +1.008295e+09 +2.073537e+09 +2.089877e+12 +1.848962e+14 +4.750227e+16 -3.321950e+20   -1.688801e-07 +1.090203e-04 +4.994761e-05 -4.708270e-02 +1.528936e+00 +2.459210e+01 +2.884661e+03 -2.369060e+05 -8.957013e+07 +1.419974e+08 +6.029911e+09 +9.598960e+11 -6.790236e+14 +1.212422e+17 +1.429899e+18   
S15-126   +6.999510e+01   -2.654160e-08 +3.565550e-05 -2.256044e+00 -9.489556e-03 -7.828238e+00 -1.480298e+01 -1.581766e+04 -4.063932e+04 +1.442118e+09 +3.390582e+08 +1.269262e+11 +1.147462e+12 +9.331093e+14 +1.711153e+16 -3.230350e+20   +1.436903e-07 +1.377122e-04 -1.026700e-04 -1.067524e-01 -2.588575e+00 -8.735223e+00 +4.193752e+03 +6.839774e+04 -1.170936e+08 +5.238788e+08 -1.502332e+10 +4.702471e+12 -3.284643e+14 +9.063504e+16 +2.365207e+18   
S15-127   +6.999475e+01   +1.592947e-07 +4.065052e-05 -2.254250e+00 +2.217252e-02 -4.926898e+00 +1.390473e+01 -9.846703e+03 +6.550777e+04 +1.484291e+09 -7.306784e+08 -2.608611e+10 -1.470006e+12 +3.251260e+14 +4.375014e+16 -3.284345e+20   -4.372642e-08 +1.151513e-04 -1.932018e-04 -5.429912e-02 -2.687800e+00 +2.216593e+01 +7.683152e+03 -2.383022e+05 -1.030401e+08 +1.037131e+07 +4.097799e+10 -1.454193e+12 -4.221254e+14 +1.209991e+17 +5.413276e+18   
S15-128   +6.999500e+01   +1.632434e-07 +4.037928e-05 -2.255577e+00 -2.116213e-02 -2.613331e+00 +2.034084e+02 -7.050474e+03 -4.541420e+05 +1.507195e+09 -2.276301e+09 -1.680971e+10 +2.317958e+12 -6.446946e+14 +1.872875e+17 -3.337098e+20   -1.749926e-09 +1.049694e-04 -2.754832e-04 -1.875795e-02 +1.476580e-01 +3.443063e+01 -7.968922e+02 -4.714138e+04 -8.176035e+07 -1.623869e+09 +1.604179e+11 -1.267374e+13 +4.531624e+14 +8.440624e+16 -2.520583e+18   
S15-130   +6.999530e+01   -2.278974e-08 +5.688063e-05 -2.254576e+00 -1.766431e-02 -4.743850e+00 -4.234507e+01 -7.921103e+03 -2.488993e+05 +1.502162e+09 +3.738245e+08 +3.221775e+10 +2.244705e+12 +2.618884e+14 +6.183661e+16 -3.349728e+20   -3.288004e-08 +8.706289e-05 -2.088840e-03 +2.629549e-02 -2.535183e-01 +3.786656e+01 +1.382054e+03 -2.292527e+05 -5.955088e+07 -3.118354e+08 +5.652698e+10 -3.968281e+12 -2.591637e+14 +6.951245e+16 +3.466318e+18   
S15-131   +6.999455e+01   +3.307855e-07 +6.473868e-05 -2.254951e+00 -7.284437e-03 -6.945355e-01 -6.418493e+01 -5.293916e+03 -1.174535e+05 +1.482938e+09 -4.975505e+07 -4.104007e+10 +5.299707e+12 +4.830160e+14 +7.269726e+16 -3.326925e+20   +6.381163e-08 +7.650034e-05 -8.861047e-04 +3.241248e-02 +1.827955e+00 +1.154223e+01 -3.281084e+03 -2.424104e+05 -5.887764e+07 -6.414334e+08 +9.359430e+09 -1.528252e+12 -1.520547e+14 +6.554179e+16 +2.676820e+18   
S15-132   +6.999520e+01   +9.829984e-10 +6.548406e-05 -2.252964e+00 -2.784592e-02 -7.588659e+00 -2.115119e+02 -1.569606e+04 -1.096575e+05 +1.463226e+09 -2.676475e+07 +2.010845e+10 +5.462503e+12 +6.163195e+14 +6.531881e+16 -3.214202e+20   +6.546882e-09 +1.061778e-04 -1.294318e-03 -2.288294e-02 +4.605854e-01 +3.870543e+01 +1.422673e+03 -2.095181e+05 -1.112091e+08 +5.346684e+07 +4.634159e+10 -3.576612e+12 -4.990149e+14 +1.079220e+17 +1.390291e+19   
S15-133   +6.999515e+01   -6.169216e-08 +5.098950e-05 -2.251100e+00 -5.806534e-02 -5.199465e+00 -3.830693e+01 -8.546412e+03 -2.472907e+05 +1.496682e+09 +6.359934e+08 +4.328980e+10 +3.744558e+12 +5.407502e+14 +8.582469e+16 -3.289901e+20   +2.450826e-07 +1.073551e-04 -6.866777e-04 -9.327849e-03 -5.807407e-01 -9.640681e-01 -3.037379e+02 -1.996664e+05 -8.959544e+07 -1.977116e+08 +7.753160e+10 +1.020930e+12 -3.647546e+14 +1.068581e+17 -8.974720e+17   
S15-134   +6.999485e+01   +1.806962e-07 +4.328478e-05 -2.253762e+00 -8.169904e-02 -3.129845e+00 +2.423405e+00 -6.732490e+03 -2.317402e+05 +1.406251e+09 -9.247336e+07 -3.195695e+10 +1.817401e+12 -2.208374e+14 +3.476716e+16 -3.255004e+20   +1.918394e-07 +1.009051e-04 -2.176790e-03 -1.550028e-02 -3.494161e+00 -6.096904e+00 +7.277611e+03 +8.176623e+04 -2.105245e+08 -1.905990e+09 +3.548148e+10 +2.611319e+12 -6.503093e+14 +9.150805e+16 +1.398045e+19   
S15-136   +6.999585e+01   +7.741715e-08 +4.130898e-05 -2.256932e+00 -7.389674e-03 -1.051854e+00 +4.694138e+01 -2.186554e+03 -2.406347e+04 +1.499857e+09 +2.525607e+08 -1.472133e+10 +3.585917e+12 +3.344477e+14 +4.306191e+16 -3.381215e+20   +4.638582e-08 +1.074664e-04 -1.390764e-03 -2.402065e-03 +1.470883e-01 +1.122450e+01 +2.127678e+03 -1.710500e+05 -7.048302e+07 +6.144871e+08 -4.537858e+09 +1.481302e+12 -3.026997e+14 +7.424149e+16 +1.017508e+19   
S15-137   +6.999520e+01   +1.975951e-07 +4.191772e-05 -2.256759e+00 -1.068764e-02 -3.851005e+00 +1.629513e+02 -7.923710e+03 -7.332757e+04 +1.421971e+09 +3.015260e+09 +2.751244e+10 -1.716926e+12 -5.957386e+13 +4.464755e+16 -3.202087e+20   +7.856787e-08 +9.583303e-05 -1.472947e-03 -2.363282e-02 -2.441542e+00 +2.109013e+01 +6.448554e+03 +1.921436e+05 -9.563346e+07 -5.948179e+08 +1.245283e+11 +9.193060e+10 -7.240002e+14 +3.602366e+16 +6.924673e+18   
S15-138   +6.999455e+01   +4.846832e-08 +5.220309e-05 -2.255078e+00 -4.730733e-03 -2.923503e+00 +7.646272e+01 -7.378017e+03 +5.398140e+04 +1.504950e+09 -9.236441e+07 +9.549395e+09 -1.432053e+12 +3.936788e+14 +2.628638e+16 -3.448716e+20   -1.059003e-08 +8.851426e-05 -1.607337e-03 +1.335677e-04 +3.992678e+00 +1.988888e+01 -5.721984e+03 -2.084729e+05 -6.918264e+07 -7.409314e+08 -3.172043e+10 +2.825716e+12 -4.079836e+13 +8.434510e+16 -3.414417e+18   
S15-139   +6.999530e+01   +2.117129e-07 +5.204748e-05 -2.256890e+00 -1.411403e-02 -6.815695e+00 +7.172087e+01 -1.514436e+04 -9.610797e+04 +1.479228e+09 -2.574106e+07 +7.714917e+10 +1.096374e+12 +6.893347e+14 +4.677717e+16 -3.298526e+20   +2.972530e-07 +8.530866e-05 -7.233927e-04 +3.385457e-02 -6.655720e+00 +1.029299e+00 +1.046369e+04 -1.575181e+05 -1.131489e+08 -6.435731e+08 +1.372882e+11 +2.529841e+12 -5.447984e+14 +9.628595e+16 +1.020851e+19   
S15-140   +6.999505e+01   -1.071673e-07 +4.227366e-05 -2.253694e+00 -5.112120e-02 -7.753068e+00 +8.044799e+01 -1.283790e+04 -3.034986e+05 +1.401193e+09 -1.264326e+09 +1.607682e+11 +2.144172e+12 +1.460285e+14 +2.638291e+16 -3.223737e+20   -1.134558e-07 +1.195473e-04 -2.306086e-03 -4.091106e-02 +2.005205e+00 +2.924387e+01 +1.064153e+03 -2.269712e+05 -2.501160e+08 -1.723129e+09 +1.710082e+10 -4.103520e+12 -5.903433e+14 +1.184730e+17 +1.908275e+19   
S15-141   +6.999490e+01   +4.328358e-08 +3.296562e-05 -2.254331e+00 -3.814465e-02 -3.902889e+00 +6.962440e+01 -7.391467e+03 -4.978403e+04 +1.482615e+09 -1.240223e+08 -7.906719e+10 +2.502621e+12 +3.488183e+14 +8.916843e+14 -3.322614e+20   +1.578448e-07 +1.285200e-04 -1.426480e-03 -4.214606e-02 +2.984446e+00 +7.630272e+00 -6.265565e+03 -2.804854e+05 -7.097220e+07 +9.271474e+08 +4.234208e+10 -1.158091e+12 +6.977793e+13 +9.471394e+16 +3.197706e+18   
S15-142   +6.999520e+01   +2.167726e-07 +6.157618e-05 -2.253737e+00 +6.613478e-02 -4.617501e+00 +7.610836e+01 -1.040294e+04 +2.675446e+05 +1.430471e+09 -2.053765e+09 -2.454708e+10 -3.361826e+12 -3.802242e+14 +5.448915e+16 -3.351138e+20   -4.834979e-08 +8.809031e-05 -1.777366e-03 +6.147219e-02 -2.088229e+00 +3.951058e+01 +5.293286e+03 -5.334329e+05 -2.674116e+08 +5.446001e+07 +1.764140e+11 -6.790494e+11 -2.204820e+14 +1.397419e+17 +2.286172e+19   
S15-143   +6.999590e+01   +1.603550e-07 +4.165844e-05 -2.255019e+00 -9.423265e-02 -3.644771e+00 -1.784983e+02 -8.608664e+03 -1.367790e+05 +1.474578e+09 +2.258968e+08 +5.717352e+10 +2.748397e+12 +5.788340e+14 +6.928353e+16 -3.296587e+20   +6.814069e-08 +8.977233e-05 -3.050096e-04 +2.411468e-02 +4.216968e+00 -3.905167e+00 -8.004450e+03 -2.710857e+05 -8.243959e+07 +5.452694e+07 -3.976876e+10 -5.347695e+11 -1.740240e+14 +9.817815e+16 +6.478758e+18   
S15-145   +6.999620e+01   -3.944414e-08 +4.165082e-05 -2.255520e+00 -3.322402e-02 -4.295912e+00 +1.946454e+01 -7.233646e+03 -1.718958e+05 +1.477404e+09 +5.512675e+07 -4.794086e+10 +3.996303e+12 +2.342067e+14 +5.010825e+16 -3.296235e+20   -1.389473e-07 +9.807171e-05 -3.649958e-04 -2.156981e-02 +5.916854e-01 +9.796400e+00 +2.470384e+03 -1.999444e+05 -7.541579e+07 -4.725519e+08 +5.024463e+09 -1.010406e+12 -7.325953e+14 +1.104364e+17 +8.073297e+18   
S15-146   +6.999610e+01   +2.183470e-07 +2.378991e-05 -2.255657e+00 -5.504467e-02 -2.530020e+00 +2.406484e+02 -5.254438e+03 -1.084202e+05 +1.471921e+09 +1.683804e+08 +6.475092e+10 +1.559484e+11 +1.524576e+14 +3.954422e+16 -3.306584e+20   -3.187385e-08 +1.143666e-04 +2.054707e-04 -4.745946e-02 +1.967055e+00 +1.765586e+01 -1.644973e+03 -1.343949e+05 -9.317958e+07 +5.096170e+08 +3.761461e+10 -2.677048e+12 -4.477279e+13 +1.142187e+17 +6.369021e+18   
S15-148   +6.999445e+01   +2.262529e-07 +5.240918e-05 -2.253842e+00 +1.899188e-02 -5.561278e+00 -3.437015e+00 -1.473004e+04 +1.152115e+05 +1.495277e+09 -5.267659e+08 -1.685788e+10 -1.513073e+12 +6.678604e+14 +1.710228e+16 -3.395486e+20   -2.945516e-08 +8.656971e-05 -1.855586e-03 -3.093777e-02 +1.403391e+00 -6.429478e+00 -1.469204e+03 -1.122367e+05 -7.677326e+07 +2.482777e+08 +4.517200e+10 +1.661972e+12 -6.400902e+14 +9.488995e+16 -8.974550e+18   
S15-149   +6.999540e+01   -6.238469e-08 +6.005255e-05 -2.255714e+00 -7.284210e-02 -2.087149e+00 -1.176156e+02 -1.698836e+03 -4.471834e+05 +1.351446e+09 +2.619554e+09 -4.323060e+10 +1.113003e+13 +7.286652e+14 +7.679826e+16 -3.084126e+20   -7.889950e-09 +1.134073e-04 -2.592708e-04 -4.604058e-02 +1.146944e-01 +5.330622e+00 +9.528188e+02 +3.883455e+04 -2.292182e+08 +3.308876e+08 -1.792765e+09 -3.878368e+12 +3.821830e+14 +5.314552e+16 +2.765070e+19   
S15-154   +6.999470e+01   +3.916245e-07 +3.642506e-05 -2.252885e+00 -3.354547e-03 -4.328619e+00 +2.063618e+01 -1.450793e+04 +1.902814e+05 +1.504711e+09 -1.364032e+09 -6.201412e+09 +2.151920e+12 +6.646935e+14 -6.044025e+15 -3.406009e+20   -3.009855e-07 +6.354045e-05 -1.055300e-03 +5.103885e-02 +2.913129e+00 +1.719049e+00 +5.721493e+02 -1.702242e+05 -1.054510e+08 +7.529607e+08 -1.121257e+11 +4.699779e+12 -6.709922e+14 +6.613239e+16 +3.084775e+18   
S15-155   +6.999545e+01   +1.591592e-07 +6.194430e-05 -2.255501e+00 -4.567758e-02 -2.217717e+00 +3.386614e+01 -5.791052e+03 -5.571874e+05 +1.446327e+09 +2.253947e+07 -2.732379e+10 -3.968165e+12 +6.646785e+14 +1.319075e+17 -3.432759e+20   +8.626465e-08 +8.491725e-05 -2.478194e-03 +1.420836e-02 -7.199801e-01 -1.728515e+01 +5.149409e+03 -2.776395e+05 -3.077993e+08 -1.492844e+09 +1.521600e+11 +6.309943e+11 -8.738594e+14 +8.723630e+16 +2.500495e+19   
S15-156   +6.999545e+01   +1.125115e-07 +7.056430e-05 -2.251874e+00 +7.841411e-03 -3.345793e+00 +2.923660e+01 -8.170265e+03 -4.973896e+03 +1.452070e+09 -1.454943e+09 +4.197010e+10 -4.732566e+12 -7.091048e+13 +5.669321e+16 -3.484625e+20   -5.520303e-08 +1.316756e-04 -2.382648e-03 -1.173572e-01 +1.064115e+00 +1.434638e+01 -4.860422e+02 -1.187686e+05 -2.697437e+08 +1.707752e+09 +5.635792e+10 -8.809351e+11 -3.957497e+14 +1.415213e+17 +1.138959e+19   
S15-157   +6.999535e+01   +5.198621e-07 +5.572954e-05 -2.254133e+00 +2.464589e-03 -3.665305e+00 +1.460224e+02 -1.438221e+04 -1.076477e+05 +1.340776e+09 -5.184706e+08 -2.319656e+10 +2.520613e+12 +8.652741e+14 +3.500271e+16 -2.999452e+20   -2.180656e-07 +1.197655e-04 -7.854542e-04 -3.691222e-02 -1.790672e-03 +1.642891e+01 +2.091640e+03 -2.444041e+05 -3.289667e+08 +7.562172e+08 -1.459103e+10 +1.345251e+11 -9.155011e+13 +9.020695e+16 +4.642628e+19   
S15-159   +6.999515e+01   +1.276142e-07 +7.309706e-05 -2.253322e+00 +1.335040e-02 -4.109475e+00 +3.680405e+02 -8.238784e+03 -2.547405e+05 +1.379557e+09 +9.034369e+08 +1.965605e+11 -6.785203e+12 +5.177274e+14 +1.244754e+17 -3.090061e+20   +8.839531e-08 +1.254586e-04 -8.456434e-04 -4.243090e-03 -8.265710e-01 -3.343929e+01 +1.959601e+03 -2.367585e+05 -2.258695e+08 -1.956548e+09 -1.707868e+10 +1.138408e+13 -3.960180e+14 +6.428120e+16 +2.813909e+19   
S15-162   +6.999560e+01   -1.129854e-07 +3.579544e-06 -2.254377e+00 -3.759308e-02 -2.387853e+00 +2.561397e+01 -4.361033e+03 +6.230785e+04 +1.506123e+09 +5.070307e+08 +2.050556e+10 +1.676530e+12 +7.039280e+13 +1.797266e+16 -3.344006e+20   +3.536489e-08 +1.042394e-04 -1.957107e-03 +4.674815e-02 -1.782715e+00 -1.114553e+01 +3.161200e+03 -4.506973e+05 -1.480779e+07 -8.227630e+08 +1.027762e+11 +3.678053e+12 -4.482595e+14 +1.253781e+17 -6.041567e+18   
S15-164   +6.999510e+01   -6.565394e-08 +8.395443e-05 -2.255385e+00 -2.938020e-02 -7.565847e+00 +5.211095e+01 -1.387998e+04 -2.093631e+05 +1.505444e+09 +5.776634e+07 -2.095612e+09 +2.793693e+11 +4.371733e+14 +8.652267e+16 -3.328290e+20   -2.140984e-07 +1.202836e-04 -1.101680e-03 +8.960930e-03 +3.371977e-01 +3.990401e+01 +2.937887e+03 -3.626115e+05 -1.189432e+07 -4.938787e+08 +3.034427e+10 +1.019027e+12 -5.194951e+14 +1.400626e+17 -6.265001e+18   
S15-165   +6.999525e+01   -5.810979e-08 +4.786253e-05 -2.257710e+00 -1.397779e-02 -4.240903e+00 +1.888251e+02 -9.141069e+03 -1.424406e+05 +1.498545e+09 +1.051389e+08 -2.447386e+10 +8.806552e+11 +4.348628e+14 +4.833839e+16 -3.335482e+20   -5.827898e-09 +1.009310e-04 -5.253586e-04 -2.718196e-03 -1.010639e+00 +1.004360e+01 +4.985500e+03 -1.876913e+05 -2.209248e+07 -5.805621e+07 +3.000604e+10 +4.888455e+11 -7.121600e+14 +1.064264e+17 -3.406945e+18   
S15-166   +6.999485e+01   +1.649540e-07 +7.775515e-05 -2.259659e+00 -1.720434e-02 -1.096996e+00 -1.860830e+01 -3.862673e+03 -2.601840e+05 +1.489010e+09 -3.986242e+07 -2.042082e+09 +2.771117e+12 +2.583446e+14 +7.316785e+16 -3.316495e+20   +1.845934e-07 +9.998021e-05 -2.761176e-04 +2.094797e-02 -2.755808e+00 +6.305807e+00 +5.553487e+03 -1.525404e+05 -1.748493e+07 -6.404068e+08 +9.842866e+10 +1.650834e+12 -6.023647e+14 +1.130587e+17 -3.951988e+18   
S15-167   +6.999545e+01   +3.890699e-07 +7.619558e-05 -2.258131e+00 -3.345603e-02 -5.352269e+00 -2.249618e+02 -1.464951e+04 -1.775138e+05 +1.449006e+09 +1.235691e+09 -3.738620e+09 +7.709957e+12 +5.365692e+14 +3.699276e+16 -3.224941e+20   +5.335213e-08 +1.225590e-04 -2.937221e-04 -1.772388e-02 +7.148828e-03 +3.221058e+00 +2.125482e+03 -2.503340e+05 -7.922568e+07 -3.795854e+08 +3.420985e+10 +1.567239e+12 -8.312855e+14 +1.172344e+17 +6.378525e+18   
S15-168   +6.999515e+01   +1.431321e-07 +5.014915e-05 -2.257702e+00 -4.136437e-02 -2.044323e+00 +8.734375e+01 -5.559298e+03 -7.242943e+04 +1.456415e+09 -2.656778e+08 +4.149979e+10 -6.049172e+11 +3.757210e+14 +4.904367e+16 -3.253067e+20   +6.607284e-08 +1.185714e-04 -2.650248e-04 +1.257441e-02 -1.113331e+00 +1.535705e+01 +5.425920e+03 -3.357638e+05 -7.421618e+07 -1.188299e+07 +9.041215e+10 +1.684224e+12 -8.184116e+14 +1.464913e+17 +6.495917e+18   
S15-170   +6.999555e+01   +5.313986e-07 +3.215073e-05 -2.255931e+00 -1.514181e-01 +1.594410e+00 +3.346403e+02 -6.371551e+03 -4.012647e+05 +1.499697e+09 +1.134083e+09 -7.707849e+10 -4.284958e+12 +4.077048e+14 +4.346885e+16 -3.354972e+20   +2.389133e-07 +1.161959e-04 -5.166371e-04 +6.884228e-02 -4.388686e+00 +8.124981e+00 +7.397399e+03 -5.409187e+05 -1.887416e+07 -4.033304e+08 +1.085531e+11 -1.078839e+11 -5.656727e+14 +1.364302e+17 -3.888464e+18   
S15-171   +6.999530e+01   +1.399686e-07 +4.504898e-05 -2.258003e+00 +4.771876e-03 +1.128509e+00 -7.207021e+00 -1.754646e+03 -4.112082e+03 +1.493206e+09 -1.745654e+08 -4.877496e+10 +2.121481e+12 +1.653070e+14 +2.590385e+16 -3.353185e+20   +1.228421e-07 +1.313256e-04 -6.548251e-04 -5.436224e-02 -3.203757e-01 +1.070774e+01 +9.220259e+02 -1.655375e+05 -2.093882e+07 -7.510520e+07 +6.795341e+10 -5.476389e+11 -4.663215e+14 +1.161110e+17 -3.483595e+18   
S15-172   +6.999510e+01   +2.966208e-08 +8.464808e-05 -2.257387e+00 -4.777804e-02 -3.807527e+00 +7.351919e+00 -1.632430e+02 -7.294829e+04 +1.436782e+09 +2.565961e+08 +1.271543e+11 +1.499806e+12 -4.007233e+14 +5.708958e+16 -3.234266e+20   +3.224237e-07 +1.310170e-04 -6.964972e-04 -4.197788e-02 +1.545985e+00 -1.509373e+01 -7.647382e+03 -1.011709e+05 -6.957444e+07 -9.882885e+08 +4.710550e+10 +2.801203e+12 +1.713654e+14 +1.346358e+17 +5.111512e+18   
S15-174   +6.999505e+01   -5.327997e-08 +6.386122e-05 -2.257304e+00 -3.119125e-02 -1.707332e+00 +1.492877e+02 -7.786988e+02 -2.299111e+05 +1.454006e+09 +5.633873e+08 -1.234372e+10 -9.455047e+11 +8.732193e+13 +2.710173e+16 -3.245058e+20   +5.475704e-08 +1.492918e-04 -2.743398e-04 -3.545079e-02 -1.733118e+00 +1.896188e+01 +4.252439e+03 -2.740397e+05 -1.028868e+08 +4.973266e+08 +8.884598e+10 +2.055081e+12 -3.510818e+14 +1.366985e+17 +8.977245e+18   
S15-175   +6.999555e+01   +1.001660e-07 +6.470357e-05 -2.256149e+00 -3.549321e-02 -4.661685e+00 -4.908113e+01 -1.162523e+04 -1.202768e+05 +1.503471e+09 +7.555569e+08 -5.052505e+10 +4.899430e+12 +4.322579e+14 +6.462968e+16 -3.361402e+20   +1.755032e-07 +1.339885e-04 -1.531333e-03 -7.144503e-02 -1.816851e+00 +3.146634e+01 +4.644394e+03 -2.074883e+05 -1.354061e+07 +1.349194e+08 +7.247055e+10 +1.355651e+12 -7.089588e+14 +1.543852e+17 -8.679815e+18   
S15-176   +6.999470e+01   +1.118422e-07 +4.057870e-05 -2.254756e+00 -3.655021e-02 -1.134910e+00 -2.969473e+01 -4.900222e+03 -5.185847e+04 +1.515442e+09 -5.362847e+08 -6.595031e+10 -1.875895e+12 +8.241458e+14 +1.771423e+16 -3.415259e+20   -3.511252e-07 +1.263561e-04 -9.876709e-04 -3.876522e-02 +2.996843e+00 +6.597114e+00 +1.443822e+03 -3.027924e+05 -5.857831e+07 +6.752961e+08 -4.928473e+10 -2.189247e+12 -7.797536e+14 +1.227347e+17 -6.376656e+18   
S15-177   +6.999565e+01   +1.317203e-07 +9.317835e-05 -2.256117e+00 -7.054373e-03 -5.881524e+00 -8.291551e+01 -1.551396e+04 -1.463137e+05 +1.378908e+09 -3.564583e+08 -1.841502e+10 +2.103476e+12 +1.108454e+15 +6.876176e+16 -3.106804e+20   -2.775475e-07 +1.223876e-04 -2.150642e-04 +2.430072e-02 +5.188028e+00 +8.656868e+00 -6.423618e+03 -5.805441e+05 -3.035637e+08 +6.279329e+08 -1.367248e+11 -1.482828e+12 -5.883038e+14 +1.451607e+17 +3.851502e+19   
S15-179   +6.999535e+01   -7.424515e-08 +7.793148e-05 -2.255936e+00 +2.240615e-02 -4.593942e+00 -2.012987e+01 -9.084309e+03 -1.843810e+05 +1.364103e+09 +1.769730e+09 +1.287086e+10 +8.676299e+12 +8.130031e+14 +8.570812e+16 -3.083639e+20   +2.332475e-08 +1.521735e-04 +5.400272e-04 -3.153805e-02 -1.975620e+00 +1.696873e+01 +1.787217e+03 -4.876395e+05 -3.169085e+08 -6.726251e+08 +3.520874e+10 -8.390486e+12 +3.600011e+13 +1.487989e+17 +4.700948e+19   
S15-180   +6.999485e+01   +2.267687e-07 +5.193608e-05 -2.254962e+00 -2.561061e-02 +8.615784e-01 -4.926277e+01 -9.286249e+02 -5.684494e+04 +1.516179e+09 -1.476219e+08 -5.910352e+10 +4.659128e+12 +8.045572e+13 +3.932004e+16 -3.407664e+20   +1.240556e-07 +1.323552e-04 -1.113482e-03 -5.412264e-02 -1.636682e+00 +1.587660e+01 +2.782946e+03 -1.694450e+05 -9.147042e+07 -3.877211e+07 +1.169054e+11 +6.647701e+11 -5.352244e+14 +1.081472e+17 +2.352557e+18   
S15-181   +6.999495e+01   +2.359074e-07 +9.189934e-05 -2.255077e+00 +3.703429e-02 -2.086293e+00 +7.510805e+01 -9.938737e+02 -1.256811e+05 +1.383824e+09 -2.586519e+07 +6.090662e+10 +1.320814e+12 +3.245026e+14 +6.629003e+16 -3.200094e+20   -3.458172e-08 +1.500818e-04 -1.738188e-04 -7.087564e-02 -5.313055e-03 -1.315044e+01 +6.989770e+02 -3.278422e+05 -1.843399e+08 +8.674007e+08 -3.099319e+10 +4.792697e+12 +1.584167e+13 +1.558342e+17 +2.378473e+19   
S15-183   +6.999505e+01   +2.242486e-07 +2.744305e-05 -2.253218e+00 -7.531124e-02 -1.290525e+00 -2.738577e+02 -4.944357e+03 -1.378518e+05 +1.525799e+09 -1.343435e+09 -1.795193e+11 +1.214468e+13 +7.001864e+14 -1.035406e+16 -3.470307e+20   -1.138755e-07 +1.569924e-04 -1.586505e-03 -8.241553e-02 -3.781553e+00 +2.510416e+01 +1.369785e+04 -2.957729e+05 -8.991346e+07 +3.362596e+08 +5.779440e+10 +6.047280e+11 -1.021628e+15 +1.599226e+17 +1.152269e+18   
S15-184   +6.999535e+01   +4.265015e-08 +6.841942e-05 -2.256997e+00 -1.213398e-02 -4.996099e+00 +2.772994e+02 -1.057869e+04 -7.597108e+04 +1.333455e+09 +1.693620e+09 +1.246330e+11 -1.089226e+13 +8.089073e+14 +5.306833e+16 -3.023819e+20   +3.095043e-08 +1.639362e-04 -6.006100e-05 -5.917842e-02 -3.822522e+00 -1.761190e+01 +6.294902e+03 -3.613743e+05 -3.585167e+08 +1.909531e+09 +4.835464e+10 +8.530902e+12 -2.983947e+14 +1.007811e+17 +4.917187e+19   
S15-185   +6.999510e+01   +1.107427e-08 +9.311616e-05 -2.254402e+00 -2.612681e-03 -3.503188e+00 +1.984693e+02 -8.099048e+03 +3.748450e+04 +1.331495e+09 -4.403407e+08 -2.296845e+10 -1.337702e+13 +1.209760e+15 +3.329947e+16 -2.901049e+20   -3.769891e-08 +1.376128e-04 +5.857550e-04 -4.747245e-02 -6.504798e-01 +2.664529e+00 +4.535707e+03 -4.633541e+05 -3.380891e+08 +8.717890e+08 -1.362892e+11 +4.294286e+12 -1.162677e+15 +1.667558e+17 +4.845248e+19   
S15-186   +6.999515e+01   +1.048276e-07 +5.068268e-05 -2.253856e+00 -9.433775e-04 -2.291486e+00 +1.322139e+02 -7.396957e+03 -4.869680e+04 +1.382173e+09 -2.647455e+08 -7.804231e+10 -3.680481e+12 +4.708876e+14 +5.567990e+16 -3.171544e+20   +1.942430e-07 +1.288794e-04 +1.140381e-04 -2.615443e-02 -2.592321e+00 +2.221602e+01 +9.916643e+02 -3.281785e+05 -2.567206e+08 +6.927879e+08 +5.481513e+10 -2.377490e+12 +4.229550e+14 +1.138563e+17 +3.587831e+19   
S15-187   +6.999505e+01   -1.993938e-07 +8.181647e-05 -2.255087e+00 +3.637973e-02 -5.995857e+00 +2.662734e+02 -1.079709e+04 -1.770529e+05 +1.403464e+09 +3.924945e+08 +9.256236e+10 -6.561218e+12 +3.215693e+14 +9.808358e+16 -3.145158e+20   +3.409014e-07 +1.477353e-04 -6.793820e-04 -5.118333e-02 -6.079980e+00 +1.678783e+00 +8.071015e+03 -3.771737e+05 -1.869246e+08 -2.776196e+07 +1.713284e+11 +8.574726e+11 -3.774730e+14 +1.508311e+17 +2.536126e+19   
S15-188   +6.999465e+01   +2.055576e-07 +8.585433e-05 -2.256024e+00 -5.264062e-02 -3.012559e-01 -2.190400e+01 -2.541567e+03 -3.238620e+05 +1.364004e+09 +5.972934e+08 -3.748972e+10 -2.599172e+12 +3.746946e+14 +9.308144e+16 -3.110168e+20   -4.367985e-08 +1.489352e-04 +1.355974e-04 -8.916341e-02 +2.740665e+00 -1.413776e+01 -3.481543e+03 -1.254160e+05 -2.211555e+08 -1.830231e+08 +5.040902e+10 +7.755947e+12 -1.120638e+15 +9.459330e+16 +2.186884e+19   
S15-189   +6.999715e+01   +3.495471e-07 +6.938087e-05 -2.254536e+00 -3.152284e-02 -3.027272e+00 -5.661791e+01 -8.690771e+03 -2.063044e+05 +1.431663e+09 -2.858934e+08 +3.444346e+10 +5.390054e+12 +2.041593e+14 +6.061533e+16 -3.236632e+20   +1.166119e-07 +1.366639e-04 -2.454163e-04 -5.418782e-02 -9.368871e-01 +1.511987e+01 +2.140931e+03 -4.684274e+05 -8.529789e+07 +1.391233e+09 +9.204959e+10 +1.219087e+12 -5.066128e+14 +1.573791e+17 +3.612406e+18   
S15-190   +6.999640e+01   +6.266408e-08 +7.255785e-05 -2.253414e+00 -2.797664e-02 -3.845909e+00 -3.688478e+00 -5.875279e+03 -2.126718e+05 +1.436937e+09 +5.183795e+08 +1.305275e+11 +2.399843e+12 -7.013042e+13 +1.224888e+17 -3.245984e+20   +2.077463e-07 +1.219615e-04 -3.484108e-04 +5.039599e-02 +7.101485e-02 +3.471581e+01 -2.661264e+03 -4.090360e+05 -7.874424e+07 -7.509330e+08 +8.625396e+10 -3.128065e+12 -5.881708e+13 +1.468130e+17 +1.113455e+18   
S15-191   +6.999610e+01   -2.969350e-09 +4.958822e-05 -2.253084e+00 -1.205373e-01 -7.613333e+00 +1.250463e+02 -6.071365e+03 -5.183735e+05 +1.432167e+09 +1.999500e+07 +1.137648e+11 +5.215803e+12 +7.457375e+13 +3.391206e+16 -3.229337e+20   -4.440006e-07 +1.324809e-04 -7.953046e-04 -4.691906e-02 +7.778671e+00 +1.061455e+01 -8.136002e+03 -8.505282e+04 -6.529828e+07 +1.439236e+08 -9.601762e+10 -3.935626e+12 -6.918518e+14 +1.388182e+17 +7.432064e+18   
S15-192   +6.999515e+01   +2.205326e-07 +1.359394e-04 -2.251786e+00 +6.573625e-02 -2.760818e+00 -2.334913e+02 -6.933040e+03 -2.339395e+05 +1.386955e+09 -7.619246e+07 +5.314408e+10 +7.867419e+12 +6.849485e+14 +1.319906e+17 -3.068951e+20   -5.075507e-08 +1.462383e-04 +8.975683e-04 -2.217401e-02 +2.393677e+00 +1.342655e+01 -4.536846e+03 -3.839996e+05 -2.823320e+08 +5.665130e+08 -1.004269e+10 -6.823373e+12 -2.416273e+14 +1.148532e+17 +3.990404e+19   
S15-193   +6.999575e+01   +4.123998e-07 +4.167427e-05 -2.254668e+00 -2.318182e-02 -3.875605e+00 +4.233301e+01 -1.311428e+04 -5.350361e+04 +1.453464e+09 +1.892085e+08 +5.735807e+10 -1.628036e+12 +1.410753e+14 +1.074779e+16 -3.254356e+20   +1.060499e-07 +1.366639e-04 -1.511469e-05 -4.666973e-02 -1.156944e+00 +1.999257e+01 +5.433590e+03 -2.792928e+04 -1.185373e+08 -6.859908e+08 +8.696182e+10 +5.416179e+11 -1.451168e+15 +8.144900e+16 +9.020132e+17   
S15-194   +6.999505e+01   +1.331099e-07 +3.154682e-05 -2.252969e+00 -8.382511e-03 -3.007790e+00 +5.124197e+01 -3.216512e+03 +1.357329e+04 +1.371588e+09 +2.618457e+08 +5.846265e+10 +9.335829e+12 -2.661547e+14 +2.518430e+16 -3.105165e+20   -5.752402e-08 +1.260439e-04 +3.882097e-04 +3.883652e-03 -2.617565e+00 -1.428033e+01 +7.922673e+03 -3.921133e+05 -2.232044e+08 +2.013395e+08 -8.905570e+10 +2.854696e+12 +5.475051e+13 +1.048343e+17 +3.141772e+19   
S15-195   +6.999600e+01   +2.950267e-07 -7.773997e-06 -2.254363e+00 -7.199256e-02 -4.682220e+00 +2.094470e+01 -1.429025e+04 -2.094878e+05 +1.460569e+09 +6.552384e+08 +4.103019e+10 -2.461364e+12 +7.607636e+14 +2.193654e+16 -3.439248e+20   -2.014117e-08 +1.614081e-04 -1.813192e-03 +7.862641e-03 -2.150966e+00 -6.545243e-01 +8.441824e+03 -5.874709e+05 -2.413899e+08 -3.540204e+08 +9.116794e+10 -1.706350e+12 -9.421554e+14 +1.988545e+17 +1.538324e+19   
S15-197   +6.999570e+01   +1.722244e-07 +3.306026e-05 -2.254986e+00 -5.647983e-02 -7.391174e+00 +1.386007e+02 -1.549921e+04 +3.357008e+04 +1.459487e+09 +1.622964e+08 +2.799188e+10 -1.600383e+12 +6.934752e+14 +1.848006e+16 -3.457131e+20   -2.077822e-07 +1.014957e-04 -2.328747e-03 +2.806278e-02 +6.232106e-02 +1.785731e-01 +3.234057e+03 -3.316569e+05 -2.253467e+08 -1.482984e+09 -1.016826e+10 +6.465526e+12 -5.528091e+14 +1.083521e+17 +2.699677e+18   
S15-199   +6.999595e+01   -8.379963e-08 +6.950069e-05 -2.252915e+00 -4.195768e-02 -5.928447e+00 -7.777271e+01 -1.162326e+04 -1.211778e+05 +1.422478e+09 +1.502317e+08 -1.011454e+11 +3.497560e+12 +4.750923e+14 +6.840434e+16 -3.509594e+20   +2.341893e-07 +1.127611e-04 -1.355509e-03 -3.240375e-02 -1.648264e+00 -1.084554e+01 +1.973506e+03 -1.658812e+05 -2.934960e+08 +1.329934e+09 +7.534789e+10 -4.003722e+11 -1.108895e+15 +1.131410e+17 +8.158496e+18   
S15-206   +6.999470e+01   -2.479252e-07 +8.676214e-05 -2.253418e+00 -3.886323e-02 -2.338754e+00 -1.356608e+02 -2.262614e+03 -2.248383e+05 +1.427242e+09 -1.705405e+09 +8.693618e+10 +2.980421e+12 +6.906576e+14 +7.130723e+16 -3.409624e+20   +1.414892e-07 +1.210562e-04 -2.023943e-03 +1.194484e-02 +8.029277e-01 +3.763992e+01 -5.755832e+02 -1.353201e+05 -2.731002e+08 +2.070977e+09 -3.633152e+10 -1.120907e+13 -8.182191e+14 +1.075825e+17 +3.417506e+19   
S15-207   +6.999510e+01   +2.738295e-07 +7.289300e-05 -2.254638e+00 -7.171719e-03 -3.521295e+00 -7.100491e+01 -1.141245e+04 -6.588238e+04 +1.511364e+09 -3.139478e+08 +8.788814e+09 +1.958549e+12 +4.947643e+14 +5.565391e+16 -3.338629e+20   +3.892332e-07 +1.219310e-04 -1.094260e-03 +1.229380e-02 -4.442390e+00 +2.827674e+01 +4.209059e+03 -3.077631e+05 -1.683592e+07 -3.480997e+07 +1.131929e+11 +2.291919e+12 -5.527100e+14 +1.386233e+17 -4.678490e+18   
S15-209   +6.999635e+01   +1.152262e-07 +5.879639e-05 -2.254872e+00 -7.693743e-02 -5.218846e+00 -2.510457e+02 -1.200867e+04 -4.751488e+05 +1.442742e+09 +1.588564e+09 -2.126489e+10 +1.631805e+13 +3.817760e+14 +9.306372e+16 -3.528173e+20   +9.574852e-08 +1.214033e-04 -1.484172e-03 +5.468941e-03 -1.482419e+00 +1.890651e+01 +4.266352e+03 -1.115717e+05 -3.533636e+08 -3.132493e+09 -5.897840e+10 +1.095780e+12 -5.369039e+13 +1.284501e+17 +2.482599e+19   
S15-210   +6.999585e+01   +3.178996e-07 +8.221740e-05 -2.255361e+00 +9.019972e-04 -2.346198e+00 +3.869948e+01 -1.076337e+04 -2.549948e+05 +1.443590e+09 -2.336056e+09 -4.551424e+10 -6.155361e+12 +3.384098e+14 +6.475488e+16 -3.361249e+20   +1.103574e-07 +1.092189e-04 -1.159538e-03 +2.946130e-02 -5.116218e-02 +1.726302e+01 +3.042103e+03 -4.899792e+05 -3.213676e+08 -2.647030e+08 +5.797857e+10 +5.704878e+12 -1.004460e+15 +1.148586e+17 +2.288706e+19   
S15-212   +6.999510e+01   +4.713967e-07 +4.335672e-05 -2.254725e+00 -7.976956e-02 -3.095505e+00 +7.197667e+01 -8.441764e+03 -2.675720e+05 +1.441329e+09 +1.248291e+09 +1.172670e+11 -1.320063e+12 +5.743745e+14 +7.306514e+16 -3.348796e+20   +4.950245e-08 +1.311236e-04 -1.873957e-03 -4.774178e-02 -1.125000e+00 -8.331629e+00 +2.950552e+03 -9.895551e+04 -1.665139e+08 +6.394095e+08 -1.007936e+11 +6.545902e+12 -1.048881e+14 +1.543645e+17 +2.574512e+19   
S15-213   +6.999485e+01   +1.736385e-08 +6.783788e-05 -2.253199e+00 -7.657842e-03 -4.412185e+00 -1.079076e+02 -1.369521e+04 -1.061276e+05 +1.483033e+09 -1.899394e+08 -2.140935e+10 +1.537490e+12 +7.073805e+14 +4.687856e+16 -3.355648e+20   +7.316507e-09 +1.063446e-04 -1.058344e-03 -1.610999e-02 +4.180593e-01 +1.018943e+01 +6.579944e+02 -2.898169e+05 -5.455549e+07 -5.242123e+07 +3.515244e+10 +3.897591e+11 -3.605757e+14 +1.125717e+17 -1.040593e+18   
S15-215   +6.999485e+01   +2.557897e-07 +6.488365e-05 -2.250351e+00 -5.628711e-02 -7.062750e+00 -2.474602e+00 -1.722731e+04 -2.068691e+05 +1.458073e+09 -1.869602e+09 +1.931969e+10 -6.770250e+11 +1.085634e+15 +6.389499e+16 -3.348888e+20   +1.308708e-07 +1.427993e-04 -1.342729e-03 -2.390537e-02 -4.382362e+00 -2.192447e+01 +8.181969e+03 -3.889528e+05 -2.139663e+08 -9.965726e+07 +5.623018e+10 +2.030894e+12 -4.621747e+14 +1.658465e+17 +2.725243e+19   
S15-216   +6.999430e+01   +6.485618e-08 +6.220319e-05 -2.251022e+00 -4.709815e-02 -4.507477e+00 -3.446242e+01 -1.203042e+04 -1.311863e+05 +1.487258e+09 +1.327931e+08 +5.368797e+09 -1.437347e+12 +7.397167e+14 +5.272042e+16 -3.336913e+20   +4.830772e-08 +9.665097e-05 -1.356657e-03 +4.306796e-02 -2.105967e+00 +1.941199e+01 +5.336292e+03 -3.530873e+05 -4.255201e+07 -8.457432e+08 +1.261280e+11 -2.116242e+12 -3.824363e+14 +1.021872e+17 +1.283507e+17   
S15-218   +6.999615e+01   +2.939445e-07 +6.100566e-05 -2.253921e+00 -5.048063e-03 +1.103644e+00 +1.535824e+02 -2.826110e+03 -4.317557e+05 +1.442326e+09 +3.967831e+08 -1.927272e+10 +6.586775e+12 +5.970540e+14 +5.477413e+16 -3.349134e+20   -4.118429e-08 +1.349204e-04 -1.977057e-03 -1.170138e-02 -3.300686e+00 +3.371768e+01 +9.092367e+03 +2.346855e+04 -1.437639e+08 +2.453578e+08 +5.297684e+10 -5.429720e+12 -5.826579e+14 +1.099969e+17 -3.089594e+18   
S15-219   +6.999455e+01   +2.348236e-07 +8.417801e-05 -2.254397e+00 +8.312179e-03 -2.442109e+00 +4.362464e+01 -8.733394e+03 -1.005250e+05 +1.456735e+09 +8.220874e+08 -3.276384e+10 -2.175445e+11 +3.833183e+14 +2.742861e+16 -3.347273e+20   -2.667956e-08 +1.279259e-04 -1.799992e-03 -1.291640e-02 +7.538417e-01 +2.718162e+01 -1.052119e+03 +1.309741e+05 -2.518219e+08 +8.057382e+08 -7.695705e+10 -1.130288e+12 -6.143148e+14 +1.017032e+17 +2.317286e+19   
S15-220   +6.999455e+01   -1.052935e-08 +7.274591e-05 -2.257329e+00 -3.031547e-02 -7.103389e-01 +9.303507e+01 -1.427451e+03 -1.442201e+05 +1.489377e+09 -3.140569e+08 -1.401894e+10 +3.473848e+12 +1.036072e+14 +6.752253e+16 -3.417570e+20   +2.288518e-07 +1.036873e-04 -1.114381e-03 -1.754924e-03 -1.522256e+00 +3.141977e+01 +1.896339e+03 -2.684883e+05 -1.084962e+08 -3.442292e+07 +1.988016e+10 -2.010261e+12 -6.426035e+14 +7.781292e+16 +9.018312e+18   
S15-221   +6.999480e+01   +1.573403e-07 +3.462110e-05 -2.256963e+00 +2.139662e-02 -2.962177e+00 -1.033153e+02 -7.901396e+03 +6.126739e+04 +1.459484e+09 +5.950021e+08 +6.399881e+10 +3.002362e+12 +1.993834e+14 +4.365376e+16 -3.293170e+20   +1.040188e-07 +8.873229e-05 -5.239565e-04 +1.956811e-02 +2.203728e+00 +2.629090e+01 -5.227095e+03 -1.961090e+05 -8.069362e+07 -2.438471e+08 +3.995035e+10 -1.359237e+11 +4.397088e+13 +7.228881e+16 +7.902733e+18   
S15-222   +6.999620e+01   -5.808897e-08 +8.620448e-05 -2.254841e+00 -5.254620e-02 -2.386098e+00 +8.278252e+01 -2.268920e+03 -2.032379e+04 +1.467310e+09 -1.682884e+09 -3.831685e+10 -4.640419e+12 -1.295662e+14 +2.551107e+16 -3.343094e+20   +3.002370e-08 +1.008585e-04 -2.129950e-03 +4.020137e-02 +2.070494e+00 +1.605597e+00 -7.305627e+02 -5.874503e+05 -2.631299e+08 -1.844433e+09 +1.240959e+11 +5.552701e+12 -3.364641e+14 +1.376082e+17 +2.245033e+19   
S15-223   +6.999495e+01   +4.292681e-07 +6.671421e-05 -2.255797e+00 -5.748880e-02 -1.901574e+00 +4.593593e+01 -9.006654e+03 -1.482061e+05 +1.442854e+09 -2.643088e+08 +1.871749e+09 +2.658869e+12 +8.310777e+14 +8.356483e+16 -3.329917e+20   -5.773607e-08 +1.359784e-04 -1.792389e-03 -3.473488e-02 +6.185962e-01 +5.182188e+00 +1.724073e+03 -3.005603e+05 -1.832072e+08 -4.996683e+08 -4.755555e+10 +1.031332e+12 -8.663745e+13 +1.539105e+17 +2.567332e+19   
S15-227   +6.999475e+01   +1.515849e-07 +6.300004e-05 -2.256188e+00 -2.289995e-02 -4.010588e+00 -3.525314e+01 -7.796670e+03 +7.014892e+04 +1.441352e+09 -9.822698e+08 +9.884989e+10 -4.168363e+12 +1.845336e+14 +6.232835e+15 -3.356465e+20   +2.036574e-07 +1.405174e-04 -2.137593e-03 -2.199616e-02 -1.812483e+00 +4.508358e+00 +2.594877e+03 -5.315399e+05 -2.142494e+08 -6.080765e+08 +5.571056e+10 -3.489986e+12 -4.923421e+14 +1.630138e+17 +2.508172e+19   
S15-228   +6.999540e+01   -1.279947e-08 +5.284039e-05 -2.253364e+00 -8.607969e-02 -7.251771e+00 -3.623407e+01 -1.357911e+04 -1.867476e+05 +1.469511e+09 +3.144834e+08 +2.213441e+10 +4.908153e+12 +6.316824e+14 +2.231941e+16 -3.360924e+20   +1.660361e-08 +1.386103e-04 -1.622785e-03 -5.375559e-02 +2.905795e-01 -8.918146e+00 +1.610962e+03 -2.146804e+05 -1.843723e+08 +6.092367e+07 +8.473283e+10 +5.662671e+12 -2.274031e+14 +8.262437e+16 +1.680252e+19   
S15-229   +6.999550e+01   +5.663265e-08 +6.156564e-05 -2.255142e+00 -3.832602e-02 -4.583465e+00 -3.475313e+01 -7.913663e+03 -2.682698e+05 +1.464618e+09 +3.236858e+08 +1.248257e+11 +3.522324e+12 +2.322828e+14 +4.603587e+16 -3.319419e+20   +1.484434e-07 +1.072598e-04 -1.148967e-03 +2.609592e-02 +1.460997e-01 +2.898002e+01 -9.177339e+02 -4.653059e+05 -1.022868e+08 -2.596400e+08 +9.033236e+10 -1.595851e+11 -7.093610e+14 +1.426087e+17 +4.663860e+18   
S15-230   +6.999540e+01   +1.442618e-07 +5.743145e-05 -2.254571e+00 -4.321618e-02 -6.583695e-01 +1.984740e+01 -5.002136e+03 -1.835539e+05 +1.476473e+09 -1.924641e+08 +2.554964e+10 -1.753354e+11 +6.518994e+13 +6.073023e+16 -3.305126e+20   +2.263700e-07 +1.186351e-04 -5.426265e-04 -3.566309e-03 +9.538380e-02 +3.305603e+01 -2.076245e+03 -2.006962e+05 -9.728745e+07 -7.329156e+07 +1.102967e+09 -3.817847e+12 -1.340077e+14 +1.080694e+17 +6.708295e+18   
S15-231   +6.999435e+01   +1.424277e-07 +4.144170e-05 -2.255785e+00 +4.497654e-03 -4.381442e+00 +1.870891e+01 -1.087732e+04 -3.232642e+05 +1.430991e+09 -3.644633e+08 -9.208055e+10 -6.924093e+12 +1.835897e+14 +8.363274e+16 -3.464315e+20   -2.409086e-08 +1.525952e-04 -1.230830e-03 -2.269815e-02 +7.700596e-01 +4.236189e+01 -8.454748e+02 -3.216514e+05 -3.439165e+08 +1.535072e+09 +5.279898e+10 -1.794782e+12 -8.079116e+14 +1.314959e+17 +3.887558e+19   
S15-232   +6.999575e+01   +1.636531e-07 +4.877112e-05 -2.254660e+00 -6.825954e-02 +1.886889e-01 -7.248010e+01 -1.627692e+03 +9.055714e+04 +1.442932e+09 -9.367596e+08 -9.028257e+10 -1.776962e+12 -5.239938e+13 +2.865093e+15 -3.240674e+20   +6.019821e-08 +1.221074e-04 -5.335465e-04 +1.028705e-02 -1.143477e+00 +2.031952e+01 +2.060771e+03 -4.962740e+05 -1.580903e+08 -6.470097e+07 +2.141071e+10 -3.555606e+11 +1.694746e+14 +1.719770e+17 +1.405222e+19   
S15-234   +6.999505e+01   +3.102854e-07 +6.870254e-05 -2.254824e+00 -1.373365e-02 -2.111982e+00 +1.833981e+02 -8.916336e+03 -1.109208e+05 +1.391296e+09 -7.374160e+08 -6.431658e+10 -7.909025e+12 +3.561246e+14 +3.055710e+16 -3.403892e+20   +1.886275e-07 +1.192740e-04 -2.139243e-03 +2.970360e-02 -1.371465e+00 +1.943529e+01 +3.624305e+03 -5.692254e+05 -2.677897e+08 -2.134087e+08 +1.258594e+10 +1.698060e+12 -4.520977e+14 +1.772201e+17 +3.664012e+19   
S15-236   +6.999520e+01   +2.933760e-07 +5.161721e-05 -2.257143e+00 -4.288018e-02 -3.617294e+00 -1.040377e+01 -1.073184e+04 -3.244395e+05 +1.347793e+09 +1.296654e+09 -6.572581e+09 +1.180449e+13 +5.846431e+14 +1.101780e+17 -3.078025e+20   -1.091115e-07 +1.369212e-04 -8.758398e-04 -2.507345e-02 -1.040439e+00 +9.030874e+00 +1.295003e+03 -3.347425e+05 -3.000719e+08 -9.444629e+08 +1.843808e+11 -3.944183e+12 +5.483313e+13 +7.816162e+16 +3.548788e+19   
S15-237   +6.999470e+01   +1.848923e-07 +6.594792e-05 -2.255232e+00 +2.414343e-02 -9.312774e-01 +1.149167e+02 -3.903690e+03 -2.020336e+05 +1.508343e+09 +3.826577e+08 -2.492473e+09 +2.612628e+12 +4.635751e+14 +7.382493e+16 -3.402600e+20   -9.083691e-08 +1.288880e-04 -9.014620e-04 -4.979210e-02 -2.663129e+00 -3.621620e+00 +8.338841e+03 -2.591715e+05 -1.306172e+08 -1.374973e+08 +2.844590e+10 +2.115847e+12 -3.515645e+14 +1.691391e+17 +8.856353e+18   
S15-238   +6.999585e+01   +3.375934e-08 +6.166896e-05 -2.255582e+00 -5.133802e-02 -3.014806e+00 -3.232652e+01 -4.803823e+03 -2.411293e+05 +1.491247e+09 +3.446353e+08 +2.070283e+09 +4.723550e+12 +3.556995e+13 +7.619213e+16 -3.347510e+20   -1.487692e-08 +1.427793e-04 -1.025725e-03 -3.129568e-02 -2.088924e+00 +9.760397e+00 +5.274841e+03 -3.980933e+05 -1.308845e+08 +5.016227e+08 +9.429072e+10 +3.603758e+12 +8.912143e+13 +1.516811e+17 +4.183082e+18   
S15-239   +6.999505e+01   +1.903576e-07 +9.446994e-05 -2.253432e+00 -2.787419e-02 -2.785840e+00 -4.029636e+01 -7.471005e+03 -2.758446e+05 +1.481968e+09 -1.577750e+08 -5.042658e+10 +2.595941e+11 +2.825145e+14 +1.136358e+17 -3.367954e+20   +1.264871e-07 +1.041261e-04 -9.468830e-04 +1.488315e-02 +2.154071e+00 +1.336133e+01 -3.943060e+03 -2.059200e+05 -1.837001e+08 -3.027163e+08 +9.460639e+10 -5.497442e+11 -2.730540e+14 +6.011084e+16 +1.352212e+19   
S15-240   +6.999540e+01   +2.122442e-07 +1.052381e-04 -2.257848e+00 -5.846000e-03 -1.613715e+00 -8.509156e+01 -6.939710e+03 -2.127063e+05 +1.340142e+09 +3.778187e+08 -1.132969e+11 +3.754567e+12 +6.116706e+14 +7.569725e+16 -3.016864e+20   +2.840392e-08 +1.178849e-04 -1.486311e-05 +1.839644e-02 -2.710714e-01 +7.454320e+00 +2.273715e+03 -2.262286e+05 -3.137338e+08 -2.610174e+08 +6.406444e+10 -1.655856e+12 -6.489465e+14 +7.606576e+16 +3.869450e+19   
S15-242   +6.999570e+01   +2.230760e-07 +4.272317e-05 -2.256703e+00 -8.034885e-02 -1.555574e+00 +1.811833e+02 -6.414843e+03 -8.609490e+04 +1.459918e+09 +1.111809e+08 -3.061492e+10 -4.160697e+12 +3.545414e+14 +3.961156e+16 -3.311191e+20   +1.390656e-08 +1.221965e-04 -3.365437e-04 -1.072009e-02 -5.398807e-01 +4.060104e+01 +2.277857e+03 -3.868270e+05 -8.985409e+07 +5.050887e+08 +2.989565e+10 -2.213727e+12 -3.800679e+14 +1.108826e+17 -7.435951e+17   
S15-244   +6.999545e+01   +1.486212e-07 +6.600159e-05 -2.255401e+00 -7.045245e-02 -3.291247e+00 +1.307686e+02 -1.081330e+04 -3.084473e+05 +1.449341e+09 -1.499902e+09 -4.553156e+10 -4.570061e+12 +1.521285e+15 +1.411119e+17 -3.238425e+20   +4.582796e-08 +1.173953e-04 -5.714021e-04 +2.693258e-03 +2.177364e+00 -5.947768e+00 -6.209215e+03 -4.570061e+05 -1.940996e+08 +8.068914e+08 +1.205408e+11 +7.514614e+12 +4.052883e+14 +1.171953e+17 +1.292367e+19   
S15-245   +6.999520e+01   +8.274987e-09 +5.372747e-05 -2.258279e+00 -5.134531e-02 -4.168883e+00 +4.118384e+01 -8.660660e+03 -1.266224e+05 +1.461892e+09 +5.075282e+07 -1.540637e+10 -1.163000e+12 +7.220725e+14 +4.492592e+16 -3.271446e+20   -1.558841e-07 +1.091741e-04 -1.118211e-03 +3.889388e-02 +1.767073e+00 -7.077792e+00 -3.241371e+02 -3.809826e+05 -1.301227e+08 -2.210526e+08 -8.138087e+10 +6.239122e+12 -3.430824e+14 +1.129314e+17 +9.188196e+18   
S15-246   +6.999455e+01   +2.715251e-07 +6.277160e-05 -2.258206e+00 -2.065868e-02 -3.562027e+00 +9.097958e+01 -1.072509e+04 -1.059799e+05 +1.498231e+09 +2.559284e+07 -8.270250e+09 -3.400443e+11 +6.943882e+14 +5.343969e+16 -3.349529e+20   -2.037749e-07 +9.394963e-05 -1.131838e-03 +7.424287e-02 +1.759708e+00 +1.519518e+01 +1.380948e+03 -4.170996e+05 -2.263562e+07 -8.403610e+08 -1.042300e+10 -2.223403e+11 -7.191371e+14 +1.131304e+17 -4.860813e+18   
S15-248   +6.999545e+01   +6.490113e-08 +9.368113e-05 -2.260023e+00 +6.697655e-02 -1.524981e+00 -7.732170e+01 -3.699426e+03 -2.748420e+05 +1.329057e+09 -4.662730e+08 -5.783360e+10 +7.852095e+12 +5.468133e+14 +1.012638e+17 -2.980469e+20   -1.188435e-07 +1.330043e-04 -3.521022e-04 -3.250690e-02 +2.319818e+00 -4.920001e+01 -3.923066e+03 -3.815519e+05 -3.331204e+08 +4.941800e+08 -1.895312e+10 +1.367486e+13 -3.692057e+14 +5.307935e+16 +4.048933e+19   
S15-249   +6.999500e+01   +9.261976e-08 +7.479891e-05 -2.256363e+00 +3.495858e-03 -3.366772e+00 -8.452988e+01 -6.752487e+03 -1.367565e+05 +1.508078e+09 -9.619419e+08 +8.636937e+10 +3.726480e+12 +1.902593e+14 +7.973201e+16 -3.544770e+20   +2.110452e-07 +1.314850e-04 -7.854621e-04 +2.342033e-02 -3.750882e+00 +5.731595e+00 +6.256014e+03 -4.474348e+05 -1.720027e+08 -6.428689e+08 +1.057335e+11 +9.768076e+11 -1.048775e+15 +1.511781e+17 +4.839997e+18   
S15-251   +6.999525e+01   +2.038103e-07 +5.178044e-05 -2.256907e+00 -7.368344e-02 -1.017028e+00 +8.886590e+01 -5.099306e+03 -2.818490e+05 +1.438983e+09 +1.092789e+09 +1.529381e+10 +4.931822e+12 -2.737716e+13 +9.933554e+16 -3.282973e+20   +7.651781e-08 +1.255695e-04 -1.325288e-03 -2.851632e-02 -1.403108e+00 +1.342668e+01 +4.845995e+03 -2.952492e+05 -2.396551e+08 +1.638613e+09 -1.956493e+10 -4.817128e+12 -7.258087e+14 +1.642116e+17 +1.992632e+19   
S15-253   +6.999525e+01   +2.875291e-08 +6.068256e-05 -2.256889e+00 -9.885754e-02 -2.555542e+00 +3.000326e+01 -7.471600e+03 -2.008381e+05 +1.462144e+09 -4.429132e+08 -9.734241e+08 -3.057705e+12 +4.148253e+14 +3.692318e+15 -3.379871e+20   +1.418464e-08 +1.244334e-04 -1.216935e-03 -8.143244e-02 +4.158676e+00 +1.439596e+01 -3.401264e+03 -8.813435e+04 -1.466127e+08 +1.133075e+09 +4.598899e+10 -1.575911e+12 -7.823452e+14 +8.948386e+16 +1.115330e+19   
S15-256   +6.999565e+01   +4.704578e-08 +4.832036e-05 -2.261412e+00 -1.196866e-02 -3.109690e+00 +2.546881e+01 -7.819493e+03 -7.642972e+04 +1.340133e+09 +1.013311e+09 +6.565378e+10 -7.454450e+12 +1.179425e+15 +6.798197e+16 -3.032424e+20   -2.100999e-07 +1.333533e-04 -4.315678e-04 -6.628932e-03 +1.059443e-01 +8.018061e+00 -3.436422e+02 -3.805838e+05 -3.516467e+08 +2.054521e+08 -2.421358e+10 -1.581854e+12 +1.202242e+14 +8.787843e+16 +4.740659e+19   
S15-257   +6.999515e+01   +1.867351e-07 +7.640405e-05 -2.256518e+00 -5.169095e-02 -5.804324e+00 -2.383879e+02 -1.479087e+04 +2.376513e+04 +1.461041e+09 +6.941748e+07 +2.772136e+10 +7.487179e+12 +5.926385e+14 +5.432902e+16 -3.253353e+20   +2.027911e-07 +1.068259e-04 -1.437692e-03 +2.860941e-02 +2.136274e+00 -1.363786e+01 -4.410298e+03 -2.553916e+05 -2.015320e+08 +1.212929e+08 +8.825506e+10 -5.840685e+11 -4.516889e+14 +1.120327e+17 +1.934150e+19   
S15-258   +6.999495e+01   -6.600680e-08 +5.941149e-05 -2.256371e+00 -2.019589e-02 -6.033287e+00 +1.403357e+02 -2.700709e+03 -6.806612e+04 +1.443460e+09 -3.633818e+08 +2.433963e+11 +8.567048e+11 -2.366879e+14 +4.505565e+16 -3.319455e+20   -2.058657e-07 +1.289687e-04 -8.724812e-04 -7.197531e-02 +4.278780e+00 -8.403001e+00 -6.365098e+03 +1.702269e+05 -9.902162e+07 -5.125695e+08 -1.165774e+10 +6.371363e+12 +2.096207e+12 +7.300145e+16 +1.786736e+18   
S15-261   +6.999475e+01   +1.492276e-07 +4.273119e-05 -2.258066e+00 -8.236105e-02 -2.045183e+00 +1.614321e+01 -3.157447e+03 -4.642900e+05 +1.456206e+09 -1.783788e+08 -2.001909e+10 +3.869597e+12 +2.008078e+14 +7.079280e+16 -3.269062e+20   -2.551464e-07 +1.631372e-04 +5.657366e-05 -6.826542e-02 +5.950042e+00 -1.341866e+01 -1.017318e+04 -5.685082e+05 -9.605030e+07 +5.981986e+08 -4.121782e+08 +4.586877e+12 +1.797422e+14 +1.504267e+17 +5.614710e+18   
S15-263   +6.999520e+01   +1.789637e-07 +4.704673e-05 -2.258592e+00 -4.958679e-02 -1.673746e+00 +2.886799e+02 -4.009899e+03 -8.802806e+04 +1.466369e+09 +1.006594e+09 -6.067782e+10 -2.748931e+12 +3.672533e+14 +1.009081e+16 -3.292296e+20   -3.381983e-09 +1.179565e-04 +1.892923e-04 +2.583704e-02 +6.745640e-01 +1.284528e-01 +6.582744e+01 -5.248391e+05 -8.695689e+07 -5.047470e+08 +8.067770e+10 +4.091171e+12 -8.752093e+14 +7.737746e+16 +5.307194e+18   
S15-267   +6.999625e+01   +1.356900e-07 +7.489751e-05 -2.257525e+00 +1.134105e-02 -3.950416e+00 +2.248276e+01 -9.488673e+03 +3.454767e+04 +1.462967e+09 -6.569896e+08 +1.638962e+10 -3.199861e+12 +6.748966e+14 +2.618937e+16 -3.308960e+20   +7.516878e-08 +1.273084e-04 -5.735032e-04 -7.049636e-02 -1.407800e+00 +4.956147e+00 +4.092389e+03 +3.647267e+04 -1.405424e+08 +7.380548e+08 +7.406300e+10 +2.287861e+12 -3.983968e+14 +1.092565e+17 +1.019405e+19   
S15-271   +6.999615e+01   +4.450110e-08 +6.108862e-05 -2.257996e+00 -1.791197e-02 -2.267286e+00 +1.946247e+01 -4.032740e+03 -1.530824e+05 +1.421083e+09 -1.886482e+08 -3.584957e+09 -1.785164e+12 +2.151954e+14 +2.828796e+16 -3.331149e+20   -7.570778e-08 +1.143976e-04 -2.317063e-03 -8.803416e-03 +4.304344e+00 -2.027596e+00 -5.123548e+03 -2.732392e+05 -2.104021e+08 +4.401938e+08 -9.575595e+10 +5.566685e+12 -4.752724e+14 +1.471329e+17 +2.917949e+18   
S15-272   +6.999445e+01   +3.466851e-07 +5.962987e-05 -2.258778e+00 -1.651022e-02 -3.424084e+00 +4.930821e+01 -1.308766e+04 -2.965931e+05 +1.465486e+09 -2.656673e+08 -5.236242e+10 +1.817808e+12 +9.048940e+14 +6.179573e+16 -3.343222e+20   -9.285200e-09 +1.213563e-04 -1.198591e-03 -4.091986e-02 -1.998371e+00 +1.818604e+01 +6.784972e+03 -2.088138e+05 -2.025253e+08 +5.950468e+08 +3.223343e+10 +5.027674e+12 -5.777491e+14 +1.476646e+17 +1.736863e+19   
S15-274   +6.999500e+01   +2.554552e-07 +7.541672e-05 -2.256075e+00 +1.210871e-02 -4.479031e+00 -1.664579e+02 -1.496687e+04 -1.439721e+05 +1.424119e+09 -4.204512e+08 -2.302544e+10 +2.042849e+12 +5.448592e+14 +5.238813e+16 -3.237897e+20   -1.684653e-08 +1.089762e-04 -8.778981e-04 +1.678634e-02 +4.123205e+00 +5.058420e+01 -4.773414e+03 -3.495265e+05 -1.864336e+08 -1.383554e+09 +1.653474e+10 -8.898040e+11 -2.837280e+14 +1.371850e+17 +8.650806e+18   
S15-275   +6.999700e+01   +5.470976e-07 +6.819562e-05 -2.258627e+00 -4.297597e-02 -8.949901e-01 -1.793117e+02 -1.029218e+04 +2.980339e+04 +1.426576e+09 -3.521671e+08 -1.354934e+11 +3.333694e+12 +7.993003e+14 +3.483371e+16 -3.371526e+20   +1.083772e-07 +1.011194e-04 -2.388137e-03 -1.657880e-02 -9.255657e-01 +9.795986e+00 +1.831943e+03 -4.834923e+04 -2.465846e+08 -1.859687e+07 +7.409486e+10 -4.062118e+12 -6.987131e+14 +5.129366e+16 +3.684001e+19   
S15-276   +6.999530e+01   +3.228893e-08 +2.426360e-05 -2.259307e+00 -8.998677e-02 -4.932870e+00 +1.166537e+02 -8.226414e+03 -2.475956e+05 +1.438482e+09 +7.449213e+08 -1.921642e+10 +6.559878e+12 +3.328133e+14 +6.322810e+16 -3.296193e+20   -4.273697e-08 +9.497053e-05 -1.832989e-03 -2.755179e-02 +2.007725e-01 +3.236036e-01 +2.474535e+03 -3.565884e+05 -1.513210e+08 +1.617631e+08 +8.812650e+10 -4.926244e+12 -7.627349e+14 +1.810500e+17 +1.453308e+19   
S15-277   +6.999510e+01   +2.187342e-07 +4.710153e-05 -2.261297e+00 +2.265253e-02 -2.659532e-01 -5.971111e+01 -3.180218e+03 -9.538026e+03 +1.383967e+09 -3.051561e+08 -9.338011e+10 -1.701861e+11 +1.459705e+14 +4.854816e+16 -3.245586e+20   -6.283234e-08 +1.105243e-04 -5.639359e-04 -4.012132e-02 -2.407913e+00 +3.082520e+00 +5.706168e+03 -3.726685e+05 -1.972862e+08 -1.275108e+08 +8.680083e+10 +5.041244e+12 -1.771360e+14 +1.420199e+17 +2.621468e+19   
S15-278   +6.999500e+01   +1.123519e-08 +6.625912e-05 -2.258586e+00 -3.250915e-02 -4.790471e+00 +9.394365e+01 -8.581880e+03 -2.841144e+05 +1.484487e+09 -4.598501e+08 +9.234837e+10 -1.205709e+11 +3.888506e+14 +6.423547e+16 -3.433921e+20   +3.632281e-08 +9.000469e-05 -9.557216e-04 +1.429926e-02 +1.358798e+00 +1.353347e+01 -1.343266e+03 -2.733828e+05 -1.036083e+08 -4.055694e+07 +5.893240e+10 -5.181804e+12 -5.432851e+14 +1.063827e+17 +3.165129e+18   
S15-281   +6.999600e+01   +2.027549e-07 +2.470963e-05 -2.257593e+00 -6.928393e-02 +1.913788e+00 -8.626654e+00 +6.193780e-01 -3.004197e+04 +1.432602e+09 +1.610382e+09 -1.524799e+11 -1.278862e+12 +7.342792e+14 +2.103209e+16 -3.295645e+20   -1.081644e-07 +1.347412e-04 -1.337740e-03 -5.817094e-02 +3.203299e-01 +2.551231e+00 -3.631286e+02 -9.554265e+04 -1.644117e+08 +6.466951e+08 +2.790592e+10 -7.942965e+11 -1.063427e+13 +9.773791e+16 -4.100656e+18   
