# multipoles are divided by excitation current and units are [T], [m] and [A]
# harmonics (dipole n=0): 00 01 02 03 04 05 06 07 08 09 10 11 12 13 14 
# MAG_LABEL   CURRENT[A]   <NORMAL_MULTIPOLES/CURRENT>[T/m^(n-1)/A]   <SKEW_MULTIPOLES/CURRENT>[T/m^(n-1)/A]
S15-004   +1.099959e+02   +4.274631e-07 +7.848876e-05 -2.246831e+00 -2.379549e-02 -5.300577e-01 -1.220173e+02 -7.042391e+03 +9.817139e+04 +1.250286e+09 +9.909015e+08 -3.135323e+10 +1.256315e+13 +3.484451e+14 -2.642991e+16 -2.927121e+20   -4.755689e-08 +1.402717e-04 +6.569807e-04 -2.614320e-02 -1.907007e+00 +4.259007e+01 +5.855165e+03 -5.697095e+05 -4.297604e+08 +1.673759e+09 +5.198817e+10 -6.086200e+12 -6.593492e+14 +1.952265e+17 +6.882290e+19   
S15-006   +1.099959e+02   +1.417982e-07 +8.480197e-05 -2.249963e+00 -2.699635e-02 -7.605047e+00 +4.172131e+01 -1.980578e+04 -1.509199e+05 +1.263713e+09 -1.378434e+08 +6.091863e+10 +3.128956e+12 +1.883998e+15 +6.713263e+16 -2.948616e+20   -2.454220e-08 +1.021523e-04 +1.608645e-03 -5.228712e-02 +1.460366e-01 +7.504501e+00 -1.617213e+03 -8.458253e+04 -4.020716e+08 +2.824543e+09 -7.406386e+08 -5.970488e+12 -1.502570e+14 +3.636180e+16 +6.922587e+19   
S15-008   +1.099967e+02   -5.492283e-08 +4.838833e-05 -2.247909e+00 -1.474320e-02 -7.534438e+00 +5.666865e+01 -1.829846e+04 +2.063809e+05 +1.307719e+09 -3.437327e+08 -7.096148e+08 -1.923822e+12 +1.031165e+15 +6.912155e+15 -3.182115e+20   +2.124382e-07 +1.077290e-04 +4.666225e-04 -9.863050e-03 -8.026662e+00 +1.390984e+01 +1.282220e+04 -3.186308e+05 -1.746368e+08 -1.800468e+09 +1.682968e+11 -1.003137e+12 -5.337156e+14 +1.206563e+17 +1.925299e+19   
S15-009   +1.099962e+02   +1.650375e-07 +9.277511e-05 -2.249557e+00 -9.266920e-03 -6.884632e+00 -4.272189e+01 -1.573989e+04 -9.409934e+04 +1.303781e+09 +8.035859e+08 +1.170482e+10 +9.024218e+11 +8.019928e+14 +7.143762e+16 -3.169614e+20   +1.448147e-08 +9.952326e-05 -6.863867e-04 -1.422510e-02 +2.474306e+00 +3.560331e+01 -7.529480e+03 -3.077150e+05 -1.886770e+08 +5.831338e+08 +8.322464e+10 -4.048605e+12 +3.177709e+14 +3.681406e+16 +2.469813e+19   
S15-010   +1.099961e+02   +4.243610e-07 +1.049597e-04 -2.250194e+00 -1.555498e-02 -3.943382e-03 +6.994813e+01 -2.787645e+03 -1.879548e+05 +1.362567e+09 +2.137701e+08 +3.060857e+10 +7.308615e+12 +1.855901e+14 +1.049128e+17 -3.297668e+20   -1.169100e-07 +8.115674e-05 -2.579079e-04 +1.203796e-02 +5.915191e+00 -1.120153e+01 -9.612795e+03 +7.746819e+04 -1.064670e+08 -2.003882e+09 -9.626605e+10 +1.254516e+12 +5.823553e+13 +2.915352e+16 +6.885932e+18   
S15-014   +1.099963e+02   +1.446560e-07 +8.221980e-05 -2.244888e+00 -3.156166e-02 -1.462860e+01 -9.916706e+01 -3.795174e+04 -6.231099e+05 +1.371400e+09 -2.819068e+07 +1.615490e+10 +2.450608e+13 +4.119746e+15 +2.410164e+17 -3.227136e+20   -4.925928e-08 +1.315418e-04 -7.630948e-05 -3.339593e-02 -3.082297e-02 -7.023445e+01 -2.179481e+03 -7.116894e+05 -1.975969e+08 +1.539095e+09 +1.317425e+11 +4.135812e+13 +2.868180e+14 +7.026906e+15 +7.473371e+18   
S15-016   +1.099964e+02   -1.557196e-07 +7.106970e-05 -2.246032e+00 -7.604651e-02 -7.438433e+00 -6.161043e+01 -1.339664e+04 -2.468384e+05 +1.479998e+09 +9.154309e+08 +5.292344e+10 +2.309872e+12 +4.191875e+14 +6.512798e+16 -3.317789e+20   +3.327874e-08 +1.141286e-04 -9.512366e-04 -2.122823e-02 -4.888695e-01 +3.102602e+01 +4.426164e+03 -6.210078e+04 -3.644000e+07 -1.227202e+09 +5.574928e+10 +9.667953e+11 -7.748758e+14 +9.768129e+16 -6.657050e+17   
S15-017   +1.099960e+02   +1.388984e-07 +9.844340e-05 -2.246704e+00 -6.487605e-02 -2.743653e+00 -1.123322e+02 -4.938405e+03 -3.832647e+04 +1.479987e+09 +1.234902e+08 -3.725033e+08 +1.526301e+12 +1.452067e+14 +9.474554e+16 -3.340520e+20   +3.219777e-08 +1.314928e-04 -1.695742e-03 -3.699005e-02 +1.578176e+00 +3.299709e+01 -2.420206e+03 +2.891554e+03 -8.258007e+07 -8.764887e+08 +1.165462e+10 +1.423545e+12 -1.348113e+14 +6.144780e+16 -1.039878e+19   
S15-018   +1.099956e+02   +2.783053e-07 +1.108209e-04 -2.248416e+00 -4.452456e-03 +3.813551e-01 +6.505179e+01 -2.872675e+03 -8.395610e+04 +1.337800e+09 +5.603882e+08 -2.499906e+10 +3.945410e+12 +8.253766e+14 +1.490417e+17 -3.042730e+20   -2.472486e-07 +1.464961e-04 +7.489032e-04 -7.890239e-02 +1.466647e+00 -5.615450e+00 +1.722015e+02 +9.308827e+04 -2.833741e+08 -1.023200e+09 +4.622222e+10 +5.769078e+12 -5.632473e+14 +5.564333e+16 +3.943293e+19   
S15-021   +1.099962e+02   +1.042516e-07 +1.041779e-04 -2.247596e+00 -5.248790e-02 -4.750943e+00 +3.311324e+02 -1.130275e+04 -2.344105e+05 +1.500797e+09 +6.563914e+08 -4.634736e+09 -3.450152e+12 +8.034680e+14 +1.098670e+17 -3.342980e+20   -1.519425e-07 +1.008711e-04 -5.614795e-04 -7.832611e-03 +2.650097e+00 -6.141941e-01 -1.762341e+03 -2.027675e+05 -4.302088e+07 -1.386189e+08 +1.197481e+10 -2.170535e+11 -3.052160e+14 +1.124402e+17 -2.643078e+18   
S15-026   +1.099961e+02   +6.490262e-08 +1.397677e-04 -2.247965e+00 -2.181214e-02 -3.272815e+00 -7.244340e+01 -6.376968e+03 -3.014291e+05 +1.375563e+09 +1.424219e+08 +7.317454e+10 +5.625334e+12 +2.627257e+14 +1.340667e+17 -3.149343e+20   -1.641132e-07 +1.409336e-04 -1.199152e-03 -3.638840e-02 +1.136073e+00 +9.667261e+00 -6.728149e+02 -3.346366e+05 -2.622782e+08 +9.759701e+08 -6.221141e+10 -4.908822e+11 -2.186616e+14 +9.014527e+16 +4.056194e+19   
S15-027   +1.099954e+02   +7.226383e-08 +1.177001e-04 -2.246979e+00 -8.277467e-02 +7.751921e-01 -6.248074e+01 -1.311738e+03 -4.307101e+05 +1.532723e+09 +4.998691e+08 +4.465648e+10 -1.628029e+12 +7.447722e+14 +8.604390e+16 -3.443891e+20   +4.054089e-08 +1.500620e-04 -1.627953e-03 -8.077915e-02 +3.316701e+00 +2.890398e+01 -3.160619e+03 +3.606667e+04 -1.355005e+08 +4.120281e+08 +3.862307e+10 +1.303268e+11 +2.453994e+12 +9.305916e+16 -9.918715e+18   
S15-029   +1.099960e+02   +1.700308e-07 +2.114538e-05 -2.253113e+00 -7.207584e-02 -2.827314e+00 +7.865251e+01 -7.410969e+03 -3.067590e+05 +1.493295e+09 +6.960589e+08 -1.977498e+08 -4.265063e+12 +2.159564e+14 +2.959519e+16 -3.375685e+20   -2.998038e-07 +8.747485e-05 -2.094728e-04 -4.644199e-03 +1.118556e+00 +2.566880e+01 +1.986931e+03 -3.530258e+05 -1.629171e+08 -6.627754e+08 -5.532439e+09 -4.542215e+12 -1.417254e+14 +8.757312e+16 +3.637519e+18   
S15-030   +1.099957e+02   +7.909701e-08 +8.405450e-05 -2.246627e+00 -7.283568e-02 -7.258742e+00 -7.432038e+01 -1.521367e+04 -1.920515e+05 +1.383717e+09 +1.272972e+09 -7.717871e+10 -1.868769e+12 +6.966962e+14 +1.026474e+17 -3.135434e+20   +1.480789e-07 +1.296345e-04 +1.269132e-03 -4.832016e-02 -5.733160e+00 +2.282047e+01 +1.190363e+04 -9.312246e+04 -2.723460e+08 +1.331530e+09 +1.095768e+11 -2.416686e+12 -2.701207e+14 +9.877659e+16 +4.278578e+19   
S15-031   +1.099954e+02   -4.663479e-09 +5.006389e-05 -2.253589e+00 -1.762150e-02 -1.873733e+00 -8.785006e+01 -5.396093e+03 -1.609772e+05 +1.469359e+09 +4.921220e+08 +6.122103e+10 +3.698506e+12 +6.609010e+14 +4.967469e+16 -3.408972e+20   +9.943516e-08 +7.708346e-05 -4.815145e-04 -1.753826e-03 -1.826231e+00 +1.212718e+01 +3.434077e+03 -2.144883e+05 -1.272535e+08 +2.723592e+08 +1.355096e+11 -3.045205e+12 -9.528598e+14 +1.206906e+17 +3.744084e+18   
S15-032   +1.099955e+02   -3.326045e-08 +1.126172e-05 -2.253739e+00 -2.175674e-02 -2.419552e+00 +8.559751e+01 -4.550729e+03 +8.036766e+03 +1.472277e+09 -6.255137e+07 +1.731429e+09 -6.243345e+12 +6.104912e+14 +4.520568e+16 -3.422601e+20   -1.689153e-07 +9.805465e-05 -1.372599e-03 +1.563426e-03 +2.985212e+00 +2.489706e+01 -2.457655e+03 -4.081357e+05 -1.037502e+08 +7.894178e+08 -1.624279e+10 -2.349473e+12 -2.121677e+14 +1.499960e+17 +4.154770e+16   
S15-033   +1.099958e+02   +4.230810e-07 +4.035863e-05 -2.252026e+00 -7.790297e-02 -1.681637e+00 +5.910145e+01 -9.565420e+03 -1.912646e+05 +1.487120e+09 +4.616007e+07 -3.111229e+09 +8.950970e+12 +4.260652e+14 +4.883571e+16 -3.400047e+20   -1.551461e-07 +7.560643e-05 -1.386110e-03 -1.893456e-02 +2.249430e+00 +5.097055e+00 -3.202250e+02 -9.368985e+04 -2.063491e+08 +1.001743e+09 -8.694987e+10 -2.310999e+11 -4.449513e+14 +1.011838e+17 +2.052317e+19   
S15-034   +1.099960e+02   +3.336393e-08 +9.176279e-05 -2.242127e+00 -2.710851e-02 -5.521990e+00 -3.476293e+01 -9.711653e+03 -1.676233e+05 +1.384595e+09 -2.561225e+08 -3.092590e+10 +9.538547e+12 +5.849462e+14 +1.141999e+17 -3.153101e+20   +6.971910e-08 +1.237029e-04 +1.072313e-03 -7.815202e-03 -1.121483e-01 +2.534366e+01 -2.581423e+03 -4.245923e+05 -2.219068e+08 +1.011445e+09 +1.183993e+11 -5.066774e+12 -1.011274e+14 +1.054040e+17 +2.753970e+19   
S15-035   +1.100003e+02   +2.434745e-08 +6.876850e-05 -2.241952e+00 -4.119740e-04 -4.365045e+00 +2.296721e+02 -1.078207e+04 -5.278983e+04 +1.517507e+09 +4.269323e+08 -5.979187e+10 +6.723527e+12 +2.958185e+14 +8.130723e+16 -3.323047e+20   +1.967751e-08 +9.932364e-05 -1.816204e-03 +5.244184e-02 +3.571401e+00 +3.854941e+01 -6.731737e+03 -4.093020e+05 -5.051026e+07 -3.808095e+08 -7.851973e+10 +5.235615e+12 -4.655248e+14 +9.623674e+16 -4.284094e+18   
S15-036   +1.099949e+02   +2.340419e-07 +5.984517e-05 -2.242038e+00 -2.567072e-02 -9.541297e-01 +1.478468e+02 -6.153453e+03 -6.488124e+04 +1.500018e+09 +5.896690e+08 -6.390794e+10 +4.407443e+12 +2.606747e+14 +3.742862e+16 -3.300941e+20   -2.296487e-07 +1.093603e-04 -2.470630e-03 +2.702967e-02 +2.333009e+00 +5.159649e+01 +5.666605e+02 -3.022861e+05 -3.804977e+07 -3.501089e+08 +9.288067e+10 -2.008857e+12 -2.351241e+14 +1.264040e+17 -6.199918e+18   
S15-037   +1.099997e+02   +2.964100e-07 +1.074997e-04 -2.244105e+00 -2.164202e-02 -3.164113e+00 +2.002462e+02 -1.032386e+04 -2.953866e+05 +1.490978e+09 +2.425174e+08 -3.826594e+10 +9.230225e+11 +6.972189e+14 +1.107760e+17 -3.304238e+20   +4.411583e-08 +1.281426e-04 -2.003704e-03 -1.031085e-01 -7.391428e-01 +1.979332e+01 +5.019897e+03 -3.122707e+04 -3.897513e+07 +9.611644e+08 +4.416661e+10 +1.667987e+12 -4.494785e+14 +1.056171e+17 -1.559239e+18   
S15-038   +1.099958e+02   +3.301676e-07 +6.501864e-05 -2.246739e+00 -6.119311e-02 -8.212376e+00 +1.377535e+02 -1.974124e+04 -1.560235e+05 +1.505096e+09 -8.141707e+08 +5.004710e+10 -2.772516e+12 +6.922502e+14 +7.445404e+16 -3.331017e+20   -6.783579e-08 +1.109478e-04 +4.606556e-04 +1.592275e-02 -9.400577e-01 +2.853161e+01 +3.180730e+03 -2.709049e+05 -6.647841e+07 -9.050406e+08 +4.879377e+10 +2.475650e+12 -6.038129e+14 +1.286885e+17 +4.650667e+17   
S15-040   +1.099956e+02   +1.397713e-07 +1.442613e-04 -2.250566e+00 +3.565224e-02 -1.054085e+01 +6.053888e+01 -1.877717e+04 -2.176624e+05 +1.477709e+09 -5.565775e+08 +1.323094e+11 +2.599908e+12 +1.010400e+15 +1.431475e+17 -3.335040e+20   -1.663612e-07 +7.327400e-05 -1.257868e-03 +7.060452e-02 +4.683274e+00 +1.134295e+01 -6.343823e+03 -4.815165e+05 -4.741645e+07 -1.435457e+08 -1.211771e+10 -3.562425e+12 -3.883683e+14 +1.236073e+17 -4.661069e+18   
S15-041   +1.099959e+02   -2.841026e-07 +6.446927e-05 -2.248909e+00 -4.229072e-02 -6.919482e+00 +2.413292e+02 -1.225644e+04 -2.581342e+05 +1.469254e+09 +5.092184e+08 +5.694343e+10 -2.807021e+12 +3.581703e+14 +1.513525e+17 -3.257746e+20   +4.544648e-08 +1.244981e-04 -4.255159e-04 -1.443824e-02 -3.437447e+00 +3.205892e+01 +9.931616e+03 -4.092684e+05 -1.047195e+08 -7.989269e+08 -6.793930e+08 -8.340218e+12 -3.857697e+14 +1.641459e+17 +2.895405e+18   
S15-043   +1.099961e+02   +3.162467e-07 +1.120832e-04 -2.249745e+00 -7.059248e-03 -3.835798e+00 +9.919661e+01 -1.197533e+04 -1.212027e+05 +1.480299e+09 +4.541448e+08 -1.601936e+10 -2.033657e+11 +6.732891e+14 +8.264817e+16 -3.328864e+20   -1.726824e-08 +1.093700e-04 -6.743339e-04 -1.238388e-02 -2.073001e+00 +6.050106e+01 +6.520992e+03 -8.162795e+04 -4.949786e+07 +5.151958e+08 +9.668861e+10 -1.636903e+12 -5.706877e+14 +1.215019e+17 -4.048292e+18   
S15-044   +1.099962e+02   +2.160559e-07 +7.245626e-05 -2.251287e+00 -8.146811e-04 -1.852206e+00 +5.558685e+02 -7.494692e+03 -4.137808e+04 +1.483166e+09 -2.210601e+08 +1.285117e+10 -6.937542e+12 +2.882367e+14 +5.706328e+16 -3.323899e+20   -1.050410e-07 +1.132310e-04 -8.911722e-04 -4.860198e-02 +1.546791e+00 +6.482479e+01 +4.481692e+02 -2.283830e+04 -5.270138e+07 +6.791567e+08 +1.478061e+10 +2.531771e+12 -1.889489e+14 +9.011430e+16 -2.425897e+18   
S15-045   +1.099956e+02   +8.342055e-08 +8.313263e-05 -2.247436e+00 -2.364305e-02 -8.872133e+00 -2.168729e+01 -1.846950e+04 -1.134350e+05 +1.481187e+09 -7.482397e+08 +1.183012e+11 +6.472077e+11 +7.255610e+14 +6.688966e+16 -3.270886e+20   -2.896799e-08 +1.491870e-04 -7.876731e-04 -1.178704e-01 -1.536456e+00 -5.057623e+00 +5.976724e+03 -1.054056e+05 -8.415634e+07 +1.824252e+09 +7.695154e+10 +9.538554e+11 -8.208349e+14 +9.065153e+16 +4.454172e+18   
S15-046   +1.099965e+02   +6.492270e-08 +1.149442e-04 -2.243715e+00 -1.528714e-02 -2.415259e+00 +1.489837e+02 -5.689726e+03 -3.067913e+05 +1.473886e+09 -5.473309e+08 -7.614158e+10 +4.601360e+12 +1.363950e+14 +1.019448e+17 -3.384739e+20   -2.384852e-09 +1.261226e-04 -9.120572e-04 +1.941361e-03 -3.251791e+00 +2.629279e+01 +7.017612e+03 -2.202887e+05 -1.405614e+08 +5.623578e+06 +7.119388e+10 -3.962955e+12 -6.592241e+14 +9.376244e+16 +7.340532e+18   
S15-047   +1.099963e+02   -4.810179e-08 +1.032859e-04 -2.245626e+00 -5.344034e-02 -5.809873e+00 +3.321443e+00 -1.297915e+04 -4.017066e+05 +1.463645e+09 -1.350955e+08 +6.956887e+10 +3.642596e+12 +1.201981e+15 +1.158925e+17 -3.349636e+20   -1.472277e-08 +1.240492e-04 -1.387461e-03 -1.053675e-02 +1.574612e+00 +1.488364e+01 -9.250838e+02 -3.980286e+05 -1.525209e+08 +2.311720e+08 +1.027086e+10 +2.723803e+12 -3.159584e+14 +1.953408e+17 +1.477629e+19   
S15-048   +1.099960e+02   +2.215950e-07 +1.342178e-04 -2.244033e+00 -2.338189e-02 -2.297360e+00 -1.275845e+02 -8.018054e+03 -3.416137e+05 +1.471036e+09 -5.097409e+07 -3.849756e+10 +5.515251e+12 +6.235682e+14 +1.336254e+17 -3.306948e+20   +1.904887e-07 +1.335616e-04 -3.453704e-04 -3.673409e-02 +1.613180e-01 +1.870320e+01 -2.205311e+03 -1.723773e+05 -8.031134e+07 +1.102148e+09 +7.063743e+10 -2.486023e+12 -6.510478e+13 +1.179087e+17 +1.017585e+19   
S15-050   +1.099976e+02   +6.789706e-09 +1.049080e-04 -2.248505e+00 -2.878399e-02 -5.412940e+00 +1.978059e+02 -9.457934e+03 -2.450485e+05 +1.473148e+09 -2.255445e+08 +5.040274e+10 +2.243780e+12 +5.015529e+14 +1.081554e+17 -3.316771e+20   -3.378696e-08 +1.142899e-04 -2.114140e-03 +5.890639e-03 +4.781834e-01 +1.165294e+01 +1.967924e+03 -2.301022e+05 -4.554496e+07 -4.259796e+08 +3.902327e+10 -1.122054e+12 -4.303239e+14 +1.151793e+17 -7.477275e+18   
S15-051   +1.099965e+02   +5.906221e-09 +9.649534e-05 -2.242593e+00 -3.836328e-02 -6.890669e+00 +8.818647e+01 -1.483800e+04 -2.417841e+05 +1.463996e+09 -1.137065e+08 +6.536773e+10 -4.928508e+12 +6.718462e+14 +7.402916e+16 -3.359186e+20   -2.307360e-08 +1.269510e-04 -1.231625e-03 -3.942334e-02 +2.819119e-01 +1.899425e+01 +1.353104e+03 -2.845120e+05 -1.341960e+08 +1.092817e+09 +2.100892e+10 -3.589485e+11 -5.148307e+14 +1.454121e+17 +1.128975e+19   
S15-052   +1.099958e+02   +9.758273e-08 +1.149593e-04 -2.242811e+00 -8.648315e-02 -8.733506e+00 +1.831128e+02 -1.791224e+04 -6.175223e+05 +1.360519e+09 +3.847350e+08 -5.176298e+09 -5.640324e+12 +7.205456e+14 +2.086531e+17 -3.062528e+20   +1.855768e-07 +1.374997e-04 -3.537034e-04 -6.698606e-02 +4.329253e-01 -3.232347e+00 -5.523955e+03 -2.467523e+05 -2.980911e+08 +2.362166e+08 +3.111747e+11 +1.576749e+12 +8.888499e+14 +7.883665e+16 +4.067494e+19   
S15-053   +1.099952e+02   -5.518424e-08 +9.691959e-05 -2.243369e+00 -2.196572e-02 -1.098472e+01 +2.196641e+02 -2.139280e+04 -2.197734e+05 +1.490530e+09 +1.464261e+08 +1.318408e+11 +2.049896e+12 +8.654398e+14 +1.010086e+17 -3.301071e+20   +3.716408e-08 +1.245235e-04 -5.052360e-04 -6.004751e-02 -3.190984e+00 +4.234001e+00 +8.347802e+03 -2.499915e+04 -7.105539e+07 -4.666250e+08 +1.345561e+11 +1.491638e+12 -7.111553e+14 +1.182148e+17 -8.616724e+17   
S15-054   +1.099968e+02   +3.223580e-07 +7.137412e-05 -2.242806e+00 -3.443069e-05 -5.143174e+00 -8.685041e+01 -1.317846e+04 -1.210890e+05 +1.474119e+09 +1.050818e+08 -3.254946e+10 +9.738192e+12 +4.232813e+14 +9.833613e+16 -3.325849e+20   +1.866702e-07 +9.994900e-05 -3.087323e-04 -2.216434e-02 -2.217066e+00 +3.559871e+01 +3.610014e+03 -2.078595e+05 -5.807557e+07 +3.095274e+08 +5.626743e+10 +6.913883e+12 -2.590874e+14 +7.656681e+16 +4.656045e+17   
S15-055   +1.099953e+02   +1.255369e-07 +8.975177e-05 -2.248020e+00 +3.067113e-02 -9.909060e-01 -1.089771e+02 -2.796649e+03 -2.528911e+04 +1.472544e+09 -4.872785e+08 +2.396541e+10 +5.653486e+12 +2.294088e+14 +7.694702e+16 -3.331958e+20   +1.897826e-07 +1.067197e-04 -1.530340e-03 +2.346341e-02 -2.241996e+00 +2.076814e+01 +4.017573e+03 -2.431655e+05 -5.173985e+07 -5.953682e+08 +6.675482e+10 -2.615126e+12 -5.267136e+14 +1.194636e+17 +3.564890e+16   
S15-056   +1.099965e+02   +4.529339e-07 +1.175892e-04 -2.245019e+00 -5.869050e-03 +2.872183e-01 +5.903657e+01 -9.025027e+03 -3.939181e+05 +1.481076e+09 -2.477526e+09 +3.555213e+10 -3.277208e+12 +1.057152e+15 +2.135807e+17 -3.399142e+20   -5.911375e-08 +1.273505e-04 +8.461266e-05 -1.118987e-01 -1.099970e+00 +1.536683e+01 +4.687304e+03 +1.016911e+05 -2.775224e+08 +9.412854e+08 +1.124206e+10 +7.425254e+12 -1.040268e+15 +6.379398e+16 +2.068244e+19   
S15-057   +1.099969e+02   +1.675973e-07 +6.533499e-05 -2.244689e+00 -8.652607e-02 -6.088319e+00 +1.537959e+02 -1.566509e+04 -9.848332e+04 +1.413275e+09 -5.488395e+08 -1.464688e+11 -1.180924e+13 +5.983397e+14 +4.116302e+16 -3.376999e+20   +3.145062e-08 +1.025269e-04 -4.647954e-04 -4.156566e-03 -7.964788e-01 -7.209024e+00 +1.270465e+03 -8.357056e+04 -3.180978e+08 -7.767569e+08 +2.064145e+10 +1.238763e+13 +4.919851e+14 +8.760670e+16 +1.495439e+19   
S15-058   +1.099965e+02   +1.722326e-07 +8.154089e-05 -2.244055e+00 -2.977757e-02 -3.574661e+00 +3.427445e+02 -1.001756e+04 +1.918561e+05 +1.471530e+09 -1.196674e+09 -5.152725e+10 -1.006687e+13 +1.048314e+15 -3.948669e+16 -3.392813e+20   -2.019441e-07 +1.030732e-04 -1.683740e-03 -2.936624e-02 +6.934142e+00 +2.442592e+01 -9.701045e+03 -2.324819e+05 -2.796867e+08 +1.247371e+09 +4.872846e+10 -2.616959e+12 -9.019281e+14 +1.218651e+17 +2.023471e+19   
S15-059   +1.099962e+02   +1.458813e-07 +1.108914e-04 -2.242516e+00 +3.749753e-03 -8.735923e+00 +1.492732e+02 -2.003476e+04 -6.617351e+04 +1.426489e+09 +1.926658e+09 -6.965811e+10 +4.131899e+12 +1.211957e+15 +3.578895e+16 -3.353690e+20   +3.343296e-07 +8.587286e-05 -5.480499e-05 +1.375378e-02 -2.101100e+00 +2.688473e+01 -1.067568e+03 +3.778970e+04 -3.237556e+08 +2.463691e+09 -2.976726e+09 -1.104998e+13 -3.792724e+14 +6.585618e+15 +2.605435e+19   
S15-060   +1.099976e+02   +1.719503e-07 +8.276581e-05 -2.239282e+00 -2.372991e-03 -8.637186e+00 -1.010417e+02 -2.081120e+04 +6.427605e+03 +1.478571e+09 -3.613621e+08 +8.921556e+09 +3.398034e+12 +6.462980e+14 +5.670308e+16 -3.302138e+20   -9.038468e-09 +1.196871e-04 +4.062557e-04 -7.195009e-02 -2.372749e+00 +1.199273e+01 +7.500172e+03 -5.927616e+04 -7.104230e+07 +7.846668e+08 +1.116262e+11 +2.037899e+12 -6.690887e+14 +9.505416e+16 +6.695467e+18   
S15-061   +1.099973e+02   -1.115683e-07 +9.410922e-05 -2.240733e+00 +1.159106e-02 -1.068788e+01 +9.389903e+01 -1.984251e+04 -6.074034e+04 +1.470333e+09 -1.261950e+09 +3.517973e+10 +1.464328e+12 +6.179956e+14 +6.903719e+16 -3.284382e+20   +1.449001e-07 +9.055054e-05 -4.910043e-04 +9.803541e-03 -5.132374e+00 -7.375030e+00 +9.362875e+03 -2.814645e+05 -7.221268e+07 -8.323815e+07 +7.925815e+10 +1.847447e+12 -2.841773e+14 +1.194047e+17 +2.139182e+18   
S15-062   +1.099969e+02   -7.411306e-08 +8.824588e-05 -2.243658e+00 -1.326344e-02 -8.716019e+00 -2.649570e+01 -1.669599e+04 -2.206560e+05 +1.472856e+09 -4.768721e+07 +7.672272e+10 +7.674534e+11 +7.567826e+14 +9.608198e+16 -3.279880e+20   -1.993295e-07 +1.060604e-04 -1.380753e-04 +3.169969e-03 -3.065105e+00 +2.937927e+01 +1.344475e+04 -3.632090e+05 -1.012971e+08 -3.025350e+08 +2.637298e+10 -5.351821e+11 -9.469867e+14 +1.240870e+17 +6.662056e+18   
S15-070   +1.099960e+02   +2.109875e-07 +1.320487e-04 -2.243596e+00 -4.001183e-02 -2.144261e+00 +7.661900e+01 -1.075114e+04 -2.231191e+05 +1.260139e+09 +4.750318e+09 -6.441812e+10 +4.177188e+12 +7.981973e+14 +1.563588e+17 -2.906356e+20   -1.349502e-07 +1.706403e-04 +7.082388e-04 -8.312735e-02 +3.944522e+00 +1.781408e+00 -1.293574e+03 +4.955167e+05 -2.682634e+08 +1.239624e+08 -3.144957e+11 -2.553507e+12 -2.308248e+14 +6.440417e+16 +4.137234e+19   
S15-072   +1.099964e+02   -2.238691e-08 +1.052008e-04 -2.245063e+00 -3.184241e-02 -5.550511e+00 +3.267372e+01 -1.322081e+04 -3.394447e+05 +1.434924e+09 -8.767370e+08 -6.584446e+09 +1.139245e+12 +6.052450e+14 +1.241320e+17 -3.329754e+20   -1.205456e-07 +1.026557e-04 -2.256070e-04 +4.661306e-02 +1.957780e+00 +8.407444e+00 -3.798492e+02 -3.170577e+05 -1.908600e+07 -1.372853e+09 +1.457819e+10 +3.806893e+12 -2.081414e+14 +1.366838e+17 -2.732944e+18   
S15-076   +1.099968e+02   +4.163150e-07 +1.084714e-04 -2.242794e+00 -2.664504e-02 +1.910974e+00 +3.794129e+01 +1.166257e+03 -1.672100e+05 +1.436755e+09 +1.461561e+08 -6.822097e+10 +1.817680e+12 +4.896658e+14 +9.801867e+16 -3.347864e+20   +4.990746e-08 +1.179683e-04 -6.896791e-04 -3.330916e-02 +3.256469e-01 -5.810034e+01 +2.508368e+03 -3.269227e+05 -2.849891e+07 +6.779084e+08 +3.560606e+10 +7.312780e+11 -5.125643e+14 +1.284956e+17 -1.440465e+18   
S15-078   +1.099968e+02   +2.742913e-07 +1.144241e-04 -2.246137e+00 +4.975883e-02 -1.131171e+00 +9.069753e+00 -4.175013e+03 +1.540211e+05 +1.431428e+09 +5.300860e+07 -3.021566e+10 +5.039446e+11 +6.222811e+14 +1.071276e+17 -3.340304e+20   +8.993294e-08 +1.041492e-04 +5.614666e-04 +3.425027e-02 +9.687364e-02 +7.297031e+01 +1.256258e+03 -3.073675e+05 -3.272717e+07 -9.298189e+08 +6.845961e+10 -3.861233e+12 -3.195452e+14 +1.066846e+17 +1.272644e+18   
S15-079   +1.099963e+02   +7.926882e-08 +1.261797e-04 -2.245675e+00 -6.968869e-02 -4.727523e+00 -2.140149e+01 -1.188724e+04 -5.630228e+05 +1.444369e+09 +5.216865e+08 -2.178760e+10 +2.503100e+12 +5.238174e+14 +1.546694e+17 -3.330967e+20   +1.133004e-07 +1.274060e-04 -9.305749e-04 -2.954101e-04 +2.888928e+00 +3.801515e+01 -2.303794e+03 -3.610131e+05 -3.450408e+07 -4.729551e+08 +2.592743e+10 -3.825256e+12 -5.729623e+14 +1.445933e+17 -1.878113e+18   
S15-087   +1.099967e+02   +1.036252e-07 +1.312863e-04 -2.245932e+00 -1.451798e-02 -4.385481e+00 +3.375707e+01 -1.332921e+04 -2.193536e+05 +1.261671e+09 -1.390468e+09 -9.024416e+10 +2.097910e+12 +9.550368e+14 +1.408109e+17 -3.027907e+20   +1.684909e-07 +9.894533e-05 +2.516226e-04 +5.617993e-02 -2.929271e+00 +3.274216e+01 +3.996690e+03 -9.097873e+05 -2.912000e+08 +8.024250e+07 +1.203376e+10 +1.693943e+12 +1.441439e+14 +1.508760e+17 +3.764454e+19   
S15-091   +1.099967e+02   -4.956399e-07 -1.679415e-04 -2.246436e+00 +1.142763e-01 -3.246376e+00 -3.729047e+02 -4.051570e+03 +1.443552e+06 +1.401947e+09 -6.703767e+08 +1.046433e+11 +9.362845e+12 -1.379428e+14 -2.175950e+17 -3.244039e+20   +3.679768e-07 +4.195427e-05 -4.349496e-03 +1.571351e-01 -5.311462e+00 +1.104412e+02 +1.991412e+03 -7.768047e+05 -1.101912e+07 -8.967542e+08 +1.380681e+11 +1.248330e+11 -3.829552e+14 +8.865971e+16 -3.886636e+18   
S15-092   +1.099978e+02   +2.174625e-07 +1.399171e-05 -2.249493e+00 +2.815365e-02 -6.631673e+00 +1.316569e+02 -1.584631e+04 +1.355865e+05 +1.397259e+09 -8.812608e+08 +9.933626e+09 -2.974799e+11 +7.759572e+14 -2.827829e+16 -3.241602e+20   -4.042240e-08 +7.464970e-05 -1.725437e-03 -4.532123e-02 -1.680403e+00 +4.041393e+01 +5.768880e+03 +1.146816e+03 -4.301538e+07 +5.469308e+07 +7.840907e+10 -2.213203e+11 -6.786981e+14 +6.762653e+16 -2.218558e+18   
S15-093   +1.099973e+02   +1.761347e-07 +4.755538e-05 -2.250842e+00 -4.329169e-02 -5.753956e+00 +1.434204e+01 -1.241286e+04 -9.139570e+04 +1.399219e+09 +5.857192e+08 +6.986828e+09 +1.960804e+12 +8.579044e+14 +7.166427e+16 -3.267512e+20   -6.236956e-08 +5.936502e-05 -1.812024e-03 -3.048087e-02 +1.392261e+00 +2.211414e+01 -1.025352e+03 -3.614428e+04 -6.251019e+07 +8.536096e+08 -9.935408e+09 +1.924945e+12 -2.292928e+14 +7.677417e+16 +4.692602e+18   
S15-099   +1.099972e+02   +1.723873e-07 +7.449330e-05 -2.245854e+00 -2.989192e-02 -2.335323e+00 +2.879671e+02 -3.758397e+03 -1.282456e+05 +1.322635e+09 +1.168910e+09 -1.360085e+11 -5.123481e+12 -3.684958e+14 -4.771381e+16 -3.402302e+20   +1.246724e-07 +8.353923e-05 -9.750839e-04 +3.285626e-02 -2.170099e-01 -5.637456e+00 -1.739785e+03 -4.380964e+05 -4.819107e+08 -1.238122e+09 -1.406691e+10 +2.829563e+12 -7.505970e+14 +1.304282e+16 +2.861471e+19   
S15-100   +1.099973e+02   +4.458991e-09 +5.937416e-05 -2.246140e+00 -3.520712e-02 -3.792633e+00 -1.275949e+02 -8.719962e+03 +5.238539e+04 +1.374072e+09 -1.264046e+09 +7.969080e+10 +5.965407e+12 +4.567885e+14 -7.119995e+14 -3.380461e+20   +7.843127e-08 +8.811089e-05 -8.856786e-04 -3.026220e-03 -1.736285e-01 +2.185015e+01 +2.480826e+03 -5.298008e+05 -3.998825e+08 +3.618674e+08 +1.738036e+11 -1.578150e+12 -1.085758e+15 +1.993275e+17 +7.877720e+18   
S15-101   +1.099970e+02   -1.341419e-07 +3.387909e-05 -2.246354e+00 -4.653421e-02 -4.994888e+00 +1.966087e+02 -2.711464e+03 +9.245007e+04 +1.430766e+09 -9.405238e+08 +1.975684e+10 -8.725135e+12 +2.260203e+14 -1.166069e+16 -3.597459e+20   -8.440735e-08 +9.792349e-05 -3.560537e-04 -2.976528e-02 +2.281906e+00 -7.955360e+00 -3.275340e+03 -9.968881e+04 -3.935366e+08 -1.365267e+09 -7.898028e+10 +2.058269e+12 -3.001427e+14 +6.715480e+16 +2.589987e+18   
S15-102   +1.099974e+02   -2.090349e-08 +4.838751e-05 -2.246861e+00 -3.963207e-02 -1.184050e+00 +3.933434e+01 +4.231294e+03 +8.622748e+04 +1.367829e+09 -3.985341e+09 +6.426409e+09 -5.967545e+12 -7.055817e+14 +7.530572e+16 -3.410232e+20   +1.356550e-07 +9.962645e-05 -9.414013e-04 -3.118693e-02 -1.689935e+00 -1.298955e+01 +3.761717e+03 -2.520267e+05 -4.994460e+08 +2.359994e+09 +1.083517e+11 -1.486411e+12 -1.426476e+15 +1.147127e+17 +7.436350e+18   
S15-103   +1.099970e+02   -1.975806e-08 +3.693323e-05 -2.246091e+00 -4.107692e-02 -3.145867e+00 -1.596696e+02 -4.237736e+03 +4.541645e+04 +1.457011e+09 -1.145069e+09 +7.065851e+10 +1.498274e+13 -5.984145e+14 +6.447679e+15 -3.257740e+20   +8.731735e-08 +1.209950e-04 -6.589122e-06 -9.326536e-02 -3.571313e+00 -2.682392e+01 +9.950135e+03 -1.124468e+05 -2.378464e+08 +8.192925e+08 +9.082382e+10 +6.467405e+12 -1.155204e+15 +1.672269e+17 +2.610107e+19   
S15-104   +1.099965e+02   +4.028215e-07 +5.000923e-05 -2.243063e+00 -4.967539e-02 -2.966365e+00 +6.950023e+01 -1.305133e+04 -4.119779e+05 +1.385840e+09 +2.206781e+09 -2.043720e+10 -1.883632e+12 +8.887787e+14 +9.189383e+16 -3.158486e+20   +7.333966e-08 +1.102602e-04 +4.751838e-04 -3.882384e-02 +4.264496e-01 -1.289710e+00 -1.532108e+03 -1.930344e+05 -2.159204e+08 -5.921715e+08 +6.239683e+10 -9.994527e+10 -3.093168e+14 +6.258392e+16 +3.080703e+19   
S15-105   +1.099961e+02   +3.400511e-07 +4.405073e-05 -2.246528e+00 -7.614018e-02 -4.375742e+00 +2.120311e+02 -1.417921e+04 -2.253593e+05 +1.460237e+09 -6.409641e+08 +7.114105e+10 -5.695241e+12 +5.521671e+14 +1.161235e+16 -3.269393e+20   +1.934879e-07 +7.155292e-05 -7.629481e-04 +1.169739e-02 -1.643324e+00 +5.792739e+00 +1.835642e+03 -9.953480e+04 -1.766644e+08 +2.216874e+08 +1.118809e+10 -3.458661e+11 +1.254441e+14 +8.368569e+16 +7.285607e+18   
S15-106   +1.099963e+02   +6.844264e-09 +3.140850e-05 -2.247905e+00 -4.514770e-02 -4.041524e+00 +4.498886e+01 -5.834548e+03 -6.497005e+04 +1.465229e+09 +3.219974e+07 -3.741356e+10 +8.481704e+11 +6.436618e+13 +1.753997e+16 -3.335820e+20   +5.699647e-08 +7.360176e-05 -9.516884e-04 +2.349024e-02 -2.790856e-01 +2.314474e+01 +1.984128e+03 +2.336890e+04 -1.970009e+08 +2.305045e+08 +7.498028e+09 +1.609305e+12 -1.219831e+15 +4.759988e+16 +1.243644e+19   
S15-107   +1.099965e+02   +2.506673e-07 +3.330413e-05 -2.248601e+00 -5.953874e-02 -1.420884e+00 +2.051472e+00 -6.597037e+03 -1.191070e+05 +1.388447e+09 +1.139668e+09 -5.024594e+10 -8.300615e+11 +4.248512e+14 +4.359651e+16 -3.176980e+20   +8.064306e-08 +8.893806e-05 +1.765579e-04 +3.081649e-02 -9.019755e-01 +1.785959e+01 -1.136441e+03 -2.882174e+05 -2.260967e+08 +6.877450e+08 +6.698439e+10 -5.348258e+12 +1.134171e+14 +7.718682e+16 +2.889948e+19   
S15-109   +1.099957e+02   +3.650521e-07 +1.270954e-05 -2.247914e+00 -6.475120e-02 -1.862687e+00 +1.340835e+02 -1.012690e+04 -9.437260e+04 +1.472059e+09 +6.341131e+08 +1.956936e+10 -6.665046e+10 +1.096153e+15 +1.720476e+16 -3.317383e+20   +1.021484e-07 +6.659867e-05 -1.945630e-03 +3.603667e-02 -4.294341e-01 +8.969320e+00 +1.054504e+03 +2.290789e+04 -1.091122e+08 -1.662237e+08 +5.539689e+10 -3.448358e+11 -4.337850e+14 +2.095724e+15 +1.231081e+19   
S15-110   +1.099962e+02   +1.736975e-07 +1.376100e-05 -2.247577e+00 +2.007156e-03 -2.887352e+00 +8.005365e+01 -7.127989e+03 +2.010117e+05 +1.528043e+09 -7.040866e+08 -2.190021e+10 -3.509392e+12 +4.418681e+14 -1.164480e+16 -3.396355e+20   -1.186291e-07 +9.447017e-05 -4.003895e-04 +1.085926e-02 +3.306669e+00 +2.052775e+01 -4.111520e+03 -3.259681e+05 -8.919925e+07 +4.937516e+07 +1.320932e+10 +1.666863e+11 -4.073636e+14 +7.531610e+16 -5.328326e+18   
S15-111   +1.099965e+02   +1.218992e-07 +2.711250e-05 -2.244685e+00 -3.013153e-02 -5.973240e+00 -3.848198e+00 -1.299995e+04 -1.953124e+04 +1.505672e+09 +6.223830e+08 +2.707857e+10 +1.283488e+12 +2.671133e+14 +5.713594e+15 -3.353820e+20   +4.625365e-08 +9.498348e-05 -1.358403e-03 -6.357963e-03 -7.330795e-01 +6.196694e+01 +1.847555e+03 -7.838979e+04 -5.672081e+07 +4.334304e+08 +1.360139e+11 +3.192450e+11 -2.667249e+14 +7.555702e+16 -8.373729e+18   
S15-113   +1.099968e+02   +2.851097e-07 +7.936602e-05 -2.246336e+00 -1.434082e-02 -2.981468e+00 -1.860613e+01 -8.568627e+03 -1.799353e+05 +1.472425e+09 -6.848995e+08 +2.196098e+09 +3.284617e+12 +1.723082e+14 +6.325949e+16 -3.312797e+20   -1.063297e-07 +9.568987e-05 +1.229416e-04 +8.880066e-03 +4.516726e+00 +5.095224e+00 -6.358715e+03 -1.398277e+05 -1.732398e+08 -6.495767e+08 +4.181480e+10 +2.372458e+12 -1.675217e+14 +8.612380e+16 +1.490618e+19   
S15-116   +1.099961e+02   -6.543267e-08 +1.837058e-05 -2.246127e+00 -4.380075e-02 -4.288632e+00 +3.216676e+02 -1.126755e+04 -5.116090e+05 +1.367942e+09 +1.217967e+09 -6.446576e+10 -7.078642e+12 +1.035433e+15 +1.125976e+17 -3.099770e+20   +1.698803e-07 +1.273691e-04 +1.051936e-03 -2.827602e-02 -4.663859e+00 +3.641856e+01 +4.089700e+03 -1.269227e+05 -3.891670e+08 +2.076201e+08 +8.270656e+10 -4.115158e+12 +5.079239e+14 +9.619577e+15 +5.519196e+19   
S15-117   +1.099961e+02   +1.986572e-07 +3.918832e-05 -2.247786e+00 -3.222416e-02 -9.660433e-01 +2.835137e+02 +8.213460e+02 -1.228058e+05 +1.489659e+09 +1.026497e+08 +6.274180e+10 -7.395025e+12 +1.203414e+14 +6.679042e+16 -3.348218e+20   -3.077532e-07 +1.073415e-04 -4.621585e-04 -2.538588e-02 +1.649081e+00 -1.333626e+01 +2.747227e+03 -1.666149e+05 -2.148777e+07 -5.700572e+08 -6.362982e+10 +6.349497e+11 -5.126448e+14 +9.570667e+16 -2.939108e+18   
S15-118   +1.099969e+02   +8.225886e-08 +6.058337e-05 -2.250162e+00 -2.833437e-02 -5.478143e+00 +8.080632e+01 -1.051977e+04 +4.737905e+04 +1.514557e+09 -2.879322e+08 +3.195451e+10 +2.332513e+09 +5.824712e+14 +5.536711e+16 -3.376214e+20   +5.490668e-08 +1.241352e-04 +1.569351e-04 -2.462893e-02 +2.224335e+00 +2.574853e+01 -2.198642e+03 -3.094699e+05 -3.288886e+07 +3.142445e+08 +5.394528e+10 +4.192313e+11 -5.546058e+14 +1.258104e+17 -2.093703e+18   
S15-119   +1.099964e+02   +1.205682e-07 +8.290113e-05 -2.246600e+00 +1.202008e-02 -5.305417e+00 -8.962627e+01 -1.281667e+04 +6.835389e+04 +1.477609e+09 -1.177358e+09 -7.244939e+10 +1.206086e+12 +6.444748e+14 +2.831212e+16 -3.373231e+20   +8.749695e-09 +9.417717e-05 -5.091306e-04 +2.764356e-02 +2.763651e+00 -1.453074e+01 -5.284297e+03 -2.888835e+05 -2.511699e+08 +7.565497e+08 -3.994175e+10 +2.843892e+12 -1.017321e+11 +6.325439e+16 +1.754242e+19   
S15-120   +1.099960e+02   -1.163327e-07 +6.638302e-05 -2.246250e+00 +2.296824e-02 -7.434631e+00 +1.868053e+02 -1.062695e+04 +1.739662e+05 +1.514532e+09 -1.098687e+09 +1.970538e+11 -1.850721e+13 -3.079634e+14 +1.440123e+16 -3.401220e+20   +7.286190e-08 +1.002574e-04 -1.155554e-03 -8.319139e-03 +1.151704e+00 +1.504931e+01 -4.192903e+03 -1.188018e+05 -1.124072e+08 -5.836707e+08 -3.222145e+10 -6.907484e+12 -3.986754e+14 +5.673215e+16 -1.755817e+18   
S15-121   +1.099971e+02   +3.416615e-07 +2.719163e-05 -2.246295e+00 -1.355490e-02 +4.570347e-01 +1.004473e+02 -2.892499e+03 -1.651855e+04 +1.482080e+09 -1.042694e+08 -2.056594e+10 -4.714412e+11 +3.120877e+14 +4.035014e+16 -3.308263e+20   -2.505622e-07 +8.905323e-05 +1.922983e-04 +9.245971e-03 -1.518690e+00 +3.035431e+00 +9.038786e+03 -1.665049e+05 -8.607920e+07 -1.029568e+08 +1.514209e+10 -8.930112e+11 -5.138330e+14 +7.953278e+16 +4.754840e+18   
S15-122   +1.099962e+02   +7.279690e-08 +1.049958e-05 -2.248938e+00 -3.327074e-02 -5.074558e+00 +1.214693e+02 -1.206716e+04 +1.622064e+05 +1.516474e+09 -4.189454e+07 +3.155764e+10 +6.306424e+11 +4.776790e+14 +7.104185e+15 -3.385824e+20   +1.121518e-07 +9.687998e-05 -1.075705e-04 +3.604442e-02 +3.702062e-01 +3.402293e+01 -1.325887e+03 -4.054980e+05 -1.916574e+07 -5.080897e+08 +3.264985e+10 +9.873096e+11 -2.790704e+14 +1.215045e+17 -2.885662e+18   
S15-123   +1.099961e+02   +1.816190e-07 +6.801588e-05 -2.247522e+00 +7.488277e-02 -5.210572e+00 +1.637785e+01 -1.370145e+04 +7.180631e+04 +1.471068e+09 -1.732700e+09 +2.101377e+10 +2.422539e+12 +1.191354e+15 +6.988873e+16 -3.269690e+20   -8.546489e-08 +1.216216e-04 +9.995063e-06 -9.074521e-02 +1.597600e+00 +1.714133e+01 -1.616040e+02 -1.310820e+05 -9.794711e+07 +9.577512e+08 +1.438018e+10 +2.287456e+12 -1.988696e+14 +9.843194e+16 -4.198606e+17   
S15-124   +1.099960e+02   +1.019676e-08 +2.621498e-05 -2.247569e+00 -9.052831e-02 -3.307630e+00 +1.418296e+01 -5.976893e+03 -3.381016e+05 +1.480789e+09 +1.094509e+09 -4.859322e+09 -1.831267e+11 +3.988020e+14 +4.936263e+16 -3.287759e+20   -1.308998e-07 +1.078837e-04 +1.882544e-04 -4.959747e-02 +8.298897e-01 +2.621954e+01 +3.634286e+03 -1.414252e+05 -1.104164e+08 -3.822302e+08 -3.403486e+09 -1.824155e+12 -6.308210e+14 +8.846944e+16 -8.191098e+15   
S15-126   +1.099963e+02   -1.068761e-08 +3.297002e-05 -2.247540e+00 -1.729274e-02 -7.526348e+00 -2.080033e+01 -1.554972e+04 -8.551619e+04 +1.447244e+09 +4.038102e+08 +9.582250e+10 +3.549317e+12 +5.768030e+14 +8.727033e+15 -3.222695e+20   +1.275775e-07 +1.331202e-04 +3.622946e-05 -9.874605e-02 -2.618225e+00 -1.850790e+00 +5.194026e+03 +7.611631e+04 -1.506082e+08 +5.742399e+08 +3.423542e+10 +4.257164e+12 -6.422829e+14 +4.950007e+16 +6.274914e+18   
S15-127   +1.099960e+02   +1.566184e-07 +4.465647e-05 -2.244986e+00 +3.225398e-02 -4.524035e+00 +4.147022e+00 -1.084017e+04 +1.061625e+05 +1.518332e+09 -2.644000e+08 -6.539807e+10 +3.526958e+12 +3.234749e+14 +5.517972e+16 -3.343178e+20   -8.795563e-08 +1.112732e-04 -5.772493e-05 -4.926911e-02 -2.163067e+00 +3.420357e+01 +6.854785e+03 -2.325616e+05 -1.033176e+08 -1.069513e+07 +4.632149e+10 -2.125778e+12 -2.035228e+14 +1.031476e+17 -1.228422e+18   
S15-128   +1.099962e+02   +1.481886e-07 +4.350039e-05 -2.246793e+00 -5.670040e-03 -2.355311e+00 +2.081537e+02 -6.229788e+03 -3.721990e+05 +1.509302e+09 -2.288138e+09 -1.824065e+09 +2.019739e+12 -6.689393e+14 +1.648490e+17 -3.339896e+20   +5.451212e-08 +1.035174e-04 -1.846620e-04 -1.815690e-02 -8.237531e-01 +3.755787e+01 +1.199615e+03 -5.515073e+04 -9.504074e+07 -1.770111e+09 +1.777761e+11 -1.373204e+13 +3.209289e+14 +7.893908e+16 -5.927688e+18   
S15-130   +1.099962e+02   +2.422142e-08 +4.972313e-05 -2.246359e+00 -2.748210e-02 -3.993409e+00 -3.303339e+01 -8.195881e+03 -3.133786e+05 +1.493616e+09 -1.043269e+09 +7.298294e+10 +2.236214e+12 +4.640267e+14 +8.455796e+16 -3.320906e+20   -8.666253e-08 +8.381978e-05 -1.979158e-03 +3.453436e-02 +5.716567e-01 +2.823872e+01 +9.873468e+02 -3.577335e+05 -8.798301e+07 -3.220955e+08 +1.334140e+10 +4.735265e+12 -2.182988e+14 +8.084294e+16 +1.293105e+19   
S15-131   +1.099957e+02   +3.172635e-07 +6.252545e-05 -2.248079e+00 -7.609272e-03 -6.400825e-01 -4.823281e+01 -5.767494e+03 -9.503490e+04 +1.481889e+09 -1.100387e+09 -8.648049e+09 +7.455152e+11 +6.333848e+14 +7.797260e+16 -3.326812e+20   +6.783073e-08 +7.778090e-05 -7.959253e-04 +2.486349e-02 +1.544005e+00 +1.155717e+01 -2.400050e+03 -1.588233e+05 -8.336322e+07 -1.095468e+08 +4.557735e+10 +1.840446e+12 -5.394445e+14 +5.171218e+16 +8.933176e+18   
S15-132   +1.099962e+02   +1.413170e-09 +6.146009e-05 -2.245090e+00 -4.105245e-02 -7.768171e+00 -2.231189e+02 -1.478226e+04 -1.229190e+05 +1.472969e+09 +3.012021e+08 +1.479185e+10 +2.900476e+12 +1.860647e+14 +3.855417e+16 -3.377943e+20   -6.426118e-08 +1.057986e-04 -9.162171e-04 -2.738023e-02 +1.121080e+00 +4.294394e+01 +1.196022e+03 -3.429106e+05 -1.960087e+08 -3.092087e+08 +9.761419e+10 -8.914089e+11 -7.233919e+14 +1.218039e+17 +2.219717e+19   
S15-133   +1.099962e+02   -2.694409e-08 +5.138077e-05 -2.244183e+00 -6.079438e-02 -4.407986e+00 -1.782945e+01 -8.216690e+03 -2.351467e+05 +1.498740e+09 +8.157210e+08 +6.178782e+10 -1.840433e+12 +5.252128e+14 +7.571911e+16 -3.316631e+20   +2.023350e-07 +1.026651e-04 -5.005375e-04 +7.615836e-04 -2.590461e-01 +1.170360e+00 -3.220693e+02 -2.485776e+05 -1.234434e+08 +1.023653e+08 +8.139993e+10 -2.376254e+12 -5.051727e+14 +9.239083e+16 -1.625000e+17   
S15-134   +1.099959e+02   +1.009624e-07 +4.309982e-05 -2.245034e+00 -8.206798e-02 -3.696434e+00 +1.691139e+01 -6.424574e+03 -1.137591e+05 +1.403377e+09 +9.287092e+07 -1.067974e+11 -2.704104e+12 +1.514144e+14 +5.415191e+16 -3.263664e+20   +9.304720e-08 +9.940798e-05 -1.575201e-03 -1.369916e-02 -2.309118e+00 -8.262140e+00 +7.681186e+03 +5.981728e+04 -2.906416e+08 -1.784898e+09 +7.558082e+10 -2.749315e+11 -9.431361e+14 +5.797582e+16 +1.021617e+19   
S15-136   +1.099969e+02   +5.508975e-08 +3.699173e-05 -2.248244e+00 -1.985110e-02 -8.701540e-01 +3.491063e+01 -2.152659e+03 -6.067078e+04 +1.480246e+09 +3.514738e+08 -3.607781e+10 +3.588468e+12 +3.741517e+14 +3.977046e+16 -3.308483e+20   +1.123400e-08 +1.042524e-04 -1.318808e-03 +3.630131e-03 +3.169944e-01 +1.327581e+01 +1.410497e+03 -2.124453e+05 -9.666327e+07 +6.016633e+08 -1.285145e+10 -3.143148e+12 -5.037498e+14 +6.022021e+16 +1.451984e+19   
S15-137   +1.099953e+02   +1.690401e-07 +4.015852e-05 -2.248968e+00 -1.496583e-02 -3.902589e+00 +1.614285e+02 -6.898519e+03 -2.584528e+03 +1.431604e+09 +3.588591e+09 +6.552821e+10 -1.721879e+11 -6.627920e+14 +8.249126e+15 -3.235196e+20   +9.068534e-08 +9.734198e-05 -1.310632e-03 -3.436962e-02 -3.037462e+00 +2.210464e+01 +7.511656e+03 +1.576572e+05 -1.473568e+08 -3.244632e+08 +2.257079e+11 -8.295753e+11 -6.123583e+14 +1.774228e+16 +1.169821e+19   
S15-138   +1.099958e+02   -1.736018e-08 +4.495688e-05 -2.246668e+00 -2.580318e-02 -3.884358e+00 +6.693084e+01 -8.861439e+03 +3.397198e+04 +1.506429e+09 -8.733403e+07 -1.151239e+10 -3.680386e+12 +4.381183e+14 +3.132367e+16 -3.465049e+20   +1.022550e-08 +8.783334e-05 -1.431511e-03 -2.741297e-03 +3.364416e+00 +2.565597e+01 -5.533824e+03 -1.798461e+05 -7.369540e+07 -6.352809e+08 -3.274216e+09 -3.945905e+12 +7.542177e+13 +6.927806e+16 -1.235859e+19   
S15-139   +1.099961e+02   +2.173045e-07 +4.782140e-05 -2.247106e+00 -3.176471e-02 -6.375291e+00 +7.846247e+01 -1.490016e+04 -2.029846e+05 +1.483460e+09 +1.615887e+07 +1.775679e+10 +2.343748e+12 +6.032108e+14 +5.827896e+16 -3.266885e+20   +2.773227e-07 +8.107684e-05 -5.909820e-04 +4.735821e-02 -6.400991e+00 +1.071760e+01 +9.851604e+03 -2.419601e+05 -1.241507e+08 -9.954017e+08 +1.471510e+11 -1.419914e+12 -6.423532e+14 +8.660328e+16 +4.740894e+18   
S15-140   +1.099963e+02   -1.091289e-07 +4.207661e-05 -2.246181e+00 -5.403266e-02 -7.644027e+00 +8.455790e+01 -1.447416e+04 -5.101526e+05 +1.385793e+09 -1.060062e+09 -3.190267e+10 -3.306306e+12 +2.107481e+14 +1.068559e+17 -3.338781e+20   -1.319611e-07 +1.144329e-04 -1.410631e-03 -2.610741e-02 +2.092742e+00 +2.124764e+01 +1.134141e+03 -3.047523e+05 -4.064404e+08 -2.217305e+09 +1.674629e+11 -1.148840e+12 -7.337922e+14 +1.131686e+17 +2.216611e+19   
S15-141   +1.099963e+02   +6.936696e-08 +2.799967e-05 -2.246887e+00 -5.120051e-02 -3.647044e+00 +6.347088e+01 -7.998836e+03 -1.147320e+05 +1.486634e+09 -1.466260e+07 -1.845676e+10 +9.036997e+11 +5.747934e+14 +7.028248e+15 -3.335204e+20   +1.736546e-07 +1.240464e-04 -1.311797e-03 -3.734475e-02 +2.340461e+00 +1.933432e+01 -5.161609e+03 -2.821374e+05 -1.039598e+08 +4.189612e+08 +3.386406e+10 -2.685505e+11 -1.644556e+14 +1.109687e+17 +1.191871e+19   
S15-142   +1.099966e+02   +3.022113e-07 +5.903287e-05 -2.246594e+00 +5.573853e-02 -3.354701e+00 +6.379091e+01 -9.321952e+03 +3.212866e+05 +1.416154e+09 -1.902906e+09 -8.835394e+10 -1.705308e+12 -2.903431e+14 +4.631220e+16 -3.351862e+20   -9.375753e-08 +9.145683e-05 -1.136078e-03 +4.212145e-02 -1.570782e+00 +4.348662e+01 +3.885194e+03 -6.993038e+05 -3.530056e+08 +3.887373e+08 +7.708816e+10 -4.168864e+12 -1.753091e+14 +1.241676e+17 +1.928317e+19   
S15-143   +1.099971e+02   +2.045898e-07 +4.154242e-05 -2.247607e+00 -9.116895e-02 -2.721087e+00 -1.800608e+02 -7.846440e+03 -1.340168e+05 +1.484106e+09 -2.360162e+07 -3.279936e+09 +9.566807e+11 +2.395354e+14 +7.220652e+16 -3.325015e+20   +4.931935e-08 +9.084249e-05 -2.384747e-04 +1.744792e-02 +4.197913e+00 +9.713002e-01 -8.643304e+03 -2.665703e+05 -9.044287e+07 -1.530132e+08 -1.742254e+10 +2.312714e+12 +8.066482e+13 +9.896325e+16 +6.889401e+18   
S15-145   +1.099971e+02   -9.797958e-08 +4.190242e-05 -2.248050e+00 -3.220689e-02 -4.975400e+00 +2.405605e+01 -8.269683e+03 -1.823555e+05 +1.483769e+09 -1.965071e+07 +4.037217e+09 +5.894903e+12 +6.166545e+13 +6.225446e+16 -3.279209e+20   -1.373732e-07 +9.886061e-05 -2.619916e-04 -2.956927e-02 +4.876991e-01 +8.111128e+00 +2.078387e+03 -1.940163e+05 -7.653704e+07 +2.478114e+08 -1.032512e+10 -3.211076e+11 -3.554139e+14 +9.895588e+16 +1.923293e+18   
S15-146   +1.099968e+02   +2.569881e-07 +3.112427e-05 -2.247468e+00 -2.526893e-02 -1.789709e+00 +2.385351e+02 -5.165920e+03 -7.193550e+04 +1.486631e+09 -2.825406e+08 +6.117386e+10 -2.971648e+12 +4.132599e+14 +1.699241e+16 -3.329486e+20   -6.635498e-08 +1.106528e-04 +2.840919e-04 -3.837464e-02 +2.399408e+00 +9.175149e+00 -1.677610e+03 -1.302946e+05 -9.058901e+07 -1.405685e+08 +1.128837e+10 -2.178139e+12 -2.756455e+14 +1.067535e+17 +2.972997e+18   
S15-148   +1.099956e+02   +2.724515e-07 +5.039952e-05 -2.244672e+00 +1.201487e-02 -4.660793e+00 +2.725779e+01 -1.358769e+04 -6.563165e+04 +1.498836e+09 +2.015378e+07 -1.661131e+10 -6.345252e+12 +6.856922e+14 +2.315924e+15 -3.387301e+20   -5.014002e-08 +7.856628e-05 -1.623876e-03 -1.412102e-03 +1.027827e+00 -3.762328e+00 -7.306073e+02 -1.482771e+05 -8.669760e+07 -1.727103e+08 +6.390182e+10 -9.503162e+11 -3.059036e+14 +8.030094e+16 -1.480684e+19   
S15-149   +1.099964e+02   -6.555965e-08 +5.830047e-05 -2.247879e+00 -7.304783e-02 -2.097516e+00 -1.115506e+02 -2.922688e+03 -4.549407e+05 +1.359479e+09 +1.730873e+09 -1.000595e+10 +1.016928e+13 +7.332415e+14 +9.379489e+16 -3.109234e+20   +1.372624e-09 +1.123092e-04 -2.768722e-04 -4.724363e-02 -1.444067e-01 +7.408563e+00 +1.725930e+03 -5.898254e+04 -2.167503e+08 -4.820877e+07 -5.121686e+10 -6.761881e+12 -4.340727e+13 +7.570461e+16 +2.777374e+19   
S15-154   +1.099956e+02   +5.037335e-07 +3.232292e-05 -2.244829e+00 -7.165086e-04 -2.393662e+00 +1.805005e+01 -1.264584e+04 +2.885731e+05 +1.507861e+09 -1.694366e+09 -9.880559e+10 +3.202662e+12 +9.421204e+14 +4.545391e+15 -3.468503e+20   -3.407850e-07 +6.745608e-05 -8.062945e-04 +3.206598e-02 +3.446787e+00 +4.934786e+00 -1.682840e+03 -2.314753e+05 -1.180169e+08 +6.079350e+08 -9.688333e+10 +2.496981e+12 -3.811332e+14 +8.404317e+16 -7.793109e+18   
S15-155   +1.099967e+02   +1.560317e-07 +5.936750e-05 -2.247073e+00 -5.184337e-02 -1.775006e+00 +4.373541e+01 -5.055013e+03 -7.137609e+05 +1.431863e+09 -1.130473e+09 +4.080241e+10 -5.969515e+10 +1.811209e+14 +9.366563e+16 -3.406454e+20   +6.078774e-08 +8.449158e-05 -1.649746e-03 +1.452686e-02 -6.884498e-01 +1.387598e+01 +7.074451e+03 -2.450480e+05 -4.208521e+08 -3.017802e+09 +1.414290e+11 -1.795647e+12 -5.036913e+14 +7.130376e+16 +1.487159e+19   
S15-156   +1.099968e+02   +1.027504e-07 +6.743368e-05 -2.243736e+00 +6.047999e-03 -3.287837e+00 +4.474327e+01 -8.716175e+03 +1.353876e+05 +1.466081e+09 -1.686338e+09 +6.186955e+10 -8.643141e+12 +4.968479e+13 +5.605614e+16 -3.577144e+20   -5.255055e-08 +1.275488e-04 -1.659994e-03 -1.112540e-01 +6.619613e-01 +7.255020e+00 +5.011994e+02 -1.103521e+05 -3.797438e+08 +2.098738e+09 +6.978525e+09 +4.872482e+12 +4.565959e+14 +1.748186e+17 +7.633931e+18   
S15-157   +1.099962e+02   +4.391684e-07 +5.412821e-05 -2.246692e+00 +4.650439e-04 -5.272136e+00 +1.368635e+02 -1.563609e+04 -9.427317e+04 +1.334549e+09 -5.625320e+07 +1.884016e+10 +6.687455e+12 +5.345287e+14 +5.466522e+16 -2.998462e+20   -1.855146e-07 +1.143143e-04 -7.271368e-04 -2.914689e-02 -1.710778e-01 +1.112712e+01 +1.559162e+03 -2.820023e+05 -3.320303e+08 +1.321405e+09 -3.418277e+10 -8.073159e+11 +3.595588e+14 +7.951055e+16 +4.485967e+19   
S15-159   +1.099961e+02   +1.123816e-07 +7.918822e-05 -2.245595e+00 +3.479344e-02 -4.234038e+00 +3.587496e+02 -9.231073e+03 -1.713471e+05 +1.380482e+09 +3.644080e+08 +1.639675e+11 -7.133575e+12 +9.612750e+14 +1.076702e+17 -3.084372e+20   +1.130943e-07 +1.250440e-04 -8.199916e-04 -1.138537e-02 -1.430253e+00 -3.080672e+01 +2.361167e+03 -3.058473e+05 -2.320743e+08 -1.536911e+09 +3.898698e+10 +6.249142e+12 -5.159128e+14 +8.938517e+16 +2.943421e+19   
S15-162   +1.099967e+02   -7.712430e-08 +3.954120e-06 -2.246342e+00 -3.367780e-02 -2.348681e+00 +2.594718e+01 -4.389393e+03 +7.660624e+04 +1.508581e+09 +2.818635e+08 +2.070047e+10 +6.881354e+11 +1.583768e+14 +8.206672e+15 -3.343666e+20   +4.855669e-08 +1.049537e-04 -1.935730e-03 +3.851950e-02 -2.272856e+00 -7.348602e+00 +4.164744e+03 -4.325318e+05 -1.620849e+07 -9.657581e+08 +1.196251e+11 +3.885353e+12 -4.244254e+14 +1.175577e+17 -7.351924e+18   
S15-164   +1.099964e+02   -6.089513e-08 +8.394694e-05 -2.247254e+00 -3.235912e-02 -7.307363e+00 +5.291734e+01 -1.380884e+04 -2.147836e+05 +1.507079e+09 -1.609325e+07 -4.483421e+09 -6.444471e+11 +4.564087e+14 +8.791692e+16 -3.333048e+20   -1.951782e-07 +1.212002e-04 -1.089193e-03 -8.193205e-04 -1.478660e-02 +4.006047e+01 +3.030876e+03 -3.363841e+05 -1.530656e+07 -4.474899e+08 +3.982665e+10 -3.390140e+10 -4.503820e+14 +1.364058e+17 -6.483831e+18   
S15-165   +1.099965e+02   -6.146338e-08 +4.665504e-05 -2.246956e+00 -1.959029e-02 -4.520934e+00 +1.775146e+02 -9.276704e+03 -1.325329e+05 +1.499870e+09 +1.080993e+08 -1.163785e+10 +1.935109e+12 +5.731150e+14 +4.781439e+16 -3.339686e+20   -2.604015e-08 +1.010174e-04 -5.306871e-04 -7.776970e-03 -8.459604e-01 +1.966283e+01 +4.340131e+03 -1.917613e+05 -2.574982e+07 +9.736628e+07 +2.139169e+10 -1.010228e+12 -5.199629e+14 +9.921134e+16 -3.193676e+18   
S15-166   +1.099961e+02   +1.215797e-07 +7.087290e-05 -2.249946e+00 -3.514204e-02 -1.394728e+00 -1.431044e+01 -4.046925e+03 -2.480905e+05 +1.487159e+09 -1.396257e+07 -1.908969e+10 +2.475837e+12 +3.257120e+14 +5.203392e+16 -3.317359e+20   +2.210673e-07 +1.053819e-04 -2.632132e-04 -4.438452e-03 -3.474970e+00 +1.104839e+01 +6.236777e+03 -1.538943e+05 -1.756190e+07 -4.926674e+08 +1.012571e+11 +6.552206e+11 -5.959653e+14 +1.150876e+17 -4.503225e+18   
S15-167   +1.099965e+02   +3.836086e-07 +7.461234e-05 -2.247652e+00 -3.421755e-02 -5.129034e+00 -2.154240e+02 -1.574760e+04 -1.901951e+05 +1.457046e+09 -1.913065e+08 -4.556860e+10 +5.607171e+12 +6.922479e+14 +6.777957e+16 -3.253433e+20   +3.893832e-08 +1.211039e-04 -1.477362e-04 -2.036086e-02 -1.887681e-02 +1.370029e+01 +1.445718e+03 -2.368783e+05 -1.014695e+08 -8.356780e+07 +8.030860e+10 -2.689553e+12 -2.258376e+14 +9.947462e+16 +4.630529e+18   
S15-168   +1.099965e+02   +1.318090e-07 +5.068937e-05 -2.247030e+00 -3.983274e-02 -2.013238e+00 +7.616604e+01 -5.972958e+03 -3.942191e+04 +1.468555e+09 -3.636887e+08 +6.840225e+10 +1.459852e+12 +2.214343e+14 +1.856455e+16 -3.261024e+20   +5.905978e-08 +1.166250e-04 -1.318614e-04 +1.543283e-02 -1.070220e+00 +1.976969e+01 +5.187166e+03 -3.253783e+05 -9.021686e+07 +1.254814e+08 +4.823575e+10 -7.874580e+11 -8.333792e+14 +1.316025e+17 +4.043857e+18   
S15-170   +1.099969e+02   +4.746311e-07 +3.944193e-05 -2.246597e+00 -1.338340e-01 -8.721881e-02 +3.330374e+02 -8.798206e+03 -3.548431e+05 +1.498495e+09 +8.395588e+08 -5.728081e+10 -5.176798e+12 +5.994486e+14 +5.522847e+16 -3.340206e+20   +1.972074e-07 +1.125383e-04 -4.777220e-04 +6.302639e-02 -3.950830e+00 +1.169431e+01 +6.992159e+03 -5.328501e+05 -1.878345e+07 -2.972129e+08 +9.593416e+10 +1.317351e+12 -5.066567e+14 +1.278430e+17 -3.180393e+18   
S15-171   +1.099958e+02   +1.687792e-07 +4.287879e-05 -2.247451e+00 -1.979696e-03 +1.442142e+00 -5.180106e+00 -1.141524e+03 +9.129730e+03 +1.490351e+09 -1.181188e+08 -4.649888e+10 +1.327443e+12 +1.952350e+14 +2.484408e+16 -3.345803e+20   +1.173438e-07 +1.315715e-04 -6.639393e-04 -5.999574e-02 -4.386545e-01 +1.435100e+01 +3.879975e+02 -1.351562e+05 -2.014904e+07 +1.007865e+08 +7.482458e+10 -7.304581e+10 -4.025580e+14 +1.180328e+17 -3.976675e+18   
S15-172   +1.099960e+02   +1.466129e-08 +8.420931e-05 -2.247248e+00 -4.536264e-02 -3.811880e+00 -2.403316e+00 -6.138256e+02 -8.456370e+04 +1.442818e+09 -4.544511e+07 +1.436013e+11 +3.701827e+12 -2.022864e+14 +7.200361e+16 -3.289290e+20   +2.770647e-07 +1.295773e-04 -5.623502e-04 -4.162224e-02 +1.971638e+00 -1.447076e+01 -8.430001e+03 -7.782948e+04 -9.627014e+07 -4.707518e+08 +5.811288e+10 +3.205879e+12 +1.577873e+14 +1.334175e+17 +3.010455e+18   
S15-174   +1.099963e+02   -5.905165e-08 +6.482065e-05 -2.247510e+00 -2.510978e-02 -1.775438e+00 +1.345861e+02 -1.066151e+03 -2.763619e+05 +1.461879e+09 +9.482628e+08 +5.267814e+10 +2.575514e+12 -4.340863e+13 +5.905176e+16 -3.285010e+20   +5.934300e-08 +1.469206e-04 -1.099148e-04 -3.259781e-02 -1.896122e+00 +2.256134e+01 +3.775512e+03 -3.636062e+05 -1.393439e+08 -5.982661e+07 +1.190709e+11 -1.971066e+12 -3.856629e+14 +1.684167e+17 +1.216345e+19   
S15-175   +1.099964e+02   +1.541472e-07 +6.612368e-05 -2.247260e+00 -3.133493e-02 -3.839503e+00 -5.339024e+01 -1.026074e+04 -1.439920e+05 +1.507404e+09 +5.282721e+08 -4.245974e+10 +1.754951e+12 +5.861445e+14 +6.118042e+16 -3.353418e+20   +1.689600e-07 +1.257994e-04 -1.539858e-03 -4.318264e-02 -1.879357e+00 +3.777748e+01 +4.582360e+03 -1.547622e+05 -1.573969e+07 -2.400887e+08 +9.601523e+10 -4.225418e+11 -5.826621e+14 +1.464581e+17 -7.923518e+18   
S15-176   +1.099958e+02   +1.242807e-07 +4.003010e-05 -2.245427e+00 -3.592590e-02 -8.934691e-01 -1.974873e+01 -3.426398e+03 -1.752747e+05 +1.524507e+09 -7.234180e+08 -3.280258e+10 -3.718988e+12 +2.781677e+14 +6.463252e+16 -3.458971e+20   -3.157901e-07 +1.239237e-04 -7.960328e-04 -3.381967e-02 +2.152929e+00 +7.375515e+00 +2.739445e+03 -3.789370e+05 -8.301952e+07 -1.945267e+07 -3.856515e+09 -7.657759e+11 -8.654210e+14 +1.322972e+17 -8.605889e+18   
S15-177   +1.099966e+02   +1.817226e-07 +9.087727e-05 -2.247419e+00 -9.129782e-03 -4.725326e+00 -8.656607e+01 -1.377815e+04 -1.067803e+05 +1.378160e+09 -1.979000e+08 +3.503542e+09 +3.226639e+12 +1.061788e+15 +5.535956e+16 -3.090266e+20   -2.745493e-07 +1.264842e-04 -1.989326e-04 +3.339489e-03 +5.157706e+00 +1.450132e+01 -6.677830e+03 -4.294437e+05 -2.947733e+08 +1.046334e+09 -9.285623e+10 -2.746468e+11 -5.594458e+14 +1.358417e+17 +3.570788e+19   
S15-179   +1.099964e+02   -1.134851e-07 +8.031114e-05 -2.247555e+00 +3.699620e-02 -4.764694e+00 -1.152952e+01 -9.060567e+03 -1.711642e+05 +1.363831e+09 +1.415629e+09 +4.169781e+09 +7.625742e+12 +5.174606e+14 +9.268494e+16 -3.081611e+20   +2.662059e-08 +1.532986e-04 +5.411402e-04 -4.288282e-02 -1.923968e+00 +8.582136e+00 +1.980952e+03 -4.765120e+05 -3.101414e+08 -3.813548e+08 +5.446791e+10 -7.255229e+12 +1.448260e+14 +1.464936e+17 +4.522106e+19   
S15-180   +1.099953e+02   +2.172339e-07 +4.986693e-05 -2.246089e+00 -2.849909e-02 +6.391239e-01 -4.791644e+01 -4.266224e+03 -1.027312e+05 +1.511817e+09 -5.304634e+08 +1.552315e+10 +1.488182e+12 +9.279642e+12 +7.463332e+16 -3.417051e+20   +6.304905e-08 +1.299119e-04 -8.016316e-04 -4.879070e-02 -9.237049e-01 +2.374714e+01 +8.714636e+02 -4.050294e+05 -1.384456e+08 +7.742665e+06 +1.047664e+11 +8.893783e+11 +1.811998e+14 +1.898150e+17 -7.581756e+18   
S15-181   +1.099963e+02   +2.443381e-07 +9.078300e-05 -2.246047e+00 +3.116292e-02 -1.576415e+00 +7.126374e+01 -2.407437e+02 -1.376869e+05 +1.381014e+09 +5.815747e+08 +7.087780e+10 +1.045548e+12 +2.510764e+14 +7.343259e+16 -3.182958e+20   -2.910957e-08 +1.419600e-04 -1.562589e-04 -4.221417e-02 -2.135774e-01 -1.735527e+01 +1.030496e+03 -4.067541e+05 -1.852362e+08 +6.590073e+08 -1.617279e+10 +4.055676e+12 +2.867013e+13 +1.381424e+17 +2.439848e+19   
S15-183   +1.099958e+02   +2.006479e-07 +3.131420e-05 -2.245534e+00 -5.130582e-02 -1.505101e+00 -2.933276e+02 -4.225474e+03 +6.106480e+04 +1.499948e+09 -1.197018e+09 -1.065740e+11 +1.277231e+13 +6.140732e+14 -1.413168e+16 -3.453629e+20   -1.935771e-07 +1.457187e-04 -1.322094e-03 -4.056203e-02 -3.057485e+00 +2.785742e+01 +1.228489e+04 -3.875790e+05 -1.256370e+08 -6.815264e+08 +1.312264e+11 +2.192016e+12 -1.236066e+15 +1.646503e+17 -7.547629e+18   
S15-184   +1.099962e+02   +1.225361e-07 +6.761293e-05 -2.249346e+00 -1.334684e-02 -3.811483e+00 +2.773903e+02 -1.066510e+04 -6.627558e+04 +1.330119e+09 +1.681644e+09 +9.644370e+10 -9.474927e+12 +1.279182e+15 +3.620493e+16 -2.999545e+20   +4.713419e-08 +1.560098e-04 -4.253208e-05 -3.290020e-02 -3.592464e+00 -1.983672e+01 +6.251521e+03 -5.143631e+05 -3.607569e+08 +1.404397e+09 +7.045592e+09 +7.292781e+12 -3.889342e+14 +1.190965e+17 +4.609701e+19   
S15-185   +1.099963e+02   +2.003765e-08 +9.155226e-05 -2.247347e+00 -7.460876e-03 -3.278797e+00 +1.895316e+02 -8.112026e+03 -7.414448e+04 +1.335678e+09 +4.934773e+08 +3.364496e+10 -1.393071e+13 +7.115869e+14 +5.619814e+16 -2.935347e+20   -3.957447e-08 +1.388806e-04 +5.811382e-04 -5.544836e-02 -5.151751e-01 +7.170250e+00 +4.379504e+03 -3.963624e+05 -3.271959e+08 +1.883290e+09 -1.466390e+11 +3.080293e+12 -1.237249e+15 +1.596464e+17 +4.382544e+19   
S15-186   +1.099962e+02   +1.045115e-07 +4.896355e-05 -2.247624e+00 -3.725077e-04 -2.126907e+00 +1.279709e+02 -7.191780e+03 -5.209856e+04 +1.379315e+09 +2.800062e+08 -1.415119e+11 -1.960494e+12 +5.951845e+14 +6.361108e+16 -3.158501e+20   +2.228850e-07 +1.304311e-04 +1.213691e-04 -3.589208e-02 -3.211960e+00 +2.215420e+01 +1.922271e+03 -2.472361e+05 -2.498350e+08 +1.343745e+09 +4.581155e+10 -7.298165e+11 +3.663080e+14 +9.201463e+16 +3.191930e+19   
S15-187   +1.099960e+02   -1.967009e-07 +7.173863e-05 -2.247758e+00 -5.021760e-03 -5.903970e+00 +2.643324e+02 -1.062480e+04 -2.217648e+05 +1.401374e+09 +6.415441e+08 +8.204857e+10 -2.961824e+12 +3.878512e+14 +1.029924e+17 -3.124667e+20   +3.555153e-07 +1.403649e-04 -6.541465e-04 -2.757913e-02 -6.425252e+00 -3.212635e+00 +8.161590e+03 -4.110301e+05 -1.942962e+08 +3.195298e+07 +1.613420e+11 +2.407635e+12 -4.129805e+14 +1.142932e+17 +2.538627e+19   
S15-188   +1.099961e+02   +1.439913e-07 +8.758964e-05 -2.248780e+00 -4.118226e-02 -1.105037e+00 -2.348317e+01 -2.394315e+03 -4.077541e+05 +1.377072e+09 -7.067916e+07 +5.023767e+10 -3.004997e+12 +9.998336e+13 +1.024704e+17 -3.098409e+20   -5.579012e-08 +1.364948e-04 +1.443957e-04 -4.343780e-02 +2.661523e+00 -3.879144e+00 -2.877878e+03 -2.282973e+05 -2.270066e+08 -2.542851e+07 +5.194355e+10 +3.453507e+12 -8.372067e+14 +6.714050e+16 +2.580678e+19   
S15-189   +1.099960e+02   +3.626331e-07 +7.163842e-05 -2.247423e+00 -2.799162e-02 -2.569432e+00 -6.524070e+01 -7.489262e+03 -2.780672e+05 +1.432506e+09 +1.030650e+09 +4.068864e+09 +9.394651e+12 +3.721167e+14 +7.114523e+16 -3.296743e+20   +1.748796e-07 +1.398202e-04 +2.191824e-04 -7.470663e-02 -1.929996e+00 +3.620090e+00 +2.891965e+03 -2.671272e+05 -2.339231e+08 +2.206391e+09 +3.347857e+10 +2.067379e+11 +2.047809e+13 +1.300754e+17 +2.800711e+19   
S15-190   +1.099971e+02   -5.192457e-09 +6.933547e-05 -2.246455e+00 -4.335331e-02 -4.882913e+00 -1.855105e+01 -6.688451e+03 -2.017678e+05 +1.433529e+09 +1.486911e+09 +2.227424e+11 -4.796414e+11 -1.813201e+14 +6.817697e+16 -3.267028e+20   +1.747157e-07 +1.234668e-04 +1.601655e-04 +3.699429e-02 +6.441539e-01 +2.818463e+01 -4.308108e+03 -3.782717e+05 -2.323480e+08 +5.258617e+08 +8.257980e+10 -7.599858e+12 -2.554000e+14 +2.202802e+17 +2.189837e+19   
S15-191   +1.099991e+02   -6.994525e-08 +5.613065e-05 -2.245712e+00 -9.129275e-02 -8.342313e+00 +1.077742e+02 -9.125311e+03 -2.878692e+05 +1.416252e+09 +6.010040e+08 +2.224341e+11 -1.194326e+12 +1.087433e+14 +5.192396e+16 -3.234904e+20   -4.472842e-07 +1.319496e-04 -5.330291e-04 -5.766603e-02 +7.494235e+00 +1.711649e+01 -6.799800e+03 -2.806451e+05 -1.311503e+08 +1.395437e+09 -1.762732e+11 +7.542390e+12 -1.592361e+15 +1.190985e+17 +2.150508e+19   
S15-192   +1.099963e+02   +2.290418e-07 +1.276685e-04 -2.244969e+00 +5.134107e-02 -2.780721e+00 -2.350354e+02 -7.788789e+03 -2.091387e+05 +1.385574e+09 -3.730738e+08 -1.057762e+10 +8.424737e+12 +5.136084e+14 +1.189958e+17 -3.109895e+20   -3.630205e-08 +1.503100e-04 +8.969602e-04 -4.579167e-02 +1.897014e+00 +1.495188e+01 -4.424741e+03 -3.591456e+05 -2.881482e+08 +4.488903e+08 -1.389243e+09 -6.124678e+12 -3.837831e+13 +1.100096e+17 +3.874091e+19   
S15-193   +1.099968e+02   +4.008639e-07 +4.844806e-05 -2.245914e+00 +6.121348e-03 -3.637789e+00 +1.407759e+01 -1.424221e+04 -1.229833e+05 +1.444617e+09 -1.307663e+09 +5.463494e+10 +5.585697e+12 +1.108623e+15 +6.925359e+16 -3.261843e+20   +5.167611e-08 +1.347056e-04 +2.753497e-04 -4.558995e-02 -3.522710e-01 +3.042502e+01 +6.403139e+03 -5.986041e+04 -1.997884e+08 -7.403838e+08 +6.474683e+09 +1.201320e+12 -1.924847e+15 +1.197303e+17 +1.104973e+19   
S15-194   +1.099963e+02   +1.241997e-07 +2.704863e-05 -2.245204e+00 -2.037064e-02 -3.022008e+00 +5.129752e+01 -3.564204e+03 +5.902506e+04 +1.381771e+09 -4.787436e+08 +1.595668e+10 +9.346278e+12 +1.337722e+14 -5.381704e+14 -3.125869e+20   -5.246973e-08 +1.258020e-04 +3.756974e-04 -1.832548e-03 -2.659562e+00 -1.800505e+01 +7.866469e+03 -4.225691e+05 -2.194053e+08 +8.874519e+07 -7.481915e+10 +3.307420e+12 -9.006138e+13 +9.639415e+16 +2.859894e+19   
S15-195   +1.099975e+02   +2.772225e-07 -1.104768e-05 -2.246727e+00 -7.888342e-02 -4.620747e+00 +5.291424e+01 -1.484077e+04 -2.391867e+04 +1.455435e+09 -6.755125e+08 -5.194197e+10 +5.854359e+12 +1.167995e+15 -5.284797e+16 -3.459289e+20   -4.907825e-08 +1.545995e-04 -1.114764e-03 +2.904804e-02 -1.890256e+00 +1.962342e+01 +9.295039e+03 -6.025717e+05 -3.384201e+08 -1.182155e+08 +1.335787e+11 -2.117605e+12 -7.070341e+14 +1.871437e+17 +1.277456e+19   
S15-197   +1.099970e+02   +2.096584e-07 +3.054853e-05 -2.246125e+00 -5.413494e-02 -6.267678e+00 +1.074324e+02 -1.406396e+04 -1.192883e+05 +1.449550e+09 +3.675617e+07 -4.672816e+10 +7.836310e+12 +1.942805e+15 +1.836298e+16 -3.587779e+20   -2.107155e-07 +9.708783e-05 -1.473716e-03 +4.149009e-02 -4.676111e-01 -2.579628e+01 +1.411779e+03 -4.505325e+05 -3.220260e+08 +7.647675e+08 +1.663325e+11 +1.596674e+13 -7.420564e+14 +5.677818e+16 -1.448354e+19   
S15-199   +1.099972e+02   -6.879935e-08 +7.036715e-05 -2.245967e+00 -4.487499e-02 -5.615566e+00 -4.855242e+01 -1.174076e+04 -2.891876e+05 +1.481221e+09 +5.355808e+07 -3.405015e+10 -2.590880e+12 +9.646536e+14 +4.829577e+16 -3.739638e+20   +2.545338e-07 +1.157832e-04 -4.613304e-04 -5.101056e-02 -2.422143e+00 +2.413641e+01 +3.243025e+03 -2.267825e+05 -4.173203e+08 +2.495034e+09 +4.696492e+10 -6.166958e+12 -2.070471e+14 +1.529455e+17 +2.104164e+18   
S15-206   +1.099963e+02   -2.151576e-07 +8.820454e-05 -2.245525e+00 -2.591609e-02 -1.857103e+00 -1.146391e+02 -2.455498e+03 +3.116006e+04 +1.435640e+09 -2.114589e+09 +4.503768e+10 +4.184464e+12 +5.337854e+14 +1.898454e+16 -3.351851e+20   +6.400188e-08 +1.258179e-04 -1.303973e-03 -1.464180e-02 +1.649921e+00 +1.920668e+01 +2.148428e+03 +5.377540e+04 -3.807201e+08 +2.221128e+09 +7.119704e+10 -9.053925e+12 -1.100684e+15 +3.877333e+16 +3.009469e+19   
S15-207   +1.099965e+02   +1.912355e-07 +7.016649e-05 -2.246811e+00 -1.390551e-02 -4.480676e+00 -7.206629e+01 -1.261473e+04 +3.747148e+01 +1.515214e+09 -3.135302e+08 +6.078486e+10 +1.675286e+12 +7.255245e+14 +3.949327e+16 -3.345950e+20   +3.254471e-07 +1.194742e-04 -1.076790e-03 +1.639829e-02 -3.574896e+00 +3.124329e+01 +3.728922e+03 -3.589011e+05 -1.894920e+07 +7.886125e+07 +7.671407e+10 +1.798271e+12 -5.857857e+14 +1.268751e+17 -5.334132e+18   
S15-209   +1.099974e+02   +1.251172e-07 +5.871014e-05 -2.246082e+00 -8.318736e-02 -4.823457e+00 -2.726531e+02 -1.337563e+04 -5.926884e+05 +1.459483e+09 +2.509132e+09 +8.603977e+09 +1.878382e+13 +1.230726e+15 -4.988928e+15 -3.766228e+20   +1.221828e-07 +1.154669e-04 -6.954606e-04 +2.797189e-02 -2.076469e+00 +8.115255e+00 +4.165340e+03 -2.119116e+05 -4.441755e+08 -4.305372e+09 +1.820179e+11 +5.439751e+12 -1.013627e+15 +1.587042e+17 -3.345822e+18   
S15-210   +1.099973e+02   +2.660782e-07 +7.585515e-05 -2.246858e+00 -3.102159e-02 -2.700042e+00 +6.668513e+01 -1.260869e+04 -2.888407e+05 +1.503601e+09 -1.694570e+09 -1.288432e+11 +1.663876e+12 +3.782311e+14 +3.894551e+16 -3.699058e+20   +1.612341e-07 +1.104026e-04 -2.590855e-04 +1.509739e-02 -1.084768e+00 +2.754340e+01 +4.447742e+03 -2.535520e+05 -4.816750e+08 +1.114732e+09 +5.644704e+10 -3.423226e+12 -2.073112e+15 +1.315457e+17 +4.865250e+18   
S15-212   +1.099964e+02   +5.009346e-07 +3.911956e-05 -2.246556e+00 -9.704199e-02 -2.614636e+00 +8.928409e+01 -8.897084e+03 -2.047932e+05 +1.465506e+09 +4.505628e+08 +1.987985e+11 +1.916354e+12 +2.764818e+13 +6.811813e+16 -3.383349e+20   +4.798763e-08 +1.295135e-04 -1.340971e-03 -4.659319e-02 -1.061937e+00 -1.093736e+01 +3.604025e+03 +1.887928e+05 -2.167348e+08 -2.558037e+08 -1.597262e+11 +2.364802e+12 -7.509493e+14 +8.220486e+16 +1.364066e+19   
S15-213   +1.099967e+02   +2.701237e-08 +6.747597e-05 -2.245436e+00 -1.277627e-02 -4.057982e+00 -1.012489e+02 -1.369608e+04 -1.505759e+05 +1.482298e+09 -1.627444e+08 -5.842665e+09 +2.759396e+11 +7.812304e+14 +4.385309e+16 -3.382290e+20   -7.549681e-09 +1.035184e-04 -9.026250e-04 -9.805649e-03 +3.503806e-01 +1.138391e+01 +1.262659e+03 -3.781443e+05 -6.607977e+07 -1.962069e+08 +7.154822e+10 +3.072803e+12 -4.656639e+14 +1.226926e+17 -1.030765e+19   
S15-215   +1.099959e+02   +2.103450e-07 +6.699421e-05 -2.241744e+00 -3.804075e-02 -7.225015e+00 +1.145255e+01 -1.915809e+04 -1.224772e+05 +1.463132e+09 -3.897976e+09 +4.000090e+10 +7.989445e+12 +1.221446e+15 +9.189888e+16 -3.271296e+20   +1.162337e-07 +1.417750e-04 -7.140533e-04 -2.319423e-02 -4.562745e+00 -2.330720e+01 +7.194672e+03 -5.437052e+05 -3.049645e+08 +4.894732e+08 +1.920840e+11 +6.856769e+12 -9.593494e+13 +1.316177e+17 +2.226872e+19   
S15-216   +1.099955e+02   +6.855880e-08 +5.970878e-05 -2.243021e+00 -5.121410e-02 -4.252730e+00 -3.356243e+01 -1.152108e+04 -1.507637e+05 +1.487847e+09 +8.203373e+07 -6.725197e+09 -1.981502e+12 +9.772263e+14 +4.827973e+16 -3.359395e+20   +2.761391e-08 +9.710825e-05 -1.161386e-03 +3.652712e-02 -2.068364e+00 +1.694101e+01 +5.382511e+03 -4.050320e+05 -6.941005e+07 -1.007298e+09 +1.485617e+11 -4.060531e+12 -1.102232e+14 +1.337945e+17 -9.678269e+18   
S15-218   +1.099975e+02   +2.017818e-07 +6.175671e-05 -2.245574e+00 -5.491378e-03 +1.683155e-01 +1.437948e+02 -6.606552e+03 -5.745543e+05 +1.432969e+09 +1.194356e+09 -1.273742e+11 +5.186973e+12 +6.969737e+14 +8.543702e+16 -3.397464e+20   -3.197571e-08 +1.367494e-04 -1.206239e-03 -2.020882e-02 -3.039513e+00 +3.273611e+01 +8.261507e+03 +1.495532e+05 -2.482386e+08 -1.336469e+09 -1.928676e+10 +7.911769e+12 -4.238195e+14 +9.884188e+16 -4.693978e+18   
S15-219   +1.099958e+02   +1.805603e-07 +8.606713e-05 -2.246842e+00 +1.002609e-02 -3.520340e+00 +7.485099e+01 -1.400194e+04 -1.029479e+04 +1.428735e+09 +2.493002e+09 -4.308813e+10 -2.285516e+12 +9.843085e+14 +3.237016e+16 -3.340363e+20   -6.568681e-08 +1.306194e-04 -1.207407e-03 -3.099076e-02 +1.457483e+00 +1.637742e+01 -2.170566e+03 +5.833350e+04 -3.538485e+08 -3.093680e+07 -1.595336e+11 -2.921595e+12 -4.053788e+14 +7.727190e+16 +2.035387e+19   
S15-220   +1.099949e+02   -6.131884e-08 +6.416229e-05 -2.248602e+00 -6.679521e-02 -1.422577e+00 +9.968471e+01 -1.609900e+03 -2.885592e+05 +1.498852e+09 +3.343908e+08 +1.855781e+10 +9.867257e+10 -3.246421e+14 +2.919426e+16 -3.467273e+20   +2.019298e-07 +1.037799e-04 -8.332011e-04 -5.246134e-03 -1.243158e+00 +1.967947e+01 -6.532247e+02 -2.097180e+05 -1.500074e+08 +1.022272e+08 -1.015763e+10 -3.834774e+12 -4.171481e+13 +5.179323e+16 -5.083729e+18   
S15-221   +1.099958e+02   +1.285126e-07 +3.038430e-05 -2.249542e+00 +1.463863e-02 -3.234026e+00 -1.088376e+02 -8.684063e+03 +1.117191e+05 +1.464396e+09 +4.201562e+08 +6.356330e+10 +1.902756e+12 +1.625974e+14 +2.670235e+16 -3.286475e+20   +1.342253e-07 +9.459525e-05 -3.480198e-04 -8.204830e-03 +1.519462e+00 +2.821137e+01 -4.819929e+03 -2.575658e+05 -1.028162e+08 +3.090916e+08 +6.108327e+10 +3.519513e+11 -1.344785e+14 +6.475295e+16 -9.933170e+17   
S15-222   +1.099976e+02   -7.260564e-08 +8.184256e-05 -2.245624e+00 -6.536995e-02 -2.978548e+00 +9.711621e+01 -2.968607e+03 -1.656041e+05 +1.446688e+09 -1.852877e+09 +7.111062e+10 -4.165270e+12 +5.919327e+14 +1.185718e+17 -3.260124e+20   +1.290268e-08 +1.014831e-04 -1.343870e-03 +3.945867e-02 +2.051140e+00 +2.848628e+01 +1.202957e+03 -8.627652e+05 -4.047216e+08 -1.066007e+09 +1.429328e+11 -6.045801e+12 -6.029181e+14 +2.238705e+17 +2.607037e+19   
S15-223   +1.099965e+02   +4.248007e-07 +6.573206e-05 -2.246319e+00 -5.799422e-02 -1.765574e+00 +2.567910e+01 -1.108566e+04 -2.348378e+05 +1.480808e+09 -1.348365e+09 -8.667465e+10 -6.332475e+11 +1.342753e+15 +9.396535e+16 -3.305197e+20   -4.794011e-08 +1.350698e-04 -1.134810e-03 -3.731787e-02 +4.758170e-01 -2.455869e-01 +4.941100e+02 -1.704894e+05 -2.941206e+08 -8.900785e+08 -1.034522e+11 +6.129348e+12 -1.327057e+14 +7.571371e+16 +2.420907e+19   
S15-227   +1.099958e+02   +1.743093e-07 +6.133094e-05 -2.247789e+00 -2.286470e-02 -3.200636e+00 -3.247847e+01 -8.595628e+03 -7.189915e+04 +1.432301e+09 -9.456216e+08 +8.487837e+10 +3.552383e+12 +7.183979e+14 +7.664803e+16 -3.357148e+20   +1.502497e-07 +1.430445e-04 -1.581340e-03 -3.774377e-02 -1.561927e+00 +2.788556e+00 +1.933760e+03 -3.511610e+05 -2.686340e+08 -8.121638e+08 +5.570698e+10 -6.275342e+12 +1.621748e+14 +1.323123e+17 +6.914808e+18   
S15-228   +1.099965e+02   -8.282703e-08 +4.900718e-05 -2.245317e+00 -1.002186e-01 -8.197979e+00 -3.661256e+01 -1.588312e+04 -2.265788e+05 +1.470429e+09 +8.964051e+07 +6.492051e+10 +5.925391e+12 +6.493463e+14 +4.948819e+16 -3.341574e+20   +2.284890e-08 +1.341347e-04 -1.100488e-03 -4.089025e-02 +1.972005e-01 -4.112737e+00 +2.570112e+03 -1.851548e+05 -2.409449e+08 +3.179288e+08 +5.129485e+10 +2.459183e+12 -5.652819e+14 +7.896045e+16 +7.516533e+18   
S15-229   +1.099970e+02   +8.837580e-08 +5.718220e-05 -2.246045e+00 -5.863700e-02 -3.931544e+00 +4.644258e-02 -7.383581e+03 -1.815138e+05 +1.489436e+09 +1.340557e+09 +2.199532e+11 -4.833744e+12 -1.457323e+14 -4.082953e+16 -3.361390e+20   +1.007297e-07 +1.060455e-04 -5.085542e-04 +2.817014e-02 +4.483360e-01 +2.113474e+01 -1.615188e+03 -6.556206e+05 -3.035374e+08 +8.023206e+08 +1.253901e+11 +1.355454e+13 -3.515507e+14 +1.880909e+17 +3.065205e+19   
S15-230   +1.099968e+02   +3.580035e-08 +5.151205e-05 -2.246176e+00 -6.008541e-02 -2.208152e+00 +1.160044e+01 -5.030934e+03 +2.438649e+03 +1.492094e+09 -1.717529e+09 +1.151256e+11 +2.554178e+12 +2.260637e+13 +4.933254e+16 -3.306823e+20   +1.626112e-07 +1.213325e-04 -6.257449e-05 -2.227235e-02 +6.881082e-01 +4.378607e+01 -1.375819e+03 -2.805046e+05 -2.492569e+08 +1.785019e+09 -5.540820e+10 -3.271239e+12 -2.834625e+14 +1.489303e+17 +2.853703e+19   
S15-231   +1.099958e+02   +1.707646e-07 +3.670385e-05 -2.246399e+00 -1.686638e-02 -3.616964e+00 -2.917650e+01 -6.497694e+03 -3.212589e+05 +1.460103e+09 +3.124214e+08 -1.726495e+11 +1.259052e+13 -7.513958e+14 +7.205598e+16 -3.693631e+20   -6.140224e-10 +1.439939e-04 -3.449973e-04 +9.786165e-03 +2.803567e-01 -8.685550e+00 -2.135191e+03 -2.015377e+05 -4.316450e+08 +7.202570e+08 -2.459515e+11 +1.356764e+13 +4.067717e+14 +6.892261e+16 +9.374967e+18   
S15-232   +1.099972e+02   +1.340936e-07 +4.943007e-05 -2.246185e+00 -5.615296e-02 -3.520682e-01 -5.745444e+01 -3.567694e+03 +1.169893e+04 +1.479442e+09 -1.651668e+09 -1.431776e+11 -8.625422e+12 -4.055178e+13 +7.639221e+16 -3.365331e+20   +2.437946e-08 +1.236839e-04 -1.731694e-04 -2.761039e-03 -7.553566e-01 -1.008202e-01 +6.085093e+02 -3.816744e+05 -2.576433e+08 +1.165529e+09 +4.183971e+10 -8.451344e+11 -1.742337e+13 +1.050122e+17 +2.091174e+19   
S15-234   +1.099965e+02   +2.707952e-07 +7.003850e-05 -2.244984e+00 -2.263312e-03 -2.633397e+00 +1.802036e+02 -1.235088e+04 -1.931131e+05 +1.379941e+09 -1.770390e+09 -5.918106e+10 -3.125415e+12 +9.622379e+14 +3.888879e+16 -3.349871e+20   +1.581059e-07 +1.151368e-04 -1.177950e-03 +4.158512e-02 -1.232760e+00 +8.243367e+00 +5.717643e+03 -5.203636e+05 -4.454423e+08 -1.002494e+09 +9.355570e+10 +1.418802e+13 -1.299932e+15 +1.202639e+17 +5.332806e+19   
S15-236   +1.099963e+02   +2.985081e-07 +5.637371e-05 -2.247536e+00 -2.579098e-02 -3.115474e+00 -7.895159e+00 -9.928516e+03 -3.539928e+05 +1.345053e+09 +1.280035e+09 +2.768155e+10 +1.136994e+13 +5.567694e+14 +1.199489e+17 -3.073711e+20   -1.082362e-07 +1.342465e-04 -8.528334e-04 -2.208742e-02 -8.356940e-01 +1.460295e+01 +2.050469e+03 -2.984038e+05 -2.895858e+08 -4.130610e+08 +1.596830e+11 -3.849165e+12 +9.158999e+13 +6.476541e+16 +3.220068e+19   
S15-237   +1.099960e+02   +2.151728e-07 +5.750624e-05 -2.244781e+00 -1.140391e-02 -4.532616e-01 +9.731399e+01 -5.230650e+03 -3.866193e+05 +1.474881e+09 +2.070425e+08 +2.059366e+10 -3.924575e+12 +8.996734e+14 +2.605608e+16 -3.328925e+20   -1.174565e-07 +1.202862e-04 -4.432002e-04 -1.641042e-02 -2.266579e+00 -4.260811e+00 +7.400447e+03 -5.207036e+05 -2.297092e+08 +7.619331e+08 +1.809002e+09 -7.463790e+12 +4.771112e+13 +1.597977e+17 +1.153068e+19   
S15-238   +1.099975e+02   -7.589898e-09 +6.514712e-05 -2.246767e+00 -3.954116e-02 -3.527768e+00 -7.574673e+00 -7.299863e+03 -1.082076e+05 +1.503181e+09 -6.994191e+07 -2.816542e+10 -1.959565e+11 +4.156150e+14 +6.762202e+16 -3.384630e+20   -2.685842e-08 +1.416675e-04 -6.213596e-04 -3.178477e-02 -1.877676e+00 +1.160729e+01 +3.346554e+03 -2.554457e+05 -2.400885e+08 +1.383884e+08 +8.983607e+10 +7.844191e+11 +4.184901e+14 +1.084614e+17 +1.530245e+19   
S15-239   +1.099961e+02   +1.945726e-07 +9.339840e-05 -2.245000e+00 -2.927109e-02 -2.631947e+00 -3.182689e+01 -7.521169e+03 -2.761650e+05 +1.488853e+09 -2.262300e+08 -1.788633e+10 +4.093964e+12 +3.403094e+14 +7.008194e+16 -3.362666e+20   +1.202303e-07 +1.041925e-04 -4.750060e-04 +1.233217e-02 +1.954867e+00 +1.335497e+01 -3.170757e+03 -5.158998e+05 -2.820618e+08 -1.456906e+09 +7.193795e+10 +2.012453e+12 -5.049086e+14 +1.718825e+17 +2.121250e+19   
S15-240   +1.099967e+02   +2.174653e-07 +1.023280e-04 -2.249193e+00 -1.125050e-02 -1.389066e+00 -7.906899e+01 -5.794466e+03 -3.058174e+05 +1.339757e+09 +4.819107e+08 -4.548808e+10 -5.662195e+11 +1.051174e+13 +9.255950e+16 -3.017102e+20   +5.515554e-08 +1.218003e-04 -1.019987e-05 -1.075970e-03 -5.195712e-01 +1.095394e+00 +2.289843e+03 -2.293438e+05 -3.028119e+08 +4.309114e+08 +7.946177e+10 -4.325434e+12 -5.277582e+14 +9.040698e+16 +3.445649e+19   
S15-242   +1.099971e+02   +1.371781e-07 +4.670737e-05 -2.246574e+00 -6.566989e-02 -2.462814e+00 +1.753238e+02 -8.225671e+03 +1.455024e+04 +1.486633e+09 +6.114775e+08 -3.644037e+10 -4.353081e+12 +3.119579e+14 +6.292996e+16 -3.390123e+20   +1.053971e-08 +1.188201e-04 -2.795088e-05 -2.031240e-03 -6.402386e-01 +4.041877e+01 +2.650479e+03 -3.743163e+05 -1.480403e+08 +8.887899e+08 +7.891300e+10 -2.983495e+12 -3.748189e+14 +1.084960e+17 -1.672010e+18   
S15-244   +1.099965e+02   +1.408213e-07 +6.656214e-05 -2.246261e+00 -6.372466e-02 -3.167286e+00 +1.271561e+02 -8.880292e+03 -2.493046e+05 +1.509984e+09 -3.269927e+09 +5.542242e+10 -4.417058e+11 +5.815353e+14 +8.568921e+16 -3.401839e+20   +2.856435e-10 +1.173673e-04 -1.673214e-04 -1.841102e-03 +2.897809e+00 -8.398260e+00 -7.453816e+03 -1.941237e+05 -2.573553e+08 -1.984986e+08 +1.933083e+10 +1.008527e+13 +1.048966e+15 +2.928364e+16 +1.156808e+19   
S15-245   +1.099966e+02   +3.382643e-08 +5.222261e-05 -2.247073e+00 -5.537703e-02 -3.380615e+00 +3.756126e+01 -6.537880e+03 -2.512805e+05 +1.493525e+09 +2.992189e+08 +6.230985e+09 -2.822354e+11 +3.518776e+14 +8.218738e+16 -3.310190e+20   -1.573359e-07 +1.063940e-04 -8.605735e-04 +4.352731e-02 +1.371071e+00 +7.481429e+00 +5.007922e+02 -5.201748e+05 -1.592747e+08 +3.678912e+08 +1.072080e+10 +1.958672e+12 -1.961468e+14 +1.283052e+17 +5.455030e+18   
S15-246   +1.099957e+02   +2.287975e-07 +6.123561e-05 -2.249462e+00 -2.771144e-02 -3.739008e+00 +8.975608e+01 -1.054382e+04 -1.400849e+05 +1.501949e+09 -5.400036e+07 +8.101166e+08 +6.568340e+11 +6.521189e+14 +6.653606e+16 -3.363536e+20   -1.938396e-07 +9.413104e-05 -1.112414e-03 +7.038540e-02 +1.389384e+00 +1.820725e+01 +1.806605e+03 -4.128999e+05 -2.491004e+07 -8.372555e+08 +6.812459e+09 +2.978295e+10 -6.877939e+14 +1.198443e+17 -3.073382e+18   
S15-248   +1.099965e+02   +4.033559e-08 +9.305060e-05 -2.250911e+00 +6.793432e-02 -1.682264e+00 -7.935582e+01 -4.608870e+03 -2.580935e+05 +1.332050e+09 -2.684934e+08 -5.981054e+10 +1.039164e+13 +2.730301e+14 +1.121057e+17 -2.967919e+20   -1.247089e-07 +1.337083e-04 -2.971203e-04 -3.652121e-02 +2.999904e+00 -3.314685e+01 -3.965591e+03 -2.822444e+05 -3.383259e+08 +8.630876e+08 -2.041026e+10 +1.362849e+13 -3.503696e+13 +9.363262e+16 +4.172436e+19   
S15-249   +1.099961e+02   +1.047167e-07 +7.121471e-05 -2.247108e+00 -9.020053e-03 -2.881008e+00 -8.081259e+01 -6.656545e+03 -2.502482e+05 +1.476726e+09 -5.899533e+08 +8.668922e+10 +2.379016e+12 +3.165524e+14 -3.822077e+14 -3.472991e+20   +1.799227e-07 +1.286675e-04 -3.098729e-04 +3.048604e-02 -3.684147e+00 +1.503603e+00 +6.087949e+03 -3.405363e+05 -2.220078e+08 -1.903778e+08 +1.135585e+11 +2.022606e+11 -9.075758e+14 +2.859600e+16 +2.470909e+17   
S15-251   +1.099963e+02   +1.888574e-07 +4.711652e-05 -2.247051e+00 -9.469828e-02 -7.433617e-01 +7.933356e+01 -3.907737e+03 -5.785911e+05 +1.401865e+09 +1.482979e+09 -4.407417e+10 +6.456284e+12 +3.132247e+14 +2.071945e+17 -3.267929e+20   +7.500274e-08 +1.214857e-04 -6.685709e-04 -1.923287e-02 -1.742139e+00 +2.222521e+01 +4.188191e+03 -3.786819e+05 -3.390329e+08 +2.321284e+09 -7.073502e+10 +2.837893e+12 -6.613207e+14 +9.076372e+16 +1.831466e+19   
S15-253   +1.099965e+02   +4.057069e-08 +6.855937e-05 -2.246879e+00 -6.398122e-02 -2.384731e+00 +1.619922e+01 -6.390806e+03 -4.252059e+05 +1.421991e+09 -6.119307e+08 +1.275728e+11 +2.821503e+12 -1.436756e+14 +7.119887e+16 -3.276544e+20   +3.852214e-08 +1.213937e-04 -7.246026e-04 -7.471399e-02 +3.160345e+00 +2.394255e+01 -2.149979e+03 +1.922413e+04 -2.511217e+08 +2.673696e+08 +1.178229e+11 -4.250455e+12 -1.048032e+15 +4.797203e+16 +1.499035e+19   
S15-256   +1.099964e+02   +1.917875e-08 +4.940238e-05 -2.252748e+00 -6.337976e-03 -3.437474e+00 +3.077723e+01 -8.777831e+03 -1.002727e+05 +1.348711e+09 +1.099678e+09 +9.784338e+10 -6.300164e+12 +1.070656e+15 +7.728977e+16 -3.041328e+20   -1.871831e-07 +1.318681e-04 -4.178347e-04 -5.449957e-03 +1.823952e-01 +1.164547e+01 +5.778013e+02 -3.666754e+05 -3.451510e+08 +7.167442e+08 -3.834990e+10 +1.011103e+12 +1.430316e+14 +8.885484e+16 +4.720925e+19   
S15-257   +1.099961e+02   +1.492297e-07 +7.714643e-05 -2.245751e+00 -4.042938e-02 -6.213163e+00 -2.260342e+02 -1.561745e+04 -2.071050e+05 +1.523951e+09 -8.775062e+08 +8.641203e+10 -2.069180e+11 +8.412177e+14 +1.326808e+17 -3.336706e+20   +1.668070e-07 +1.051884e-04 -9.576367e-04 +3.192247e-02 +2.583350e+00 -2.852677e-01 -6.146827e+03 -6.891128e+04 -2.572878e+08 +6.986848e+08 +1.084243e+11 -6.383486e+12 -3.388468e+14 +1.139449e+17 +1.039032e+19   
S15-258   +1.099967e+02   -6.631390e-08 +5.742150e-05 -2.247060e+00 -2.335259e-02 -5.755521e+00 +1.558831e+02 -3.609046e+03 -2.424661e+05 +1.462611e+09 -4.667415e+08 +2.218429e+11 -6.535072e+12 -1.476309e+13 +9.062544e+16 -3.363373e+20   -2.033048e-07 +1.252334e-04 -5.931954e-04 -6.449110e-02 +3.990157e+00 +7.943035e+00 -6.859161e+03 +2.648096e+05 -1.484004e+08 -3.505012e+08 +3.588938e+10 +1.496201e+12 +3.771245e+13 +2.609242e+16 +3.484479e+18   
S15-261   +1.099967e+02   +1.223428e-07 +4.738181e-05 -2.249064e+00 -5.747163e-02 -1.925683e+00 -2.911423e-01 -2.789415e+03 -4.069088e+05 +1.450878e+09 -3.079291e+08 -8.450476e+10 +3.765297e+12 -4.381153e+13 +1.036272e+17 -3.268535e+20   -1.526988e-07 +1.601381e-04 +2.496863e-04 -6.585811e-02 +4.218977e+00 -4.440186e+00 -7.309611e+03 -5.008854e+05 -1.232080e+08 +9.202094e+08 +6.775728e+10 -6.163151e+11 -1.011829e+14 +1.410565e+17 +4.383203e+18   
S15-263   +1.099969e+02   +1.816847e-07 +4.538562e-05 -2.248593e+00 -5.244104e-02 -1.639601e+00 +2.736232e+02 -4.757395e+03 +6.017851e+04 +1.454939e+09 -1.844295e+08 +2.505659e+10 -1.788339e+12 +5.117461e+14 +1.316594e+16 -3.264940e+20   -3.355047e-08 +1.220587e-04 +3.368292e-04 +5.918147e-03 +7.773433e-01 -2.711687e+00 +1.811411e+03 -4.271405e+05 -1.242909e+08 +5.237849e+07 +1.353056e+11 +4.112339e+12 -7.681213e+14 +1.018736e+17 +1.436458e+18   
S15-267   +1.099973e+02   +8.649483e-08 +6.993613e-05 -2.247633e+00 -1.192478e-02 -4.330321e+00 -2.918542e+01 -9.522279e+03 -8.478109e+03 +1.498062e+09 -3.450895e+08 +9.365384e+10 +1.024467e+13 +4.203752e+14 +1.235611e+16 -3.441183e+20   -1.864239e-08 +1.259433e-04 -1.816067e-04 -7.216843e-02 -6.073671e-02 +1.584893e+01 +1.647562e+03 +7.362015e+04 -2.230249e+08 +1.022512e+09 -7.673670e+09 -1.975288e+12 -1.744927e+13 +1.147382e+17 +1.607643e+19   
S15-271   +1.099972e+02   +1.272569e-07 +6.047422e-05 -2.247112e+00 -2.012179e-02 -1.005485e+00 +1.155679e+01 -6.185751e+03 -4.671393e+05 +1.477409e+09 -1.936361e+08 -8.434676e+10 +5.047513e+12 +1.077562e+15 +1.031213e+17 -3.479443e+20   -8.442398e-08 +1.031313e-04 -1.606614e-03 +3.192214e-02 +4.379604e+00 +4.234887e+00 -1.822641e+03 -3.024458e+05 -3.108134e+08 -1.803050e+08 -2.166954e+11 -2.192963e+11 -1.713031e+15 +6.295786e+16 -1.267337e+18   
S15-272   +1.099955e+02   +3.151265e-07 +5.152314e-05 -2.248563e+00 -5.343219e-02 -3.810274e+00 +1.976693e+01 -1.523505e+04 -2.974982e+05 +1.498471e+09 +6.919959e+08 +2.118609e+10 +5.285873e+12 +7.424139e+14 +1.194734e+16 -3.449503e+20   +5.861046e-08 +1.227646e-04 -7.007567e-04 -4.973455e-02 -3.165875e+00 +2.779455e+01 +8.082374e+03 -3.165348e+05 -2.844854e+08 +9.614057e+08 +5.274659e+10 -6.096510e+12 -8.586975e+13 +1.413858e+17 +1.780593e+19   
S15-274   +1.099958e+02   +2.159240e-07 +6.538251e-05 -2.247329e+00 -2.617634e-02 -4.762271e+00 -1.506422e+02 -1.457681e+04 -3.109885e+05 +1.475877e+09 +7.853114e+08 -6.366941e+10 -3.009989e+12 +4.090062e+12 +5.293986e+16 -3.290425e+20   +7.891344e-08 +9.693097e-05 -4.740395e-04 +6.408683e-02 +2.298237e+00 +3.952822e+01 -2.335925e+03 -6.841086e+05 -2.409443e+08 -1.481530e+09 +1.241134e+11 -1.159174e+12 +8.384116e+13 +1.873768e+17 +6.888282e+18   
S15-275   +1.099989e+02   +5.261989e-07 +6.633946e-05 -2.247297e+00 -4.354433e-02 -5.711908e-01 -1.849200e+02 -1.112897e+04 +2.100476e+04 +1.454969e+09 -9.986363e+08 -8.872811e+10 +4.000920e+11 +7.290959e+14 -4.595888e+16 -3.326613e+20   +1.149885e-07 +9.931290e-05 -1.696726e-03 -1.383691e-02 -1.280230e+00 +2.307803e+01 +1.342155e+03 -1.107312e+05 -3.239298e+08 +5.548852e+08 +7.458526e+10 +4.397757e+12 -1.514956e+14 +4.193201e+16 +1.480900e+19   
S15-276   +1.099969e+02   -5.124339e-08 +2.322024e-05 -2.252254e+00 -8.927735e-02 -5.772384e+00 +1.150441e+02 -8.004140e+03 -1.900517e+05 +1.498150e+09 -2.620405e+06 -1.825812e+10 -5.006188e+12 +4.816637e+14 +5.830200e+16 -3.326252e+20   -5.502848e-08 +8.957692e-05 -1.306894e-03 -1.100568e-02 +1.310559e-01 -6.677560e+00 +2.354873e+03 -3.343207e+05 -2.053327e+08 -4.411057e+08 +6.801682e+10 -1.304182e+12 -8.522656e+14 +1.451002e+17 -1.843025e+18   
S15-277   +1.099962e+02   +1.826659e-07 +4.652156e-05 -2.250549e+00 +1.941624e-02 -4.618382e-01 -6.982857e+01 -3.736906e+03 -5.828066e+04 +1.389546e+09 -3.216264e+07 -1.101819e+11 +4.622394e+12 +5.101928e+14 +6.639050e+16 -3.219465e+20   -4.710972e-08 +1.102359e-04 -5.615359e-04 -4.260328e-02 -2.822227e+00 -2.218425e+00 +4.956452e+03 -3.827152e+05 -1.985250e+08 +4.031526e+08 +1.169729e+11 +1.075887e+12 -1.572682e+14 +1.283357e+17 +2.449952e+19   
S15-278   +1.099965e+02   +1.536256e-08 +5.935037e-05 -2.249761e+00 -4.921538e-02 -4.332205e+00 +9.248022e+01 -8.080916e+03 +4.270240e+04 +1.443933e+09 -1.748707e+09 +8.061797e+10 -6.470500e+12 +6.557436e+14 +1.672925e+16 -3.345481e+20   -8.279003e-08 +9.073815e-05 -5.864087e-04 +2.670766e-03 +3.077687e+00 +3.496584e+00 -3.862794e+03 -1.651013e+05 -1.794595e+08 +8.002715e+08 -9.835667e+09 -7.793484e+12 +2.268351e+14 +1.096469e+17 +1.495238e+19   
S15-281   +1.099973e+02   +1.485617e-07 +2.010523e-05 -2.248652e+00 -8.786197e-02 +1.569333e+00 -1.333995e+01 -1.767541e+03 +7.012831e+03 +1.478301e+09 -5.228969e+08 -5.074224e+10 +1.599248e+12 +8.250059e+14 +4.179247e+16 -3.485070e+20   -1.799186e-07 +1.280352e-04 -5.713404e-04 -4.238861e-02 +1.213617e+00 +2.318366e+01 -1.492585e+03 -4.786142e+04 -2.857957e+08 +2.179577e+09 +8.534801e+10 -2.992924e+12 -7.471119e+13 +1.200213e+17 -1.089266e+19   
