# multipoles are divided by excitation current and units are [T], [m] and [A]
# harmonics (dipole n=0): 00 01 02 03 04 05 06 07 08 09 10 11 12 13 14 
# MAG_LABEL   CURRENT[A]   <NORMAL_MULTIPOLES/CURRENT>[T/m^(n-1)/A]   <SKEW_MULTIPOLES/CURRENT>[T/m^(n-1)/A]
S15-004   +2.999570e+01   +5.300060e-07 +7.198212e-05 -2.252434e+00 -4.135976e-02 -1.940676e+00 -1.171012e+02 -1.012590e+04 +8.584727e+04 +1.249129e+09 +6.025490e+08 +1.479212e+10 +1.283852e+13 +3.471528e+14 -3.184362e+16 -2.882065e+20   +4.558163e-08 +1.409403e-04 +6.049124e-04 -2.570227e-02 -2.523569e+00 +4.675547e+01 +6.613828e+03 -5.637001e+05 -4.338615e+08 +1.491883e+09 -1.789698e+10 -3.359668e+12 -4.280227e+14 +1.622960e+17 +7.189104e+19   
S15-006   +2.999575e+01   +3.086723e-07 +8.844963e-05 -2.252040e+00 -1.456452e-02 -6.972811e+00 +1.556714e+01 -1.900602e+04 -2.469053e+05 +1.265008e+09 +7.232601e+08 -7.806836e+10 +9.096255e+12 +1.352003e+15 +1.072083e+17 -2.867928e+20   -3.587335e-10 +1.060001e-04 +1.580183e-03 -6.269085e-02 +5.401115e-01 +8.132222e+00 -7.535821e+02 -8.761365e+04 -3.981114e+08 +1.802253e+09 +1.128164e+11 -1.162877e+13 -1.398807e+13 +3.237218e+16 +6.830674e+19   
S15-008   +2.999620e+01   +1.903240e-08 +5.409952e-05 -2.253539e+00 +4.200699e-03 -7.868570e+00 +7.711683e+01 -1.744951e+04 +2.869424e+05 +1.321071e+09 -2.855338e+08 +5.396020e+10 -4.617312e+12 +1.046526e+15 +7.258559e+15 -3.190860e+20   +1.929508e-07 +1.114508e-04 +4.666241e-04 -2.275393e-02 -7.062731e+00 +2.276356e+01 +1.064172e+04 -2.900195e+05 -1.889784e+08 -2.301511e+09 +9.022730e+10 +5.824744e+12 -3.633590e+14 +1.335340e+17 +2.205481e+19   
S15-009   +2.999595e+01   +2.163723e-07 +1.002155e-04 -2.255061e+00 +1.938815e-02 -8.168239e+00 -3.198440e+01 -1.620776e+04 -9.874836e+04 +1.316332e+09 +2.126158e+08 +8.594747e+10 -9.802360e+12 +1.190799e+15 +4.588323e+16 -3.154303e+20   +4.958826e-08 +9.733534e-05 -6.842520e-04 -5.868442e-03 +2.963128e+00 +3.889148e+01 -8.105054e+03 -1.402994e+05 -1.911469e+08 +8.810699e+08 +1.409843e+11 -6.559639e+12 +3.586224e+14 +4.703642e+16 +2.944184e+19   
S15-010   +2.999565e+01   +4.432483e-07 +9.666735e-05 -2.255683e+00 -4.924767e-02 -1.802976e+00 +6.155329e+01 -5.345382e+03 -2.443799e+05 +1.383256e+09 -5.700407e+08 +3.276762e+09 +4.830254e+12 +8.055251e+14 +7.172340e+16 -3.303670e+20   +2.577598e-08 +7.997096e-05 -5.179121e-04 +1.961116e-02 +4.871966e+00 -9.196027e+00 -9.456931e+03 +7.515513e+04 -3.269734e+07 -1.727629e+09 -8.659896e+10 +2.901267e+12 -4.552057e+13 +5.295865e+16 -1.901138e+18   
S15-014   +2.999600e+01   +2.167915e-07 +8.937772e-05 -2.251282e+00 -2.840041e-02 -1.547330e+01 -9.316135e+01 -3.815679e+04 -6.905581e+05 +1.380751e+09 -5.460335e+08 +1.002311e+11 +1.731071e+13 +3.533915e+15 +2.142055e+17 -3.252656e+20   +4.258588e-08 +1.270528e-04 -9.261015e-05 -1.659285e-02 -2.362680e-01 -5.952487e+01 -1.934585e+03 -7.647673e+05 -1.849443e+08 +1.651716e+09 +7.389679e+10 +3.826270e+13 +1.806943e+14 +2.344756e+16 +8.886595e+18   
S15-016   +2.999570e+01   +4.643936e-09 +6.861694e-05 -2.255854e+00 -8.427491e-02 -6.016649e+00 -5.910974e+01 -1.093273e+04 -1.912828e+05 +1.481133e+09 +1.015362e+09 +5.063866e+09 +3.724200e+12 +4.168551e+14 +8.438436e+16 -3.284028e+20   +9.540948e-08 +1.181961e-04 -1.049199e-03 -2.783941e-02 -2.692301e-01 +2.996927e+01 +3.903633e+03 -1.032909e+05 -2.808204e+07 -9.765073e+08 +4.558667e+10 +2.367175e+12 -1.122915e+15 +1.260808e+17 -2.693902e+18   
S15-017   +2.999575e+01   +2.914334e-07 +1.002782e-04 -2.256230e+00 -6.282963e-02 -1.599787e+00 -1.283001e+02 -5.337119e+03 -1.371480e+05 +1.472211e+09 +8.234553e+08 +7.503400e+10 +1.766369e+12 +2.555897e+14 +1.026736e+17 -3.269387e+20   +7.848515e-08 +1.340606e-04 -2.093876e-03 -3.390930e-02 +1.676748e+00 +2.995251e+01 -1.359138e+03 -9.117612e+04 -1.334710e+07 -1.201536e+09 -1.589718e+10 -5.185061e+12 +7.488758e+13 +1.228668e+17 -4.739875e+18   
S15-018   +2.999555e+01   +4.433521e-07 +1.075041e-04 -2.258754e+00 -2.058523e-02 +8.224983e-01 +5.972156e+01 -2.458551e+03 -2.204944e+05 +1.347370e+09 +9.380478e+08 -2.630062e+09 -5.387122e+12 +7.478863e+14 +1.362117e+17 -3.061785e+20   -1.576835e-07 +1.460199e-04 +7.135862e-04 -7.040621e-02 +1.090291e+00 -6.258728e+00 +2.776666e+02 +7.468951e+04 -2.858116e+08 -1.333995e+09 +4.804566e+10 +8.764997e+12 -7.533724e+14 +1.082898e+17 +4.025764e+19   
S15-021   +2.999585e+01   +3.802529e-07 +1.152911e-04 -2.256114e+00 -1.086648e-02 -3.331702e+00 +3.378131e+02 -9.235148e+03 -1.808236e+05 +1.503279e+09 +8.721033e+07 -3.747232e+09 -4.222294e+12 +6.440408e+14 +1.185171e+17 -3.326669e+20   -1.566396e-07 +9.811054e-05 -6.816513e-04 +9.036403e-03 +3.559436e+00 +1.293356e+01 -3.389846e+03 -3.310247e+05 -3.458048e+07 -1.982147e+08 +4.565555e+09 -1.052278e+12 -3.631189e+14 +1.119253e+17 -1.939117e+18   
S15-026   +2.999630e+01   +1.963075e-07 +1.437837e-04 -2.250917e+00 -1.291662e-02 -3.231988e+00 -5.563233e+01 -5.441844e+03 -4.486217e+05 +1.365548e+09 -6.017459e+08 +5.085437e+10 +5.924117e+12 +5.298650e+14 +1.819156e+17 -3.096296e+20   -2.605336e-07 +1.366802e-04 -1.153320e-03 -1.270867e-02 +1.280861e+00 +1.120451e+01 -3.020021e+03 -3.217792e+05 -2.731895e+08 +7.824022e+08 -9.460020e+10 +5.867090e+12 +9.299734e+14 +6.771789e+16 +3.927791e+19   
S15-027   +2.999560e+01   +3.990519e-07 +1.145143e-04 -2.250515e+00 -1.014935e-01 +5.306795e+00 -4.469366e+01 +7.232587e+03 -5.188494e+05 +1.500957e+09 +5.485538e+08 -7.985355e+10 +1.619698e+12 +1.181412e+14 +1.543443e+17 -3.307723e+20   +1.810815e-08 +1.372197e-04 -2.165321e-03 -1.037693e-02 +4.939278e+00 +2.926057e+01 -5.277264e+03 -1.597103e+05 -1.983887e+07 +6.032201e+08 +2.244566e+10 +7.681990e+11 -4.919662e+14 +1.267054e+17 -6.059835e+18   
S15-029   +2.999585e+01   +2.341014e-07 +2.065453e-05 -2.257055e+00 -7.154680e-02 -3.659593e+00 +9.685436e+01 -8.428119e+03 -3.512793e+05 +1.500569e+09 +4.404229e+08 +4.180638e+10 -2.001772e+12 +3.086467e+14 +5.404651e+16 -3.328112e+20   -2.390884e-07 +8.519729e-05 -7.006353e-04 +5.994203e-03 +5.809490e-01 +1.370796e+01 +4.786922e+03 -2.062331e+05 -6.231335e+07 -1.349621e+09 +2.676756e+10 +2.237586e+12 -6.606321e+14 +6.165886e+16 +3.755596e+18   
S15-030   +2.999560e+01   +2.182863e-07 +8.827721e-05 -2.249894e+00 -5.780258e-02 -7.041929e+00 -6.768629e+01 -1.477040e+04 -2.109821e+05 +1.383615e+09 +1.264640e+09 +2.627059e+10 -2.180400e+12 +6.756721e+14 +1.138980e+17 -3.145439e+20   +1.788895e-07 +1.272959e-04 +1.240896e-03 -3.743239e-02 -5.315566e+00 +2.542685e+01 +1.057178e+04 -8.159980e+04 -2.683947e+08 +1.065895e+09 +1.553755e+11 -1.643477e+12 +1.566061e+14 +4.466868e+16 +3.439254e+19   
S15-031   +2.999525e+01   +1.364449e-07 +4.419956e-05 -2.258027e+00 -3.812894e-02 -1.301841e+00 -7.872370e+01 -4.091998e+03 -1.607933e+05 +1.480449e+09 -4.890671e+08 +2.646669e+10 +1.881848e+12 +3.315674e+14 +3.997233e+16 -3.330675e+20   +2.157487e-07 +7.848776e-05 -8.702148e-04 -3.561381e-03 -2.433557e+00 +2.401724e+01 +3.142080e+03 -1.888896e+05 -2.723201e+07 -1.824890e+08 +5.818125e+10 -1.929433e+12 -4.787705e+14 +9.090226e+16 -6.056066e+18   
S15-032   +2.999545e+01   +1.181726e-07 +1.414651e-05 -2.259312e+00 -1.424856e-02 -2.463425e+00 +8.552634e+01 -4.023470e+03 +6.299629e+04 +1.477027e+09 +2.134896e+08 +9.619366e+08 -1.662033e+12 +4.363702e+14 +1.799028e+16 -3.320641e+20   -6.324289e-08 +9.900055e-05 -1.732464e-03 +4.650619e-03 +2.645271e+00 +1.335734e+01 -2.524908e+03 -4.368479e+05 -3.406667e+07 +4.535301e+07 +3.067071e+10 +2.583647e+12 -3.191949e+14 +1.249341e+17 -3.954830e+18   
S15-033   +2.999565e+01   +5.093935e-07 +3.739202e-05 -2.256016e+00 -8.779416e-02 -1.856846e+00 +1.057860e+02 -1.046345e+04 -3.308465e+05 +1.486438e+09 -1.302106e+08 -1.437736e+10 +8.340939e+11 +6.035338e+14 +6.750525e+16 -3.329002e+20   -9.820104e-08 +7.391262e-05 -1.838199e-03 -1.144512e-02 +1.833641e+00 +1.111706e+01 +1.451214e+03 -1.276769e+05 -8.166621e+07 +5.282699e+08 +3.176798e+10 +2.098992e+12 -1.119085e+15 +8.153112e+16 +9.103400e+18   
S15-034   +2.999580e+01   +1.003357e-07 +9.199931e-05 -2.246311e+00 -2.643484e-02 -5.934344e+00 -2.445593e+01 -1.014439e+04 -1.663837e+05 +1.383313e+09 +4.521436e+08 -1.248528e+11 +1.033372e+13 +2.947107e+14 +8.417578e+16 -3.090255e+20   +1.295288e-07 +1.254206e-04 +1.135806e-03 -6.138149e-03 +2.725674e-01 +4.122280e+01 -2.229520e+03 -3.708322e+05 -2.184714e+08 +1.269034e+09 +2.662321e+11 -2.499387e+12 -1.626442e+14 +1.261741e+17 +2.846861e+19   
S15-035   +2.999765e+01   +1.106174e-07 +7.138409e-05 -2.245192e+00 +1.232117e-02 -5.151264e+00 +2.505116e+02 -1.039964e+04 +1.099555e+04 +1.514588e+09 +1.567962e+08 -5.769249e+10 +1.794148e+12 +2.094557e+13 +9.902872e+16 -3.319438e+20   +9.576490e-08 +9.317670e-05 -1.912311e-03 +7.614433e-02 +3.373418e+00 +4.284182e+01 -5.938265e+03 -5.746393e+05 -3.849962e+07 -1.643895e+08 -1.085538e+11 +1.179786e+13 -5.894702e+14 +7.004612e+16 -2.359771e+18   
S15-036   +2.999540e+01   +3.901232e-07 +5.695467e-05 -2.246620e+00 -2.895035e-02 -1.487129e+00 +1.092531e+02 -8.615308e+03 -9.296609e+03 +1.495858e+09 +1.600906e+09 -6.261693e+10 +4.501337e+12 +1.329505e+14 +3.225452e+16 -3.220158e+20   -1.926376e-07 +1.146083e-04 -2.556044e-03 +1.087343e-02 +2.718653e+00 +6.033065e+01 +1.004670e+03 -1.578053e+05 -4.362946e+07 -2.461328e+08 +1.854549e+11 +5.389223e+12 -8.750275e+14 +1.158303e+17 -6.817759e+18   
S15-037   +2.999685e+01   +4.406136e-07 +1.048132e-04 -2.247369e+00 -2.574162e-02 -3.603935e+00 +2.182195e+02 -9.858882e+03 -3.352179e+05 +1.496702e+09 -8.833634e+08 -4.006301e+10 -1.515434e+12 +7.466857e+14 +7.123531e+16 -3.308900e+20   +9.256692e-08 +1.270058e-04 -2.058744e-03 -9.174400e-02 -5.788474e-01 +2.566428e+01 +6.547561e+03 -2.480780e+04 -2.189162e+07 -3.730918e+08 -8.828197e+10 +1.948238e+12 +5.069329e+14 +9.726021e+16 -4.340749e+18   
S15-038   +2.999545e+01   +4.901467e-07 +5.826727e-05 -2.249365e+00 -9.152625e-02 -7.569438e+00 +1.505220e+02 -1.944478e+04 -2.250579e+05 +1.492782e+09 -5.011923e+08 +5.488316e+10 -1.605921e+12 +8.328583e+14 +4.881057e+16 -3.289051e+20   -2.342403e-08 +1.182053e-04 +3.526025e-04 -6.175237e-03 -7.182556e-01 +4.112250e+01 +2.900937e+03 -1.270360e+05 -5.426863e+07 +1.676806e+08 +4.726310e+10 -2.030031e+12 -5.855195e+14 +1.280985e+17 +3.944545e+18   
S15-040   +2.999580e+01   +2.393668e-07 +1.451385e-04 -2.253926e+00 +3.862447e-02 -1.203481e+01 +4.671581e+01 -2.049067e+04 -1.501857e+05 +1.473515e+09 -8.709073e+08 +1.594004e+11 +2.623363e+12 +9.675568e+14 +1.373179e+17 -3.297089e+20   -1.493308e-07 +7.620780e-05 -1.369752e-03 +7.009498e-02 +5.734463e+00 +4.726252e+00 -6.915045e+03 -5.262363e+05 -5.296855e+07 -2.770792e+08 -5.949903e+10 -4.829606e+12 -6.365798e+14 +1.154122e+17 -1.356376e+18   
S15-041   +2.999550e+01   -1.263415e-07 +6.981974e-05 -2.252037e+00 -1.910000e-02 -6.386021e+00 +2.426612e+02 -1.172655e+04 -1.474709e+05 +1.457067e+09 -2.694530e+07 +9.714611e+10 -3.282389e+12 +2.803377e+14 +8.903646e+16 -3.200328e+20   +3.112708e-09 +1.329322e-04 -6.086760e-04 -4.096171e-02 -2.401358e+00 +1.984810e+01 +9.216866e+03 -2.471959e+05 -8.720445e+07 +2.945449e+08 +9.024770e+09 +2.712070e+12 -8.065737e+14 +1.457901e+17 +7.079922e+18   
S15-043   +2.999590e+01   +4.691008e-07 +1.089577e-04 -2.254159e+00 -1.793867e-02 -4.168986e+00 +7.978154e+01 -1.223775e+04 -1.476727e+05 +1.480988e+09 +3.369210e+08 +9.203838e+09 -4.780653e+11 +5.032374e+14 +7.601766e+16 -3.280498e+20   +5.664054e-08 +1.117017e-04 -7.701836e-04 -1.588632e-02 -2.255427e+00 +6.711954e+01 +7.212569e+03 -5.113822e+04 -3.019467e+07 +2.683144e+08 +9.044353e+10 +1.694091e+12 -5.957431e+14 +1.210851e+17 -5.064736e+18   
S15-044   +2.999590e+01   +3.731563e-07 +7.211566e-05 -2.254173e+00 +4.757107e-03 -2.125448e+00 +5.468931e+02 -7.720172e+03 -7.054091e+04 +1.492821e+09 -3.472198e+08 +1.245452e+10 -8.057451e+12 +4.144076e+14 +4.657203e+16 -3.276666e+20   -7.438913e-09 +1.154034e-04 -9.994959e-04 -4.917869e-02 +1.281671e+00 +5.685874e+01 +1.321984e+03 -9.745989e+04 -4.862468e+07 +7.628633e+08 +1.215690e+10 +3.018157e+12 -2.354146e+14 +8.954904e+16 -1.680696e+18   
S15-045   +2.999535e+01   +2.141049e-07 +8.851935e-05 -2.249962e+00 -3.352740e-03 -9.171998e+00 -1.793068e+01 -1.983500e+04 -1.380676e+04 +1.472566e+09 -1.347037e+09 +1.563352e+11 -6.092804e+11 +1.031314e+15 +4.927440e+16 -3.239767e+20   +1.864528e-08 +1.495274e-04 -9.132872e-04 -1.168351e-01 -1.254486e+00 +2.416715e+00 +4.698342e+03 -1.580194e+05 -8.156674e+07 +1.785328e+09 +4.672171e+10 -1.262851e+12 -7.182260e+14 +7.038554e+16 +7.703577e+18   
S15-046   +2.999605e+01   +1.985780e-07 +1.145103e-04 -2.246843e+00 -1.386302e-02 -1.894432e+00 +1.542186e+02 -5.728488e+03 -4.206254e+05 +1.463032e+09 -1.009604e+09 -6.055231e+09 +2.500032e+12 +2.332442e+14 +1.083023e+17 -3.263135e+20   +5.526494e-08 +1.310557e-04 -1.406937e-03 -1.030045e-02 -3.215594e+00 +2.063355e-01 +7.044684e+03 -3.717509e+05 -6.796312e+07 +3.653301e+08 +3.785975e+10 +3.744553e+12 -5.237966e+14 +1.429173e+17 +2.679048e+18   
S15-047   +2.999580e+01   +9.545566e-08 +1.013209e-04 -2.249043e+00 -5.786177e-02 -5.458691e+00 +6.646961e+00 -1.030397e+04 -3.258009e+05 +1.456057e+09 -7.438695e+08 +2.246286e+10 +8.011498e+11 +5.182329e+14 +1.059548e+17 -3.261717e+20   +2.251205e-08 +1.230866e-04 -1.844235e-03 +1.355127e-03 +1.589436e+00 +1.385150e+01 -1.393445e+03 -3.630328e+05 -8.030064e+07 -3.274510e+08 -3.386714e+10 +3.585785e+12 -5.592706e+14 +1.511396e+17 +4.357730e+18   
S15-048   +2.999560e+01   +3.331396e-07 +1.343480e-04 -2.247118e+00 -2.677800e-02 -2.498827e+00 -1.260815e+02 -7.183837e+03 -3.055143e+05 +1.471649e+09 -2.447430e+08 -6.259011e+10 +6.115487e+12 +2.512790e+14 +1.380916e+17 -3.287696e+20   +2.052438e-07 +1.295877e-04 -4.931703e-04 -1.351651e-02 +7.264852e-01 +1.613815e+01 -2.932548e+03 -2.089058e+05 -6.961318e+07 +3.038499e+08 +3.351852e+10 +1.467428e+12 -2.540305e+14 +1.398532e+17 +7.024260e+18   
S15-050   +2.999690e+01   +2.104082e-07 +1.025426e-04 -2.253436e+00 -3.950505e-02 -5.183396e+00 +2.009629e+02 -1.010500e+04 -1.961384e+05 +1.467231e+09 -2.319889e+08 +6.228027e+10 -9.155173e+11 +9.103531e+14 +9.512790e+16 -3.292206e+20   +2.660850e-08 +1.157746e-04 -2.207378e-03 +3.368478e-03 +2.073470e-01 +1.333308e+01 +1.735669e+03 -2.797629e+05 -4.804967e+07 -2.917298e+08 +3.152154e+10 +6.086479e+11 -6.451793e+14 +9.720884e+16 -3.979138e+18   
S15-051   +2.999590e+01   +1.030929e-07 +9.553986e-05 -2.246116e+00 -4.028984e-02 -7.184255e+00 +8.246387e+01 -1.373272e+04 -4.040329e+05 +1.446959e+09 +2.661762e+08 +2.712252e+10 -1.290737e+11 +3.471571e+14 +1.312556e+17 -3.219544e+20   -1.459335e-09 +1.270464e-04 -1.632310e-03 -3.106458e-02 +6.848969e-01 +2.928512e+01 +1.842429e+02 -2.309736e+05 -7.884821e+07 -1.275718e+08 +6.365917e+09 -2.841574e+12 -3.709730e+14 +1.489134e+17 +4.073087e+18   
S15-052   +2.999565e+01   +2.000763e-07 +1.174727e-04 -2.246285e+00 -8.143904e-02 -8.632365e+00 +1.756861e+02 -1.811678e+04 -6.792302e+05 +1.368035e+09 +1.385334e+08 -1.104980e+10 +2.436056e+12 +1.206313e+15 +1.727059e+17 -3.026345e+20   +2.487098e-07 +1.405278e-04 -4.379008e-04 -6.629781e-02 +7.092058e-01 +7.235432e+00 -5.230488e+03 -1.792848e+05 -2.923376e+08 +1.348505e+08 +1.466242e+11 +3.935577e+12 +7.911200e+14 +1.435318e+17 +4.270293e+19   
S15-053   +2.999505e+01   +1.530656e-07 +9.606825e-05 -2.246537e+00 -2.112884e-02 -9.049780e+00 +2.380225e+02 -1.816701e+04 -2.788403e+05 +1.459655e+09 +1.653249e+08 +7.102515e+10 +4.962402e+12 +6.154649e+14 +1.050665e+17 -3.263765e+20   +1.139442e-07 +1.285687e-04 -6.733178e-04 -6.320833e-02 -3.330390e+00 +1.008461e+01 +8.370164e+03 -4.636942e+04 -6.184680e+07 +1.129207e+08 +1.205291e+11 +1.974003e+12 -7.433887e+14 +9.682714e+16 +4.395802e+18   
S15-054   +2.999325e+01   +4.346748e-07 +7.130951e-05 -2.245700e+00 -2.527406e-03 -4.256331e+00 -6.949227e+01 -1.099266e+04 -2.627909e+05 +1.480112e+09 +1.172175e+09 +1.051904e+11 +1.307692e+13 -4.501770e+14 -3.900348e+16 -3.269900e+20   +2.764108e-07 +1.026068e-04 -4.471893e-04 -2.598601e-02 -2.657211e+00 -5.438424e+01 +5.703673e+03 -1.217638e+05 -6.329194e+07 -9.431142e+08 +2.033041e+11 -1.119108e+13 -1.349564e+14 +3.129606e+16 -4.293953e+17   
S15-055   +2.999540e+01   +2.511744e-07 +8.519590e-05 -2.250471e+00 +1.703345e-02 -1.119359e+00 -1.120391e+02 -2.734930e+03 -8.338179e+04 +1.473727e+09 -9.584863e+08 +9.828267e+09 +2.113477e+12 +2.723432e+14 +1.167945e+17 -3.289356e+20   +2.767197e-07 +1.053365e-04 -1.651338e-03 +3.314964e-02 -2.462418e+00 +2.965523e+01 +3.521343e+03 -3.385296e+05 -4.478533e+07 -1.977425e+08 +9.826447e+10 -1.289852e+12 -1.300327e+14 +1.157747e+17 +1.954556e+17   
S15-056   +2.999620e+01   +5.301435e-07 +1.171485e-04 -2.247786e+00 -2.645627e-03 -2.122473e-02 +5.431951e+01 -6.811106e+03 -1.713257e+05 +1.476203e+09 -7.144238e+08 -1.600523e+10 +1.369179e+12 +2.980407e+14 +1.222978e+17 -3.288129e+20   +1.205558e-08 +1.349458e-04 -8.329415e-04 -1.311098e-01 -1.128809e+00 +3.091604e+01 +5.115245e+03 +5.327578e+04 -1.034662e+08 +8.240951e+08 -3.735750e+09 +1.990346e+12 -6.370534e+14 +9.207676e+16 +7.631580e+18   
S15-057   +2.999660e+01   +3.149714e-07 +6.960296e-05 -2.249521e+00 -7.315966e-02 -6.812189e+00 +1.317193e+02 -1.526182e+04 -2.026908e+05 +1.436865e+09 +6.778318e+08 +7.771921e+10 -1.905721e+12 +2.327086e+14 +1.370796e+17 -3.268279e+20   +1.725887e-08 +1.036428e-04 -1.690643e-03 +4.141623e-05 -1.340545e-01 +1.336814e-01 +2.753959e+03 -4.065654e+05 -8.989916e+07 +4.415960e+08 -1.071381e+10 -5.776701e+12 -1.060996e+14 +1.448079e+17 -3.947077e+18   
S15-058   +2.999620e+01   +2.627214e-07 +8.558324e-05 -2.247683e+00 -2.524735e-02 -3.991802e+00 +3.129343e+02 -1.114832e+04 -1.807298e+05 +1.448030e+09 -7.730403e+08 -7.652483e+10 -8.846557e+12 +1.280251e+15 +7.519112e+16 -3.246742e+20   -2.133299e-07 +9.728252e-05 -2.474262e-03 +3.290030e-03 +8.223442e+00 +2.376194e+01 -1.343641e+04 -3.019417e+05 -1.033716e+08 -1.004993e+08 +3.581294e+10 +6.300908e+12 -1.535354e+14 +1.096811e+17 +6.189627e+18   
S15-059   +2.999590e+01   +2.805216e-07 +1.104340e-04 -2.245845e+00 -7.805783e-03 -9.297854e+00 +1.292791e+02 -2.115694e+04 -1.447764e+05 +1.453204e+09 +5.087632e+08 +7.528019e+10 +1.813676e+12 +1.378850e+15 +5.992792e+16 -3.283751e+20   +3.358606e-07 +8.712534e-05 -1.048334e-03 +2.779015e-02 -1.309872e+00 +1.930555e+01 +5.120580e+02 -6.448831e+04 -9.993669e+07 +7.558340e+08 +3.740955e+09 -2.704274e+11 -6.420597e+14 +4.375118e+16 +5.902030e+18   
S15-060   +2.999690e+01   +3.624698e-07 +7.869973e-05 -2.241881e+00 -2.152223e-02 -7.345286e+00 -1.170182e+02 -1.936372e+04 -5.499988e+04 +1.483789e+09 -4.202124e+08 -1.563557e+09 +5.848538e+12 +9.917581e+14 +6.444516e+16 -3.250445e+20   +3.548130e-08 +1.205425e-04 +2.670647e-04 -6.446313e-02 -2.077995e+00 +3.652954e+00 +6.910444e+03 -4.280646e+04 -5.733606e+07 +3.358357e+08 +1.586074e+11 +5.383970e+12 -5.772543e+14 +1.023567e+17 +8.565265e+18   
S15-061   +2.999685e+01   +4.453568e-08 +9.033339e-05 -2.243789e+00 -3.417556e-03 -1.014506e+01 +9.286965e+01 -1.973259e+04 -1.464397e+05 +1.467851e+09 -6.627973e+08 +1.005874e+11 +6.628959e+11 +5.080637e+14 +7.128822e+16 -3.239329e+20   +1.936337e-07 +9.264576e-05 -6.203475e-04 +5.395903e-03 -4.852006e+00 +2.194279e+00 +9.202143e+03 -2.892519e+05 -6.322634e+07 -6.740204e+07 +4.988574e+10 -1.783600e+12 -4.920040e+14 +1.432827e+17 +4.641534e+18   
S15-062   +2.999615e+01   +2.853524e-08 +8.835954e-05 -2.246160e+00 -8.854116e-03 -9.055149e+00 -1.506480e+01 -1.544297e+04 -2.553687e+05 +1.481487e+09 -1.259725e+08 +5.562257e+10 +7.878578e+12 +1.132440e+15 +6.288620e+16 -3.245193e+20   -1.043286e-07 +1.031386e-04 -2.970509e-04 +1.635456e-02 -3.957668e+00 +3.442282e+01 +1.301658e+04 -2.180649e+05 -8.889121e+07 +6.041725e+07 -4.171772e+10 +2.211096e+12 -6.724266e+14 +1.168860e+17 +1.080573e+19   
S15-070   +2.999560e+01   +2.787197e-07 +1.321413e-04 -2.248161e+00 -3.740345e-02 -3.110901e+00 +8.063366e+01 -1.167018e+04 -1.574427e+05 +1.259836e+09 +4.246466e+09 +4.190281e+10 +1.109170e+13 +7.336873e+14 +7.784968e+16 -2.915471e+20   -5.061356e-08 +1.750403e-04 +6.767139e-04 -8.826641e-02 +3.513245e+00 +1.478247e+01 -1.292985e+03 +4.789873e+05 -2.662238e+08 -4.552421e+08 -2.727403e+11 -4.808932e+12 +1.325374e+14 +5.204960e+16 +4.341627e+19   
S15-072   +2.999605e+01   +1.224908e-07 +1.055128e-04 -2.248678e+00 -2.848730e-02 -5.802911e+00 +2.143771e+01 -1.302471e+04 -3.241667e+05 +1.438098e+09 -9.156102e+08 -1.159404e+10 +1.164782e+12 +5.217514e+14 +1.075053e+17 -3.294201e+20   -7.081162e-08 +1.078468e-04 -2.889423e-04 +3.173728e-02 +2.198062e+00 +1.496391e+01 -1.154422e+03 -3.568113e+05 -2.016517e+07 -1.135002e+09 +4.298143e+10 +4.937940e+12 +4.643635e+13 +1.456961e+17 -1.590233e+18   
S15-076   +2.999605e+01   +5.325301e-07 +1.031141e-04 -2.246497e+00 -6.171056e-02 +8.303097e-01 +1.158954e+01 -6.181201e+01 -2.283046e+05 +1.432241e+09 +6.830883e+08 -4.068312e+10 +1.158796e+11 +4.563161e+14 +1.164755e+17 -3.298014e+20   +4.207121e-08 +1.205869e-04 -8.031457e-04 -4.140045e-02 +1.869020e+00 -5.126555e+01 +1.058625e+03 -3.585435e+05 -2.162064e+07 +7.509615e+08 +6.992627e+09 +2.397396e+12 -3.325538e+14 +1.357893e+17 -5.608235e+18   
S15-078   +2.999620e+01   +4.025847e-07 +1.147305e-04 -2.251012e+00 +4.970026e-02 -1.625762e+00 +2.997881e-01 -4.959188e+03 +2.526279e+05 +1.439480e+09 +1.329070e+08 -9.927104e+09 +3.051395e+12 +5.993269e+14 +1.240885e+17 -3.315417e+20   +1.635567e-07 +1.075313e-04 +4.740921e-04 +2.230122e-02 -6.571376e-02 +8.352591e+01 +1.479683e+03 -2.808736e+05 -3.362809e+07 -9.440859e+08 +4.169361e+10 +1.112755e+12 -2.015666e+14 +1.162093e+17 -2.042209e+18   
S15-079   +2.999560e+01   +3.081266e-07 +1.286427e-04 -2.248839e+00 -5.575321e-02 -4.184754e+00 -2.144509e+01 -1.129829e+04 -4.645628e+05 +1.443438e+09 +1.005265e+08 -3.085702e+10 +7.597818e+11 +6.575544e+14 +1.444933e+17 -3.305591e+20   +8.913114e-08 +1.326462e-04 -1.075162e-03 -1.563571e-02 +3.955980e+00 +4.055158e+01 -3.728584e+03 -2.832525e+05 -2.765320e+07 -4.894044e+08 +1.307309e+10 -1.096380e+12 -1.863967e+14 +1.204088e+17 -2.268167e+18   
S15-087   +2.999600e+01   +2.878737e-07 +1.275577e-04 -2.248798e+00 -2.484157e-02 -3.725607e+00 +2.519821e+01 -1.234588e+04 -2.909923e+05 +1.266225e+09 -1.036452e+09 -9.005377e+10 +3.402407e+12 +1.157043e+15 +1.526789e+17 -3.030324e+20   +1.812114e-07 +1.088300e-04 +2.253063e-04 +2.132513e-02 -2.399560e+00 +4.446730e+01 +3.597386e+03 -8.349787e+05 -2.848036e+08 +2.726193e+08 -2.911200e+10 +1.361344e+12 +3.073959e+14 +1.444237e+17 +3.768289e+19   
S15-091   +2.999635e+01   -3.175165e-07 -1.623869e-04 -2.249230e+00 +1.317410e-01 -2.489412e+00 -3.552846e+02 -1.283769e+03 +1.379978e+06 +1.430950e+09 -9.383692e+08 +4.579157e+10 +9.465025e+12 -1.038785e+14 -2.093596e+17 -3.239724e+20   +2.686821e-07 +5.112339e-05 -4.448808e-03 +1.285525e-01 -3.062621e+00 +1.273197e+02 +5.070390e+02 -7.643553e+05 -1.037397e+07 -1.340548e+09 +6.971021e+10 -3.273210e+11 -2.651987e+14 +8.192337e+16 -7.544518e+18   
S15-092   +2.999590e+01   +4.162152e-07 +1.271543e-05 -2.251766e+00 +1.880706e-02 -7.263489e+00 +1.425560e+02 -1.515413e+04 +9.711351e+04 +1.409731e+09 -5.041449e+08 +2.592062e+09 -3.142515e+11 +7.423471e+14 -4.525422e+16 -3.206926e+20   -8.382452e-08 +7.294397e-05 -1.784584e-03 -3.547955e-02 -8.006958e-01 +4.798399e+01 +4.746039e+03 -7.035822e+04 -3.829007e+07 -3.478469e+06 +6.749126e+10 +2.146241e+12 -3.576235e+14 +1.147927e+17 -3.089548e+18   
S15-093   +2.999660e+01   +3.950681e-07 +5.028213e-05 -2.252789e+00 -3.628748e-02 -5.421524e+00 -2.323839e+00 -1.098732e+04 -1.818264e+04 +1.420547e+09 +1.110892e+08 -9.114263e+09 -1.283678e+12 +4.880566e+14 +3.584133e+16 -3.262270e+20   -4.068214e-08 +6.315236e-05 -1.953594e-03 -3.160818e-02 +1.509301e+00 +3.216866e+01 -2.450901e+03 -3.460446e+04 -3.991872e+07 +9.314352e+08 +9.073385e+10 -5.483291e+12 -6.188398e+14 +7.787546e+16 -4.030160e+18   
S15-099   +2.999655e+01   +2.760534e-07 +7.529036e-05 -2.248421e+00 -1.859093e-02 -2.813547e+00 +2.770711e+02 -5.838501e+03 -2.064767e+05 +1.350126e+09 -2.282819e+08 -9.056718e+10 -5.099203e+12 -2.592341e+14 +6.047545e+16 -3.191299e+20   +1.291850e-07 +8.852901e-05 -3.013513e-03 +2.146766e-02 +1.032614e+00 +1.648760e+01 -5.653620e+02 -2.974994e+05 -1.253659e+08 -1.600696e+09 +1.833657e+11 +2.973253e+12 +2.907292e+14 +1.092998e+17 +8.121134e+18   
S15-100   +2.999665e+01   +1.481894e-07 +6.339181e-05 -2.248317e+00 -2.957122e-02 -3.118667e+00 -8.989704e+01 -7.684908e+03 -1.637780e+05 +1.441500e+09 -2.010186e+08 +7.490086e+09 +6.136735e+12 +7.693959e+14 +2.870176e+16 -3.246929e+20   +1.654075e-07 +9.695463e-05 -2.710808e-03 -3.704710e-02 +3.145199e-01 -5.074623e+00 +3.288348e+02 -1.293819e+05 -9.395422e+07 -3.741071e+07 +8.265730e+10 -2.002148e+12 -2.166113e+14 +1.061647e+17 +3.871746e+18   
S15-101   +2.999645e+01   +2.859707e-08 +3.797499e-05 -2.251140e+00 -4.614443e-02 -5.126927e+00 +1.593138e+02 -6.567807e+03 -1.268973e+04 +1.431255e+09 -7.543903e+07 +9.651842e+10 -3.893054e+12 -1.418168e+14 +2.865225e+16 -3.197672e+20   +3.020602e-09 +9.628906e-05 -2.127370e-03 -2.704908e-02 +1.604128e+00 -1.770972e+00 -3.809667e+02 -2.886673e+05 -1.386085e+08 -7.998970e+07 +5.341422e+10 -5.311198e+12 +1.785240e+14 +1.781041e+17 +1.141482e+19   
S15-102   +2.999655e+01   +8.587651e-08 +5.059182e-05 -2.251094e+00 -5.378072e-02 -1.998726e+00 -9.201155e+00 -1.551219e+03 -2.942929e+05 +1.421416e+09 -2.756487e+08 -3.494745e+09 +2.083432e+12 +1.196057e+14 +9.724668e+16 -3.273646e+20   +2.155491e-07 +9.974567e-05 -2.992528e-03 -1.917323e-02 -1.163129e+00 +1.096782e+01 +1.754298e+03 -2.489927e+05 -1.373609e+08 +1.224178e+09 +1.227676e+11 +3.557159e+12 -6.724527e+14 +6.613814e+16 +1.254475e+19   
S15-103   +2.999610e+01   +8.141988e-08 +3.912885e-05 -2.250048e+00 -4.379933e-02 -3.052430e+00 -1.499730e+02 -4.483776e+03 -3.098498e+04 +1.475315e+09 -6.269522e+08 +7.234070e+10 +1.374750e+13 +2.389684e+14 -1.508681e+16 -3.288088e+20   +1.476455e-07 +1.210528e-04 -6.368438e-04 -8.056874e-02 -3.899460e+00 -5.567234e+00 +9.631332e+03 +9.001427e+04 -9.501048e+07 +2.228159e+08 +1.645837e+11 +3.975393e+12 -1.323008e+15 +8.176030e+16 +8.997416e+18   
S15-104   +2.999625e+01   +4.591301e-07 +5.275393e-05 -2.246262e+00 -4.740143e-02 -3.998997e+00 +6.898786e+01 -1.432777e+04 -4.008231e+05 +1.393181e+09 +2.533749e+09 -6.901536e+09 -3.853782e+12 +8.397750e+14 +1.007652e+17 -3.154460e+20   +1.500954e-07 +1.121607e-04 +4.829994e-04 -4.327361e-02 +1.113588e-01 +4.632409e+00 -1.459228e+03 -1.342612e+05 -2.255499e+08 -9.347478e+07 +4.350874e+10 +7.017824e+10 -6.749097e+14 +6.721860e+16 +3.038384e+19   
S15-105   +2.999590e+01   +4.865465e-07 +4.529816e-05 -2.249362e+00 -8.550275e-02 -3.298708e+00 +1.792306e+02 -1.222238e+04 -2.712126e+05 +1.469487e+09 +2.630570e+08 -3.290243e+09 -2.059249e+11 +6.235429e+14 +3.437710e+16 -3.231613e+20   +2.287538e-07 +8.065552e-05 -1.346107e-03 -1.496913e-02 -1.487616e+00 +7.225211e+00 +1.236384e+03 -4.902220e+04 -7.481046e+07 +2.850166e+08 +3.272735e+10 -2.328123e+12 +1.125818e+13 +7.451722e+16 +3.594788e+18   
S15-106   +2.999600e+01   +3.862878e-08 +2.664639e-05 -2.250591e+00 -6.465332e-02 -5.503680e+00 +5.949560e+01 -8.213292e+03 -1.236136e+05 +1.477910e+09 +3.835825e+07 +1.086318e+11 +2.790922e+12 +2.655708e+14 +3.616192e+16 -3.282286e+20   +3.751250e-08 +7.824203e-05 -1.602100e-03 +1.811928e-02 +8.083368e-01 +2.610059e+01 +5.745203e+02 -1.336802e+05 -7.468316e+07 -5.059148e+08 +2.334183e+10 +2.285609e+12 -5.895666e+14 +7.934245e+16 +2.639062e+18   
S15-107   +2.999625e+01   +3.052357e-07 +3.350806e-05 -2.251436e+00 -6.039392e-02 -2.102657e+00 -2.040610e+01 -7.817577e+03 -2.206365e+05 +1.398439e+09 +1.589467e+09 -1.088879e+11 -7.902271e+11 +9.933405e+14 +7.460256e+16 -3.144790e+20   +1.833121e-07 +9.321028e-05 +7.944000e-05 +1.895665e-02 -1.632220e+00 +3.312725e+01 -3.619646e+02 -2.185537e+05 -2.162570e+08 +5.854809e+08 +3.104139e+10 -5.555991e+12 +3.757360e+14 +4.348264e+16 +2.830746e+19   
S15-109   +2.999565e+01   +3.923619e-07 +1.268320e-05 -2.250439e+00 -7.036717e-02 -2.631004e+00 +1.275635e+02 -9.403994e+03 -1.770808e+05 +1.497496e+09 +5.976677e+08 +7.436305e+09 -5.219857e+12 +7.396429e+14 +1.063068e+16 -3.307392e+20   +1.968254e-07 +6.014332e-05 -2.145013e-03 +6.397104e-02 -9.189432e-01 +2.109890e+01 +8.267602e+02 -1.147243e+05 -5.808366e+07 -4.835808e+08 +5.321748e+10 +5.352473e+12 -4.194115e+14 +5.855162e+16 +3.486846e+18   
S15-110   +2.999575e+01   +2.359756e-07 +1.956177e-05 -2.250753e+00 +4.613077e-03 -3.708532e+00 +7.005819e+01 -7.623817e+03 +6.184406e+04 +1.509098e+09 -8.288084e+08 -4.909199e+10 +1.509751e+12 +5.424478e+14 +1.023957e+16 -3.370904e+20   +4.492873e-08 +9.363597e-05 -7.855259e-04 +2.138578e-02 +2.192753e+00 +5.540002e+00 -2.445003e+03 -4.996461e+05 -2.397107e+07 -6.205086e+08 +4.895960e+10 -3.020159e+12 +5.121149e+13 +7.235035e+16 -3.232036e+18   
S15-111   +2.999585e+01   +1.149808e-07 +2.141063e-05 -2.248080e+00 -5.595154e-02 -7.227833e+00 -1.133872e+01 -1.411197e+04 -5.152079e+04 +1.502339e+09 +3.304827e+08 +3.074837e+10 +2.540824e+12 +6.925338e+14 +2.414201e+16 -3.302340e+20   +1.991958e-07 +1.016944e-04 -1.666779e-03 -1.891524e-02 -2.124014e+00 +6.418235e+01 +2.544864e+03 -7.206187e+04 -1.512455e+07 +9.442633e+07 +1.438709e+11 -1.214207e+12 -3.622374e+14 +1.041269e+17 -6.890340e+18   
S15-113   +2.999640e+01   +4.339504e-07 +8.598172e-05 -2.251399e+00 -2.837043e-03 -2.378536e+00 -4.252530e+01 -8.091781e+03 -2.579166e+05 +1.490932e+09 +3.142166e+08 -4.562844e+10 +5.399168e+12 +4.032317e+14 +9.236788e+16 -3.278917e+20   -4.955768e-08 +8.714279e-05 -3.043660e-04 +4.545115e-02 +4.537221e+00 +1.129048e+00 -6.556997e+03 -2.529677e+05 -7.978801e+07 -1.347291e+09 -3.386813e+10 +4.966486e+11 -1.800818e+14 +1.149340e+17 +5.564458e+18   
S15-116   +2.999570e+01   -3.784289e-08 +2.594845e-05 -2.251337e+00 -2.820838e-02 -5.330581e+00 +3.041791e+02 -1.086234e+04 -5.764470e+05 +1.385502e+09 +9.604747e+08 +1.294431e+10 -3.680901e+12 +9.209490e+14 +1.369931e+17 -3.153096e+20   +2.262752e-07 +1.323449e-04 +1.014657e-03 -3.877459e-02 -4.788513e+00 +3.254231e+01 +3.232287e+03 -1.770468e+05 -3.893891e+08 +3.333645e+08 +5.469607e+10 +2.351809e+12 +6.243512e+14 -1.017151e+16 +5.828185e+19   
S15-117   +2.999625e+01   +3.600993e-07 +3.976874e-05 -2.252404e+00 -3.792831e-02 -5.579744e-01 +2.721272e+02 +1.773041e+03 -8.985216e+04 +1.496629e+09 -3.010151e+08 +6.856917e+10 -7.496824e+12 -1.127458e+14 +5.078768e+16 -3.327682e+20   -3.895940e-07 +1.121386e-04 -5.657974e-04 -3.369875e-02 +3.541963e+00 -1.148451e+01 +6.360015e+02 -1.652064e+05 -1.024634e+07 -6.580796e+08 -9.218732e+10 +3.258526e+12 -6.332738e+14 +1.074145e+17 -5.810336e+18   
S15-118   +2.999610e+01   +9.477195e-08 +6.177996e-05 -2.255463e+00 -3.059614e-02 -6.739119e+00 +6.184507e+01 -1.144453e+04 +8.681229e+03 +1.515320e+09 -3.323794e+08 +5.775798e+10 +2.615918e+12 +6.730568e+14 +5.165982e+16 -3.345405e+20   +1.552627e-07 +1.294928e-04 +6.303796e-05 -3.225755e-02 +1.862392e+00 +1.422849e+01 -1.576870e+03 -3.718423e+05 -2.141834e+07 +7.925494e+08 +4.937965e+10 +2.540203e+12 -5.125223e+14 +1.228602e+17 -4.204970e+17   
S15-119   +2.999600e+01   +1.380501e-07 +8.388688e-05 -2.252246e+00 +1.088696e-02 -6.572070e+00 -1.103186e+02 -1.307327e+04 -5.326060e+04 +1.496748e+09 -9.851500e+08 +6.732264e+09 +3.675420e+12 +3.660398e+14 +1.055005e+17 -3.310762e+20   +7.314219e-08 +9.065605e-05 -1.307416e-03 +5.140455e-02 +2.316088e+00 -2.476190e+01 -4.735221e+03 -3.977240e+05 -8.708918e+07 -2.493745e+08 +7.751243e+10 +1.280837e+12 +2.081093e+14 +1.043594e+17 +9.105527e+18   
S15-120   +2.999560e+01   -8.990399e-08 +7.418085e-05 -2.250921e+00 +4.747266e-02 -8.573247e+00 +1.115866e+02 -1.130142e+04 +4.164914e+04 +1.500752e+09 -6.759801e+08 +1.790683e+11 -7.195919e+11 +8.114217e+13 +6.268713e+16 -3.355242e+20   +2.770231e-08 +9.687501e-05 -1.627944e-03 +1.469121e-02 +2.749143e+00 +6.266539e+00 -3.682193e+03 -3.176179e+05 -1.865159e+07 -6.246063e+08 -5.741942e+09 -1.247716e+12 -4.550181e+14 +9.978654e+16 -4.265512e+18   
S15-121   +2.999665e+01   +3.918264e-07 +3.545066e-05 -2.251615e+00 +1.414060e-02 -4.519411e-01 +1.046684e+02 -4.602667e+03 +2.509196e+04 +1.487614e+09 -1.896449e+08 -1.241424e+10 -7.809565e+10 -1.852490e+13 +2.031580e+16 -3.272280e+20   -2.453262e-07 +8.055810e-05 +5.949828e-05 +4.451414e-02 -7.324391e-01 -2.081014e-01 +9.180659e+03 -1.532918e+05 -7.314343e+07 -6.993301e+08 -3.522127e+10 +2.988199e+12 -1.054005e+15 +8.932131e+16 +5.770301e+18   
S15-122   +2.999610e+01   +2.019392e-07 +1.471119e-05 -2.253791e+00 -2.432170e-02 -4.687366e+00 +1.301216e+02 -1.029346e+04 +2.116799e+05 +1.519397e+09 -6.833955e+07 +3.806588e+10 -2.364665e+12 +4.483019e+14 +5.449695e+15 -3.353326e+20   +1.527923e-07 +9.595371e-05 -2.036609e-04 +5.370251e-02 +1.015625e+00 +4.255250e+01 -2.207816e+03 -5.403589e+05 -1.178677e+07 -3.660343e+08 +2.295776e+10 +5.707592e+11 -3.990792e+14 +1.290700e+17 -3.802434e+18   
S15-123   +2.999590e+01   +3.445568e-07 +8.052781e-05 -2.252955e+00 +1.169114e-01 -4.340813e+00 +5.137009e+00 -1.164122e+04 +1.461672e+05 +1.490927e+09 -1.504427e+09 -9.850660e+09 +6.000347e+12 +8.119433e+14 +4.444164e+16 -3.249787e+20   -4.644985e-08 +1.216130e-04 -2.532556e-04 -8.235432e-02 +1.546517e+00 +5.421864e+00 -9.780527e+02 -2.011025e+05 -6.519554e+07 +5.738078e+08 +5.707480e+10 +2.948818e+12 -4.431826e+14 +1.180117e+17 +5.281268e+18   
S15-124   +2.999595e+01   +1.296223e-07 +2.596366e-05 -2.253311e+00 -1.018718e-01 -2.847550e+00 -4.266199e+00 -4.658302e+03 -3.443535e+05 +1.507437e+09 +7.239484e+08 +3.845749e+10 +3.933571e+12 +5.047458e+14 +5.030906e+16 -3.313318e+20   -1.757001e-07 +1.078802e-04 -9.915059e-05 -4.027090e-02 +2.387198e+00 +3.296352e+01 +1.527406e+03 -2.001534e+05 -7.099048e+07 +7.271802e+06 -6.349027e+10 -1.063451e+12 -6.686863e+14 +1.372885e+17 +2.631399e+18   
S15-126   +2.999610e+01   +1.167599e-07 +3.595261e-05 -2.253495e+00 -7.094829e-03 -7.305010e+00 -1.296369e+01 -1.401790e+04 -8.204657e+04 +1.469726e+09 -3.757582e+08 +1.183702e+11 +5.544928e+11 +4.120626e+14 +2.668365e+16 -3.208883e+20   +1.585763e-07 +1.382071e-04 -2.746472e-04 -1.020071e-01 -2.247175e+00 -1.015743e+01 +4.984915e+03 +1.329741e+05 -9.676125e+07 -3.490980e+08 -1.709088e+10 +1.175959e+13 -5.179413e+14 +7.536393e+16 +4.579129e+18   
S15-127   +2.999605e+01   +2.535745e-07 +3.844723e-05 -2.251519e+00 +1.668517e-02 -4.936597e+00 +9.954977e+00 -9.950654e+03 +4.947611e+04 +1.497160e+09 -6.559614e+08 -2.126485e+10 +1.351175e+12 +2.708682e+14 +1.623059e+16 -3.239501e+20   +6.440701e-09 +1.171410e-04 -4.157024e-04 -5.259866e-02 -2.664534e+00 +2.658540e+01 +8.390581e+03 -2.793483e+05 -5.855324e+07 -2.003230e+08 +7.001885e+10 +3.445484e+12 -6.484190e+14 +1.250522e+17 +2.675798e+18   
S15-128   +2.999590e+01   +2.994617e-07 +3.975490e-05 -2.252939e+00 -2.295517e-02 -2.367284e+00 +1.938513e+02 -7.953717e+03 -3.030221e+05 +1.517834e+09 -2.271036e+09 -4.784311e+10 +1.048811e+12 -7.978437e+14 +1.828397e+17 -3.334916e+20   -4.765965e-08 +1.051984e-04 -4.133255e-04 -1.740848e-02 +1.491689e+00 +3.521805e+01 -1.007008e+03 -4.218083e+04 -6.837788e+07 -1.201934e+09 +9.738474e+10 -5.366613e+12 +4.449965e+14 +8.977597e+16 -5.543188e+18   
S15-130   +2.999560e+01   +4.630052e-08 +6.001540e-05 -2.251296e+00 -1.296954e-02 -5.215362e+00 -5.091070e+01 -8.196432e+03 -2.244997e+05 +1.520456e+09 -4.590710e+08 +6.880769e+10 +2.330221e+11 +9.919001e+13 +6.249067e+16 -3.345314e+20   +5.422825e-08 +8.951079e-05 -2.141710e-03 +2.382033e-02 -6.972666e-01 +3.476777e+01 +1.908109e+03 -3.115343e+05 -5.676386e+07 -7.215695e+08 +2.746374e+10 -1.142459e+12 -6.346457e+14 +9.369591e+16 +5.596681e+18   
S15-131   +2.999570e+01   +4.437949e-07 +6.470584e-05 -2.251404e+00 -7.165627e-03 -9.362852e-01 -6.982734e+01 -5.631150e+03 -4.333388e+04 +1.490721e+09 +3.292964e+08 -3.991192e+10 +4.038145e+12 +4.461036e+14 +4.770867e+16 -3.314652e+20   +8.139047e-08 +7.612691e-05 -9.640845e-04 +3.438053e-02 +2.187074e+00 +1.481032e+01 -4.499702e+03 -2.601309e+05 -5.228906e+07 -7.214487e+08 +5.308498e+10 -2.626804e+12 -5.175355e+14 +6.301270e+16 +2.958537e+17   
S15-132   +2.999590e+01   +1.122718e-07 +6.814258e-05 -2.250419e+00 -1.611347e-02 -7.135955e+00 -2.091183e+02 -1.500469e+04 -1.344504e+05 +1.494119e+09 -9.024790e+07 +1.577842e+09 +1.649734e+12 +3.956134e+14 +4.382209e+16 -3.238770e+20   +7.416197e-08 +1.073978e-04 -1.447591e-03 -2.214477e-02 -4.684227e-02 +4.328595e+01 +1.309801e+03 -2.596663e+05 -7.595498e+07 -1.601054e+08 +9.103204e+10 +4.638361e+11 -4.846392e+14 +1.071252e+17 +5.927690e+18   
S15-133   +2.999635e+01   +1.962445e-08 +5.214231e-05 -2.247210e+00 -5.138825e-02 -5.159511e+00 -4.092215e+01 -9.595614e+03 -2.514356e+05 +1.497263e+09 +3.387689e+08 +3.321491e+10 +2.737059e+12 +4.471077e+14 +8.072636e+16 -3.262192e+20   +2.861970e-07 +1.075398e-04 -8.690414e-04 -5.597528e-03 -5.430634e-01 +5.039466e+00 -3.041897e+02 -1.742972e+05 -6.125589e+07 -1.270745e+08 +4.843273e+10 +2.406741e+12 -6.870573e+14 +7.903488e+16 +4.195864e+18   
S15-134   +2.999585e+01   +3.255342e-07 +4.341287e-05 -2.250996e+00 -8.414957e-02 -2.501538e+00 -5.316269e-01 -6.818097e+03 -2.728152e+05 +1.439743e+09 +4.847901e+08 +3.176828e+10 +4.184089e+10 -2.875522e+14 +4.346761e+16 -3.191376e+20   +2.494947e-07 +1.038917e-04 -2.760439e-03 -2.648146e-02 -3.267458e+00 -2.649785e+01 +7.846409e+03 +1.493702e+05 -8.640202e+07 -1.896377e+09 -1.811445e+10 +1.235972e+13 -7.550975e+14 +2.322420e+16 -1.403163e+18   
S15-136   +2.999620e+01   +2.177794e-07 +4.442226e-05 -2.253780e+00 -3.408152e-03 -1.289166e+00 +3.831219e+01 -2.448806e+03 -1.613878e+04 +1.502303e+09 +3.740664e+08 -1.107689e+10 +2.875517e+12 +3.782846e+14 +4.462495e+16 -3.360729e+20   +1.160781e-07 +1.088081e-04 -1.455286e-03 -3.783843e-03 -1.964526e-01 +8.726209e+00 +2.664668e+03 -2.473554e+05 -7.270601e+07 +8.432958e+08 +1.326932e+10 +2.885208e+12 -5.016645e+14 +6.971170e+16 +1.022489e+19   
S15-137   +2.999600e+01   +2.970416e-07 +4.311882e-05 -2.253595e+00 -4.945209e-03 -3.815715e+00 +1.647503e+02 -8.106854e+03 -3.642066e+04 +1.459118e+09 +2.697812e+09 +4.825173e+10 -3.709715e+12 +1.224796e+14 +2.608100e+16 -3.230574e+20   +1.125282e-07 +9.520373e-05 -1.531506e-03 -2.134472e-02 -2.203612e+00 +2.656696e+01 +4.957208e+03 +1.369251e+05 -8.861912e+07 -4.286115e+08 +1.291222e+11 +1.011124e+12 -3.486838e+14 +3.963425e+16 +5.675250e+18   
S15-138   +2.999545e+01   +1.887217e-07 +5.455997e-05 -2.251849e+00 -3.289443e-04 -2.399500e+00 +5.062214e+01 -7.004322e+03 +2.602580e+04 +1.494513e+09 +3.419225e+08 +2.720089e+10 -3.316480e+12 +7.217988e+14 +2.472019e+16 -3.319498e+20   +5.048612e-08 +8.997065e-05 -1.881495e-03 -4.545336e-03 +3.582293e+00 +1.847623e+01 -5.061828e+03 -2.018627e+05 -1.902441e+07 -4.088503e+08 +3.565891e+10 -9.019111e+11 -9.390934e+13 +6.050624e+16 -7.457774e+18   
S15-139   +2.999595e+01   +3.403403e-07 +5.287590e-05 -2.254511e+00 -1.285856e-02 -6.601655e+00 +7.443665e+01 -1.524799e+04 -1.489891e+05 +1.481936e+09 -1.811902e+08 +4.178097e+10 +8.346110e+11 +6.931469e+14 +5.909594e+16 -3.261727e+20   +2.973290e-07 +8.910263e-05 -8.828399e-04 +2.627568e-02 -6.278518e+00 -7.573999e-01 +1.029991e+04 -9.928884e+04 -9.331713e+07 -1.259872e+09 +1.219597e+11 +5.007853e+12 -5.113010e+14 +9.344588e+16 +8.320333e+18   
S15-140   +2.999620e+01   -1.533575e-08 +3.884419e-05 -2.250283e+00 -5.063478e-02 -7.220801e+00 +8.935255e+01 -1.262665e+04 -3.738354e+05 +1.466807e+09 -9.801031e+08 +1.197856e+11 -1.312428e+12 +1.300932e+14 +7.407608e+16 -3.274344e+20   -3.729109e-08 +1.232657e-04 -3.154634e-03 -5.187390e-02 +2.023703e+00 +1.337612e+01 +7.304332e+02 -1.122098e+05 -9.146048e+07 -8.656797e+08 +1.101725e+10 -1.793969e+12 -4.729239e+14 +1.011738e+17 +4.352918e+18   
S15-141   +2.999595e+01   +1.257704e-07 +3.369035e-05 -2.250940e+00 -3.692038e-02 -4.347897e+00 +8.409542e+01 -8.451151e+03 -1.569496e+05 +1.495983e+09 -3.136228e+08 -1.154098e+10 +6.554275e+11 +7.468185e+14 +4.333965e+16 -3.306411e+20   +2.056200e-07 +1.299509e-04 -1.474097e-03 -4.343420e-02 +3.061546e+00 +1.762828e+01 -5.975900e+03 -3.464468e+05 -6.527108e+07 +5.858998e+08 +5.425622e+10 +2.617812e+12 -8.628371e+13 +1.260581e+17 +4.201411e+18   
S15-142   +2.999615e+01   +1.889856e-07 +6.002324e-05 -2.250123e+00 +6.694839e-02 -5.431044e+00 +8.497961e+01 -1.379525e+04 +4.712505e+04 +1.466943e+09 -1.338056e+09 +3.014312e+10 +7.398453e+10 +2.986749e+14 +2.520889e+16 -3.290408e+20   +2.583417e-08 +8.812908e-05 -2.576103e-03 +6.508635e-02 -2.203133e+00 +4.326882e+01 +5.647145e+03 -5.185355e+05 -8.410829e+07 -6.175176e+08 +1.774895e+11 +2.193197e+12 -7.656463e+14 +1.294876e+17 +3.713867e+18   
S15-143   +2.999655e+01   +2.226640e-07 +4.161109e-05 -2.251485e+00 -9.627687e-02 -4.145880e+00 -1.598128e+02 -9.213620e+03 -1.100213e+05 +1.476793e+09 -3.171412e+08 +8.585921e+10 +1.948557e+12 +5.706053e+14 +6.444331e+16 -3.252815e+20   +1.280138e-07 +8.904291e-05 -4.033917e-04 +3.026949e-02 +3.553792e+00 +3.436138e+00 -8.123408e+03 -2.367397e+05 -8.468110e+07 +2.661343e+08 -1.944196e+10 +4.855645e+12 -1.339935e+14 +1.015745e+17 +7.266209e+18   
S15-145   +2.999655e+01   +9.059122e-08 +4.240858e-05 -2.252094e+00 -3.122844e-02 -3.766430e+00 +3.300352e+01 -8.015672e+03 -1.672667e+05 +1.485021e+09 +4.010881e+08 +3.745534e+10 +1.081680e+13 +8.810830e+13 +5.060872e+16 -3.280346e+20   -1.067787e-07 +9.845096e-05 -4.380044e-04 -1.563269e-02 +7.748341e-01 +1.589271e+01 +1.674922e+03 -2.083064e+05 -6.724050e+07 -1.191259e+09 -2.636731e+10 +1.687229e+12 -5.385726e+14 +1.088187e+17 +9.675883e+18   
S15-146   +2.999690e+01   +2.832547e-07 +1.895928e-05 -2.252608e+00 -6.991512e-02 -2.828050e+00 +2.323124e+02 -4.844734e+03 -8.055642e+04 +1.488905e+09 -4.135017e+07 +4.860519e+09 -6.264577e+11 +3.084196e+14 +3.544313e+16 -3.263594e+20   +1.352821e-08 +1.152990e-04 +9.626025e-05 -4.825929e-02 +1.950372e+00 +2.337167e+01 -7.028000e+02 -7.012198e+04 -8.424747e+07 -4.412613e+08 +3.864383e+10 -1.667593e+12 -2.852182e+14 +1.073748e+17 +7.097690e+18   
S15-148   +2.999565e+01   +3.150624e-07 +5.220927e-05 -2.251183e+00 +1.905587e-02 -5.510092e+00 -1.442329e+00 -1.353452e+04 -2.217550e+04 +1.493502e+09 -7.288754e+08 +1.213913e+10 +1.742841e+12 +3.827458e+14 +2.811527e+16 -3.311141e+20   +2.604867e-08 +8.887169e-05 -2.164275e-03 -3.746537e-02 +1.440268e+00 -1.484661e+01 -2.121945e+03 -5.135115e+03 -2.017951e+07 -5.139239e+07 +2.758844e+10 +2.863934e+12 -3.847591e+14 +7.283393e+16 -5.006743e+18   
S15-149   +2.999600e+01   +4.556924e-08 +6.251040e-05 -2.252501e+00 -6.387642e-02 -1.865218e+00 -1.096675e+02 -2.021981e+03 -4.508358e+05 +1.372509e+09 +1.928864e+09 -1.780829e+10 +1.024595e+13 +6.300467e+14 +1.050615e+17 -3.094943e+20   +2.240135e-08 +1.139999e-04 -2.892866e-04 -4.833541e-02 +1.103045e-01 +8.171296e+00 +4.602784e+02 -3.716812e+04 -2.235379e+08 +1.459605e+07 -1.169149e+10 -6.302620e+12 -3.079195e+13 +5.643366e+16 +2.800234e+19   
S15-154   +2.999540e+01   +4.250375e-07 +3.651066e-05 -2.249039e+00 -1.227243e-02 -4.824433e+00 +7.932220e+00 -1.444763e+04 +3.094271e+04 +1.495950e+09 -4.206458e+08 +1.724967e+10 +2.719266e+12 +7.047691e+14 +2.960248e+16 -3.308783e+20   -2.285830e-07 +6.474279e-05 -1.372785e-03 +5.082769e-02 +2.301626e+00 +1.671133e+01 +3.308354e+02 -2.710897e+05 -2.974301e+07 -2.958541e+08 +2.023460e+10 +1.987232e+12 -3.316204e+14 +8.774565e+16 -5.453923e+18   
S15-155   +2.999625e+01   +2.606584e-07 +6.206362e-05 -2.252029e+00 -3.781766e-02 -2.125898e+00 +2.411240e+01 -4.564627e+03 -3.494190e+05 +1.472974e+09 -1.762643e+07 -2.772491e+10 +8.462261e+11 +4.261449e+14 +9.516080e+16 -3.306876e+20   +1.163350e-07 +8.618017e-05 -3.396758e-03 +8.484434e-03 +8.942141e-02 -2.891015e+01 +2.125998e+03 -2.134378e+05 -8.568254e+07 -4.799500e+08 +5.171670e+10 +1.079953e+12 -5.285201e+14 +8.580279e+16 +2.698039e+18   
S15-156   +2.999615e+01   +2.270098e-07 +7.020228e-05 -2.248545e+00 +2.774460e-03 -2.723966e+00 -5.936135e-01 -7.467098e+03 -5.797227e+04 +1.482265e+09 -4.499947e+08 -2.461395e+09 +4.423291e+12 +3.210114e+14 +4.828976e+16 -3.290282e+20   -4.871028e-09 +1.310543e-04 -3.254453e-03 -1.082192e-01 +1.255573e+00 +4.556561e+00 -7.832065e+02 -7.766203e+04 -1.006282e+08 +1.336965e+09 +2.091088e+10 +3.559107e+12 -2.193902e+14 +1.158045e+17 +2.026196e+18   
S15-157   +2.999585e+01   +6.819087e-07 +5.422363e-05 -2.251007e+00 -2.176385e-03 -2.502294e+00 +1.435810e+02 -1.232149e+04 -1.539802e+05 +1.353825e+09 -1.392898e+09 +1.889747e+08 +7.895252e+11 +7.389849e+14 +6.335593e+16 -3.004884e+20   -2.463293e-07 +1.230956e-04 -8.207152e-04 -4.017676e-02 -4.394585e-01 +1.953240e+01 +1.998023e+03 -2.909799e+05 -3.430991e+08 +3.311690e+08 +6.959249e+10 -1.351464e+12 -1.049729e+14 +1.188381e+17 +5.021568e+19   
S15-159   +2.999580e+01   +2.414826e-07 +7.018369e-05 -2.249798e+00 +1.822420e-03 -3.903667e+00 +3.764300e+02 -7.756476e+03 -2.985081e+05 +1.387058e+09 +8.299605e+08 +1.675563e+11 -7.341281e+12 +5.914108e+14 +1.030265e+17 -3.052118e+20   +9.818035e-08 +1.258831e-04 -8.739434e-04 -4.745451e-03 -5.340871e-01 -2.652529e+01 +1.661849e+03 -2.072180e+05 -2.210299e+08 -1.688310e+09 +6.858100e+10 +6.315151e+12 -3.159593e+14 +5.887114e+16 +2.835842e+19   
S15-162   +2.999600e+01   -9.759601e-08 +5.560768e-07 -2.250673e+00 -3.032369e-02 -1.989475e+00 +3.797666e+01 -4.251197e+03 +6.664649e+04 +1.509942e+09 +3.035939e+08 -1.541436e+10 +1.597000e+12 +2.131389e+14 -7.556047e+15 -3.308782e+20   +3.932928e-08 +1.039149e-04 -1.961448e-03 +4.603554e-02 -6.612828e-01 -1.557957e+01 +2.087191e+03 -4.336305e+05 -1.242313e+07 -5.015505e+08 +1.269769e+11 +5.667836e+12 -5.722733e+14 +1.463040e+17 -6.502007e+18   
S15-164   +2.999590e+01   +5.202541e-08 +8.258539e-05 -2.252177e+00 -2.922509e-02 -7.133948e+00 +4.992262e+01 -1.322663e+04 -1.916045e+05 +1.512620e+09 -5.819139e+07 -4.129028e+08 +2.987395e+11 +5.111175e+14 +7.843589e+16 -3.315450e+20   -1.746442e-07 +1.199660e-04 -1.135494e-03 +1.354754e-02 +5.556856e-01 +3.824596e+01 +2.757392e+03 -4.000960e+05 -1.692281e+07 -2.948450e+08 +2.461225e+10 +1.389271e+12 -5.043653e+14 +1.420428e+17 -4.569058e+18   
S15-165   +2.999595e+01   -2.975794e-08 +4.480915e-05 -2.255562e+00 -6.230071e-03 -3.840909e+00 +1.961385e+02 -9.953624e+03 -1.469706e+05 +1.499041e+09 +3.121090e+07 -2.149687e+10 +3.320712e+12 +4.762963e+14 +3.932978e+16 -3.324031e+20   +5.121365e-08 +9.947733e-05 -5.283380e-04 -1.732583e-04 -1.212649e+00 +7.606807e+00 +4.884586e+03 -2.196586e+05 -2.203651e+07 -4.788510e+08 +3.929524e+10 -6.600214e+11 -6.533335e+14 +1.114856e+17 -4.047910e+18   
S15-166   +2.999585e+01   +3.345469e-07 +8.009945e-05 -2.257831e+00 -6.965224e-03 -7.924236e-01 -1.674858e+01 -4.753928e+03 -2.913769e+05 +1.500641e+09 -1.031736e+08 -1.227651e+10 +3.461185e+12 +2.397406e+14 +6.283533e+16 -3.313779e+20   +1.832479e-07 +9.929000e-05 -2.867443e-04 +2.669656e-02 -2.352507e+00 +2.031580e+01 +5.027365e+03 -1.554976e+05 -1.463890e+07 -1.096325e+09 +8.628357e+10 +1.821206e+12 -5.323543e+14 +1.098149e+17 -3.672418e+18   
S15-167   +2.999605e+01   +5.134926e-07 +7.760408e-05 -2.256152e+00 -2.998205e-02 -4.632430e+00 -2.319210e+02 -1.259155e+04 -1.996646e+05 +1.469820e+09 +1.704279e+09 -5.694010e+10 +9.240950e+12 +3.454128e+14 +1.851657e+16 -3.196167e+20   +8.652486e-08 +1.233372e-04 -4.237771e-04 -1.517124e-02 -1.523159e-01 +3.302501e+00 +4.182231e+03 -2.563103e+05 -6.578970e+07 -8.823508e+08 +7.039764e+09 +1.003369e+13 -9.837202e+14 +1.383743e+17 +5.367280e+18   
S15-168   +2.999600e+01   +2.297047e-07 +5.047036e-05 -2.255800e+00 -3.512345e-02 -2.015239e+00 +9.913118e+01 -5.845159e+03 -9.843953e+04 +1.470229e+09 -1.840468e+08 +1.660910e+10 +4.353944e+12 +1.828671e+14 +3.559775e+16 -3.205484e+20   +9.617056e-08 +1.194403e-04 -3.369786e-04 +1.279948e-02 -1.082460e+00 +2.239285e+01 +5.363982e+03 -3.641346e+05 -6.848016e+07 -2.426340e+08 +7.557238e+10 +1.548493e+10 -7.990929e+14 +1.344352e+17 +4.704191e+18   
S15-170   +2.999595e+01   +6.022873e-07 +2.821786e-05 -2.253283e+00 -1.496147e-01 +2.623269e+00 +3.425222e+02 -5.440361e+03 -4.226744e+05 +1.508180e+09 +8.576331e+08 -8.994338e+10 -7.084446e+12 +6.169336e+14 +4.732402e+16 -3.332971e+20   +2.962680e-07 +1.195970e-04 -5.791399e-04 +6.824628e-02 -4.221287e+00 +6.111728e+00 +7.034936e+03 -5.646919e+05 -1.637412e+07 -4.435929e+08 +1.020012e+11 +2.154050e+11 -4.521934e+14 +1.247225e+17 -2.077355e+18   
S15-171   +2.999590e+01   +2.035023e-07 +4.348568e-05 -2.256126e+00 +7.189589e-03 +1.370512e+00 -4.517401e+00 -2.519837e+03 -4.899716e+04 +1.502544e+09 -3.353395e+08 -7.727476e+10 +3.266696e+12 -1.735132e+13 +3.109801e+16 -3.357962e+20   +1.539410e-07 +1.297538e-04 -6.392154e-04 -4.738538e-02 -1.272015e-01 +1.540797e+01 +8.655696e+02 -2.084685e+05 -2.235560e+07 +8.947893e+07 +9.910584e+10 +1.627510e+12 -3.862628e+14 +1.189057e+17 -3.062481e+18   
S15-172   +2.999595e+01   +1.167248e-07 +8.503955e-05 -2.255209e+00 -4.589330e-02 -3.590021e+00 +1.093296e+01 -7.728690e+02 -1.021991e+05 +1.453431e+09 -1.044693e+07 +1.195501e+11 +2.351012e+12 -1.809991e+14 +7.341108e+16 -3.234254e+20   +3.643065e-07 +1.302654e-04 -8.074490e-04 -3.613628e-02 +1.572531e+00 -9.992399e+00 -7.927650e+03 -1.087754e+05 -5.274945e+07 -9.289097e+08 +2.536832e+10 +3.271738e+12 -2.047412e+14 +1.199229e+17 +2.320956e+18   
S15-174   +2.999590e+01   +5.127101e-08 +6.356349e-05 -2.255078e+00 -3.190097e-02 -1.450187e+00 +1.419016e+02 -4.211422e+02 -2.329086e+05 +1.477433e+09 -1.363453e+08 -1.362716e+10 +3.346551e+11 -8.884901e+13 +7.985718e+16 -3.266053e+20   +8.290120e-08 +1.502535e-04 -4.555933e-04 -3.239914e-02 -1.673774e+00 +1.648681e+01 +3.547315e+03 -3.160903e+05 -8.541467e+07 +1.768736e+08 +1.096057e+11 +5.372901e+11 -2.265663e+14 +1.260458e+17 +8.265523e+18   
S15-175   +2.999590e+01   +1.033424e-07 +6.464597e-05 -2.253123e+00 -2.553486e-02 -5.142276e+00 -3.849866e+01 -1.214502e+04 -1.463614e+05 +1.508274e+09 +5.869869e+08 -4.176611e+10 +6.092986e+12 +3.699896e+14 +6.886958e+16 -3.344557e+20   +2.193264e-07 +1.403495e-04 -1.556198e-03 -9.201821e-02 -1.951597e+00 +3.535463e+01 +4.530769e+03 -1.441533e+05 -7.949763e+06 -2.153828e+08 +5.286703e+10 +2.911184e+12 -8.664788e+14 +1.583293e+17 -7.236819e+18   
S15-176   +2.999565e+01   +1.627899e-07 +3.838907e-05 -2.251866e+00 -4.246712e-02 -1.662871e+00 -3.966075e+01 -4.333838e+03 -6.846716e+04 +1.513301e+09 -1.816733e+08 -5.925496e+10 -3.189277e+11 +4.340283e+14 +2.622538e+16 -3.335144e+20   -3.149817e-07 +1.277499e-04 -1.210683e-03 -4.183373e-02 +3.013081e+00 +1.624695e+01 +5.442539e+02 -2.931813e+05 -1.103854e+07 +5.273528e+08 -1.928854e+10 -1.109719e+12 -4.280914e+14 +1.184361e+17 -5.704867e+18   
S15-177   +2.999580e+01   +2.271967e-07 +9.372219e-05 -2.253556e+00 -4.799252e-03 -5.979801e+00 -8.571867e+01 -1.695679e+04 -9.755269e+04 +1.385067e+09 -5.769278e+08 -3.866215e+10 +4.663380e+11 +1.494737e+15 +6.933597e+16 -3.078376e+20   -2.985572e-07 +1.190473e-04 -3.134462e-04 +3.782733e-02 +4.635172e+00 +1.207306e+01 -5.515882e+03 -5.999037e+05 -3.079300e+08 -1.003354e+08 -1.097623e+11 -6.462931e+12 -1.031106e+15 +1.385906e+17 +3.864974e+19   
S15-179   +2.999590e+01   +7.890402e-08 +7.519141e-05 -2.253566e+00 +1.124878e-02 -4.105831e+00 -1.587521e+01 -8.767728e+03 -2.383858e+05 +1.376085e+09 +1.591095e+09 -2.038328e+10 +1.112028e+13 +5.620968e+14 +9.484126e+16 -3.079726e+20   -5.991059e-08 +1.512943e-04 +5.118520e-04 -2.791599e-02 -1.576649e+00 +1.751356e+01 +1.063863e+03 -5.082601e+05 -3.233455e+08 -8.498775e+08 +2.020689e+10 -8.342300e+12 +6.614574e+13 +1.632929e+17 +4.974683e+19   
S15-180   +2.999540e+01   +2.975471e-07 +5.205655e-05 -2.251808e+00 -2.573723e-02 +4.877745e-01 -4.811428e+01 -1.179276e+03 -1.326181e+05 +1.511686e+09 +6.359425e+07 -3.690653e+10 +1.698665e+12 +1.989947e+14 +5.512222e+16 -3.302779e+20   +1.875479e-07 +1.341656e-04 -1.401469e-03 -5.939724e-02 -1.680076e+00 +2.719046e+01 +2.576559e+03 -1.939748e+05 -2.232105e+07 +1.296129e+08 +7.770321e+10 +2.134723e+12 -5.836145e+14 +1.402889e+17 -3.011292e+18   
S15-181   +2.999585e+01   +3.258946e-07 +8.958519e-05 -2.252379e+00 +2.911450e-02 -2.202012e+00 +8.196267e+01 -1.856341e+03 -1.744172e+05 +1.388788e+09 +3.006334e+08 +5.611153e+10 +3.079755e+12 +4.118390e+14 +6.303769e+16 -3.183505e+20   +3.421200e-09 +1.543947e-04 -2.043227e-04 -8.475049e-02 +2.802691e-01 -2.926003e+00 +2.978613e+01 -2.368125e+05 -1.820568e+08 +1.186113e+09 -1.515626e+10 +3.628345e+12 -2.141713e+12 +1.545512e+17 +2.750641e+19   
S15-183   +2.999570e+01   +3.265779e-07 +2.445260e-05 -2.249650e+00 -8.719903e-02 -1.569083e+00 -2.700602e+02 -4.433499e+03 -2.310036e+05 +1.513291e+09 +5.265118e+07 -4.184623e+10 +7.631324e+12 +5.528056e+14 +4.027284e+16 -3.316939e+20   -1.862306e-08 +1.604797e-04 -1.894314e-03 -9.202846e-02 -4.133066e+00 +3.110053e+01 +1.202369e+04 -2.607472e+05 -2.309765e+07 +1.150576e+09 +8.264111e+10 +1.085915e+12 -9.848305e+14 +1.451382e+17 -4.094780e+18   
S15-184   +2.999590e+01   +1.103433e-07 +6.753593e-05 -2.254304e+00 -1.629763e-02 -5.240009e+00 +2.952593e+02 -1.022129e+04 -1.054818e+05 +1.339148e+09 +1.206794e+09 +1.352269e+11 -1.417510e+13 +8.498411e+14 +3.377245e+16 -2.986327e+20   -7.595931e-08 +1.666642e-04 -8.833257e-05 -6.677979e-02 -3.377042e+00 -4.572295e+00 +6.137876e+03 -2.578348e+05 -3.622765e+08 +1.763979e+09 -3.832727e+09 +5.880424e+12 -6.271744e+14 +8.550672e+16 +5.081678e+19   
S15-185   +2.999595e+01   +1.178236e-07 +9.222065e-05 -2.250542e+00 -3.939809e-03 -3.282860e+00 +1.975816e+02 -7.792625e+03 +1.339204e+05 +1.340964e+09 -8.908446e+08 +2.289034e+10 -1.899488e+13 +1.153997e+15 +1.987116e+15 -2.913663e+20   +8.771654e-09 +1.368044e-04 +5.803173e-04 -4.424751e-02 -6.477534e-01 +1.447253e+01 +5.138824e+03 -4.333425e+05 -3.457523e+08 +1.016620e+09 -1.103948e+11 +2.212734e+12 -1.173708e+15 +1.840228e+17 +4.916130e+19   
S15-186   +2.999585e+01   +2.066984e-07 +4.846814e-05 -2.249333e+00 -7.215765e-03 -2.332117e+00 +1.430948e+02 -7.844755e+03 -1.037274e+05 +1.398889e+09 -1.994021e+07 -7.171902e+10 -3.209389e+12 +4.860122e+14 +5.677292e+16 -3.180316e+20   +1.782171e-07 +1.258017e-04 +9.875889e-05 -1.352185e-02 -1.851533e+00 +3.018033e+01 -5.870359e+02 -3.625658e+05 -2.485130e+08 +8.358386e+08 +1.248779e+10 -2.890669e+12 +5.332944e+14 +1.016093e+17 +3.258213e+19   
S15-187   +2.999550e+01   -1.053189e-07 +8.533413e-05 -2.251328e+00 +5.083633e-02 -5.837742e+00 +2.551630e+02 -9.499692e+03 -8.357877e+04 +1.418635e+09 -5.285053e+08 +5.476478e+10 -8.383538e+12 +3.259161e+14 +1.062549e+17 -3.156974e+20   +3.427497e-07 +1.500427e-04 -6.889977e-04 -5.529836e-02 -5.473344e+00 +3.019534e+01 +7.207701e+03 -3.758337e+05 -1.841305e+08 +4.590962e+08 +1.995896e+11 +2.620713e+12 -4.068377e+14 +1.482493e+17 +2.580745e+19   
S15-188   +2.999570e+01   +3.240764e-07 +8.407638e-05 -2.252043e+00 -5.867324e-02 -7.074507e-02 -1.576471e+01 -1.909028e+03 -3.017653e+05 +1.379014e+09 +8.250446e+08 -3.969959e+10 -1.432698e+12 +2.807445e+14 +8.350737e+16 -3.102295e+20   +3.566731e-08 +1.551540e-04 +1.363607e-04 -1.080455e-01 +2.404898e+00 -9.518998e+00 -2.327323e+03 -1.972624e+05 -2.236377e+08 +1.114995e+09 +6.041026e+10 +1.027591e+13 -1.183043e+15 +1.359144e+17 +2.322002e+19   
S15-189   +2.999650e+01   +4.338886e-07 +6.916404e-05 -2.250808e+00 -2.722432e-02 -3.115800e+00 -7.122121e+01 -9.110190e+03 -2.235743e+05 +1.475981e+09 -4.418452e+08 +5.282790e+10 +4.714780e+12 +4.239981e+14 +5.099192e+16 -3.252884e+20   +9.542630e-08 +1.324653e-04 -3.733542e-04 -3.625640e-02 -2.003900e-01 +1.598109e+01 +1.565636e+03 -4.931265e+05 -9.003504e+07 -2.946465e+06 +4.234181e+10 -5.020412e+10 -8.956958e+14 +1.561965e+17 +4.029957e+18   
S15-190   +2.999725e+01   +2.153774e-07 +7.448493e-05 -2.249453e+00 -2.122793e-02 -3.065918e+00 +8.861562e+00 -5.061924e+03 -1.255249e+05 +1.477291e+09 +9.581898e+08 +8.332277e+10 +1.221188e+12 +9.776983e+13 +7.004805e+16 -3.215240e+20   +2.418411e-07 +1.225039e-04 -5.162777e-04 +4.647609e-02 +4.979793e-02 +2.507842e+01 -1.653222e+03 -2.585691e+05 -8.731320e+07 -1.154056e+09 +8.562238e+10 -1.296000e+12 -1.585495e+14 +1.162184e+17 +2.774809e+18   
S15-191   +2.999740e+01   +1.732721e-07 +4.659334e-05 -2.249326e+00 -1.344474e-01 -6.583244e+00 +9.405452e+01 -2.124330e+03 -5.718642e+05 +1.470184e+09 +9.719446e+08 +2.052788e+11 -1.378758e+13 +2.772397e+15 +3.056277e+16 -3.143951e+20   -3.343960e-07 +1.316783e-04 -9.646513e-04 -4.071220e-02 +6.854861e+00 +3.941172e+01 -8.613310e+03 -7.097468e+05 -3.219647e+07 -2.613570e+09 -2.855651e+11 +5.034360e+12 -8.235367e+14 +1.010036e+17 +1.176956e+19   
S15-192   +2.999585e+01   +3.117369e-07 +1.362576e-04 -2.248391e+00 +6.263200e-02 -2.525467e+00 -2.281577e+02 -6.213546e+03 -1.700401e+05 +1.395758e+09 +3.716704e+07 +6.891523e+10 +8.390334e+12 +6.155668e+14 +1.207480e+17 -3.068242e+20   -3.353234e-08 +1.427130e-04 +8.570349e-04 -1.085122e-02 +2.432196e+00 +2.694702e+01 -6.099157e+03 -3.688147e+05 -2.753740e+08 +9.604395e+08 -3.445630e+09 -2.635414e+12 +2.556918e+14 +1.137695e+17 +4.327102e+19   
S15-193   +2.999605e+01   +5.036436e-07 +3.621413e-05 -2.251445e+00 -4.066675e-02 -4.094422e+00 +3.553498e+01 -1.511854e+04 -9.095978e+04 +1.456064e+09 -4.291342e+08 -2.530536e+10 -1.815434e+11 +4.166705e+14 +2.350965e+16 -3.216170e+20   +1.825314e-07 +1.397882e-04 -2.529303e-04 -5.689179e-02 -1.613923e+00 +1.767990e+01 +4.150193e+03 -9.640456e+04 -9.259746e+07 -9.299268e+08 +4.003954e+10 +2.789163e+12 -2.172667e+14 +1.038872e+17 +7.873980e+18   
S15-194   +2.999560e+01   +2.377490e-07 +3.462421e-05 -2.249331e+00 +2.957459e-03 -2.810041e+00 +6.297660e+01 -2.803913e+03 +5.174506e+04 +1.375793e+09 -5.336913e+08 +1.009892e+11 +8.553618e+12 -1.420612e+14 +9.364733e+15 -3.090073e+20   -4.188061e-08 +1.276680e-04 +3.580292e-04 -2.080649e-03 -2.466782e+00 -3.752494e+00 +7.532915e+03 -4.233388e+05 -2.277473e+08 +7.964488e+07 -5.775404e+10 -7.404593e+11 -1.095029e+14 +1.096915e+17 +3.104432e+19   
S15-195   +2.999640e+01   +3.962896e-07 -7.074052e-06 -2.250649e+00 -6.175304e-02 -4.527580e+00 -1.251497e+01 -1.165075e+04 -1.428503e+05 +1.467610e+09 +3.168579e+08 +8.059600e+10 +1.544977e+12 +8.781467e+14 +1.926990e+16 -3.257498e+20   +3.554640e-08 +1.634097e-04 -2.619576e-03 +2.061580e-03 -1.878334e+00 +1.630340e+01 +6.302813e+03 -5.352412e+05 -7.711795e+07 -5.794012e+08 +5.059731e+10 +1.784499e+12 -7.197744e+14 +1.781310e+17 +1.230169e+18   
S15-197   +2.999645e+01   +2.849581e-07 +3.732318e-05 -2.252597e+00 -4.346464e-02 -7.854343e+00 +1.514233e+02 -1.332122e+04 -5.456439e+04 +1.451595e+09 -3.813261e+08 +1.210784e+11 -6.277746e+11 -1.869381e+14 +5.541009e+16 -3.246395e+20   -1.690388e-07 +1.048790e-04 -3.223327e-03 +2.388761e-02 +3.881316e-01 -1.250281e+00 +2.140217e+03 -3.726854e+05 -8.606545e+07 -1.596200e+09 +2.296446e+10 +4.321135e+12 -2.647036e+14 +1.439899e+17 -1.761597e+18   
S15-199   +2.999655e+01   -2.894455e-08 +6.664146e-05 -2.248666e+00 -3.665708e-02 -5.767547e+00 -9.022591e+01 -1.263344e+04 -1.989531e+05 +1.472814e+09 +2.959675e+08 -7.357493e+09 +6.543469e+12 -9.107651e+13 +8.010088e+16 -3.315151e+20   +2.449640e-07 +1.102521e-04 -2.322976e-03 -1.996611e-02 -9.523329e-01 +5.567580e+00 +1.857788e+03 -2.652121e+05 -9.248107e+07 -1.570421e+07 +8.232260e+10 +3.780265e+12 -2.104790e+14 +1.110920e+17 +5.588529e+18   
S15-206   +2.999575e+01   -1.696268e-07 +8.413215e-05 -2.249809e+00 -4.514056e-02 -2.293155e+00 -1.426636e+02 -1.205933e+03 -1.835648e+05 +1.448268e+09 -3.134417e+08 +5.941418e+10 +5.449842e+12 +4.391252e+14 +6.340382e+16 -3.267273e+20   +2.303422e-07 +1.181281e-04 -2.823191e-03 +2.988462e-02 +1.733860e-01 +2.559503e+01 -1.749068e+03 -2.645715e+05 -9.639966e+07 -2.081009e+07 +7.863871e+10 +1.590201e+12 -4.270608e+14 +1.081016e+17 +3.248877e+18   
S15-207   +2.999575e+01   +4.420603e-07 +7.289543e-05 -2.250744e+00 -2.961000e-03 -2.680578e+00 -7.026335e+01 -1.223556e+04 -5.899062e+04 +1.521473e+09 -4.989970e+08 -2.876873e+10 +1.368181e+12 +5.946676e+14 +4.658800e+16 -3.319363e+20   +4.204126e-07 +1.229572e-04 -1.131260e-03 +1.112205e-02 -4.557069e+00 +2.896857e+01 +4.130655e+03 -3.359693e+05 -1.975608e+07 -8.701636e+07 +1.211428e+11 +2.940875e+12 -4.766102e+14 +1.411208e+17 -2.686581e+18   
S15-209   +2.999645e+01   +2.251223e-07 +5.955725e-05 -2.251793e+00 -6.847604e-02 -4.994608e+00 -1.927240e+02 -1.263652e+04 -5.216904e+05 +1.440530e+09 +3.550120e+08 +3.047795e+08 +1.097308e+13 +1.088338e+14 +8.995724e+16 -3.196683e+20   +8.311657e-08 +1.248550e-04 -2.641977e-03 -6.875207e-03 -8.875077e-01 +1.743955e+01 +3.934589e+03 -1.221684e+05 -1.515991e+08 -2.157258e+09 -5.367829e+10 -2.900502e+12 -5.031789e+14 +8.832569e+16 +1.786420e+19   
S15-210   +2.999640e+01   +4.368578e-07 +8.226904e-05 -2.252084e+00 +1.738366e-02 -2.160071e+00 +7.252004e+00 -9.383539e+03 -1.360511e+05 +1.507105e+09 -1.499796e+09 +3.585444e+10 -3.288249e+12 +2.348274e+14 +6.674881e+16 -3.323997e+20   +1.404624e-07 +1.068687e-04 -2.150981e-03 +3.593721e-02 -4.657229e-01 +3.775200e+01 +2.154594e+03 -2.831111e+05 -9.742056e+07 -5.522826e+07 +2.478657e+10 +2.485899e+12 -4.988335e+14 +1.268280e+17 +1.143179e+18   
S15-212   +2.999595e+01   +5.513584e-07 +4.538276e-05 -2.251640e+00 -7.434554e-02 -3.137702e+00 +6.662046e+01 -8.675968e+03 -2.366922e+05 +1.459430e+09 +1.087653e+09 +9.148782e+10 -7.488908e+11 +6.902755e+14 +8.469713e+16 -3.229755e+20   +9.186614e-08 +1.312914e-04 -2.301595e-03 -4.216126e-02 -1.465413e+00 +2.741347e+00 +3.297380e+03 -1.701169e+05 -6.059541e+07 -5.022218e+08 -3.689578e+10 -1.482005e+12 -1.289270e+14 +1.414172e+17 +1.709658e+18   
S15-213   +2.999600e+01   +1.208626e-07 +6.768696e-05 -2.250278e+00 -5.518469e-03 -4.096676e+00 -9.739065e+01 -1.338770e+04 -1.160359e+05 +1.498263e+09 -4.279694e+08 -2.899832e+10 +2.022785e+12 +6.644643e+14 +5.440159e+16 -3.318766e+20   +5.172863e-08 +1.073548e-04 -1.227508e-03 -1.798684e-02 +4.125203e-01 +2.048478e+01 +9.200023e+02 -2.902543e+05 -1.759837e+07 -3.256047e+08 +5.743126e+10 +8.205777e+11 -4.324363e+14 +1.078875e+17 -4.468059e+18   
S15-215   +2.999570e+01   +3.674490e-07 +6.480256e-05 -2.247702e+00 -6.115803e-02 -6.820971e+00 -9.744253e+00 -1.569517e+04 -3.561777e+05 +1.483662e+09 -4.324396e+08 +3.055633e+10 -1.794096e+12 +8.250266e+14 +6.616928e+16 -3.292901e+20   +1.648357e-07 +1.433066e-04 -1.947653e-03 -2.649253e-02 -4.202829e+00 +7.267715e-01 +8.411479e+03 -2.322328e+05 -7.112106e+07 -5.275029e+08 +8.478172e+10 -1.134276e+12 -5.935707e+14 +1.537141e+17 +3.683281e+18   
S15-216   +2.999530e+01   +1.734775e-07 +6.173751e-05 -2.248337e+00 -5.243075e-02 -4.575173e+00 -5.051418e+01 -1.129732e+04 -2.135300e+05 +1.503200e+09 +6.315396e+07 +3.638770e+10 -1.758377e+12 +4.353242e+14 +7.486106e+16 -3.276042e+20   +7.190100e-08 +9.610229e-05 -1.521720e-03 +4.284918e-02 -1.765531e+00 +1.799294e+01 +4.643851e+03 -3.771541e+05 -8.272149e+06 -9.007475e+08 +9.460065e+10 -2.288009e+12 -3.944041e+14 +1.135945e+17 -4.830997e+18   
S15-218   +2.999635e+01   +3.968293e-07 +5.754733e-05 -2.250886e+00 -1.086039e-02 +9.952884e-01 +1.532827e+02 -3.019433e+03 -3.429977e+05 +1.459531e+09 +2.038316e+07 -2.952835e+10 +8.099965e+12 +5.712495e+14 +6.184452e+16 -3.264062e+20   -2.072883e-08 +1.352643e-04 -2.484918e-03 -1.228208e-02 -2.981844e+00 +2.641011e+01 +8.450792e+03 -4.052763e+04 -7.096537e+07 +1.343299e+09 +4.234672e+10 +4.487143e+12 +6.972125e+13 +7.479270e+16 -2.663422e+18   
S15-219   +2.999560e+01   +3.443458e-07 +8.264092e-05 -2.251421e+00 +1.135688e-02 -2.147246e+00 +3.164958e+01 -6.590237e+03 -8.957794e+04 +1.479954e+09 +1.431289e+08 -1.105499e+10 -3.649172e+11 +3.036355e+14 +5.809945e+16 -3.262634e+20   +3.454820e-08 +1.277071e-04 -2.556187e-03 -8.429413e-04 +3.149495e-01 +3.458297e+01 +1.136515e+03 -1.792651e+05 -8.988612e+07 -6.596087e+08 -6.259698e+09 -4.780945e+12 -6.611173e+14 +1.157205e+17 +2.625793e+18   
S15-220   +2.999550e+01   +9.998600e-08 +7.297365e-05 -2.254284e+00 -3.463523e-02 -8.192506e-01 +1.018615e+02 -1.472193e+02 -1.853123e+05 +1.495347e+09 -4.896681e+07 -1.427271e+10 +1.255859e+12 +1.775992e+14 +5.008491e+16 -3.325379e+20   +2.692136e-07 +1.031370e-04 -1.412177e-03 +3.315912e-03 -1.510428e+00 +2.240566e+01 +1.573236e+03 -3.718834e+05 -1.681258e+07 -1.962972e+08 +6.775710e+10 +1.917190e+12 -4.247740e+14 +1.164064e+17 -6.912203e+18   
S15-221   +2.999555e+01   +2.696019e-07 +3.413660e-05 -2.253362e+00 +1.779171e-02 -2.710362e+00 -1.002914e+02 -7.716241e+03 +2.253324e+04 +1.481161e+09 -5.420107e+07 +1.717860e+10 +4.048951e+12 +3.700836e+14 +5.256093e+16 -3.284560e+20   +1.519168e-07 +9.054626e-05 -6.968347e-04 +1.885637e-02 +2.105146e+00 +2.958473e+01 -5.620467e+03 -2.124102e+05 -4.451207e+07 -6.365881e+08 +6.153773e+10 +1.392400e+12 -2.101469e+14 +8.316990e+16 +1.041990e+18   
S15-222   +2.999675e+01   -1.343872e-08 +8.617094e-05 -2.251876e+00 -4.882126e-02 -2.077708e+00 +9.315953e+01 -4.495100e+03 -3.601297e+05 +1.481671e+09 -6.872888e+08 +4.096387e+10 -3.109623e+12 +2.021117e+14 +9.341779e+16 -3.267101e+20   +9.289256e-08 +1.017346e-04 -2.944349e-03 +3.272953e-02 +2.905355e+00 +7.324013e+00 -4.575096e+03 -3.061256e+05 -8.827050e+07 -3.831358e+08 +6.628065e+10 -4.950846e+11 -3.307699e+14 +1.202714e+17 +4.044295e+18   
S15-223   +2.999575e+01   +5.140142e-07 +6.725809e-05 -2.252966e+00 -5.695010e-02 -1.919899e+00 +5.487654e+01 -8.818146e+03 -3.074477e+05 +1.476870e+09 -1.363597e+08 -5.360693e+10 -4.281973e+12 +1.049036e+15 +8.820556e+16 -3.302465e+20   -1.745114e-08 +1.351065e-04 -2.330416e-03 -3.110551e-02 +4.076668e-01 +2.135912e+00 +1.349844e+03 -2.066713e+05 -6.147361e+07 -1.698548e+08 +6.496654e+09 -3.055324e+11 -4.454838e+14 +1.721597e+17 -1.152884e+18   
S15-227   +2.999530e+01   +2.339095e-07 +6.301757e-05 -2.253510e+00 -2.638860e-02 -3.997103e+00 -4.398556e+01 -9.020967e+03 -6.854437e+04 +1.478409e+09 -8.167540e+08 +3.001032e+10 +1.933434e+12 +3.962894e+14 +4.068401e+16 -3.293505e+20   +2.546043e-07 +1.382304e-04 -2.750153e-03 -1.120049e-02 -1.467691e+00 +1.098810e+01 +1.373416e+03 -3.864465e+05 -8.881448e+07 +6.273263e+07 +5.838181e+10 -1.016985e+12 -1.072121e+14 +1.080980e+17 +5.790671e+18   
S15-228   +2.999650e+01   +1.205845e-07 +5.523578e-05 -2.250496e+00 -7.813335e-02 -6.803834e+00 -2.410234e+01 -1.296260e+04 -2.706441e+05 +1.486554e+09 -2.181356e+07 -2.120384e+09 +1.630932e+12 +4.070678e+14 +6.962199e+16 -3.272114e+20   +3.195424e-08 +1.394602e-04 -2.179756e-03 -4.863804e-02 +6.640451e-01 +1.948290e+01 +8.690474e+02 -2.087960e+05 -7.585305e+07 -1.973917e+08 +7.850483e+10 +4.952861e+11 -5.007324e+14 +1.451405e+17 +2.510235e+18   
S15-229   +2.999595e+01   +1.569369e-07 +6.110532e-05 -2.252053e+00 -3.957161e-02 -4.365663e+00 -3.355140e+01 -9.141154e+03 -2.852588e+05 +1.483436e+09 +6.881972e+08 +9.802810e+10 +2.646255e+12 +4.134395e+14 +5.058583e+16 -3.276522e+20   +1.779238e-07 +1.077907e-04 -1.318921e-03 +2.632329e-02 +6.656692e-01 +3.270201e+01 -2.103828e+03 -4.101060e+05 -9.316231e+07 -1.807198e+08 +4.579048e+10 +3.316066e+12 -1.672254e+14 +1.660286e+17 +5.144061e+18   
S15-230   +2.999620e+01   +2.640953e-07 +5.569632e-05 -2.251260e+00 -5.037938e-02 -6.749868e-01 +8.956014e+00 -4.229402e+03 -1.672676e+05 +1.485519e+09 -4.517542e+08 +5.660847e+10 +9.987945e+11 +1.694330e+14 +5.635334e+16 -3.282136e+20   +3.014090e-07 +1.190018e-04 -6.933228e-04 -1.343285e-03 -1.451314e-01 +3.096817e+01 -1.314122e+03 -2.748451e+05 -9.486302e+07 -5.431355e+08 +5.848661e+10 -3.994016e+12 -3.495029e+14 +1.299896e+17 +7.633254e+18   
S15-231   +2.999550e+01   +2.275355e-07 +3.938801e-05 -2.252888e+00 +4.232988e-03 -4.472298e+00 +6.497778e+00 -1.099792e+04 -1.370573e+05 +1.451899e+09 +2.724653e+08 +1.788607e+10 +7.039096e+12 +2.450223e+14 +4.072734e+16 -3.260583e+20   +1.881198e-08 +1.535470e-04 -2.202727e-03 -2.227898e-02 +9.961388e-01 +4.050948e+01 -3.295862e+02 -3.121545e+05 -1.306457e+08 +4.619456e+08 -2.541450e+10 -1.292021e+12 -4.683866e+14 +1.323220e+17 +7.124329e+18   
S15-232   +2.999640e+01   +2.510535e-07 +5.154068e-05 -2.251757e+00 -6.407296e-02 +2.022044e-01 -7.728467e+01 -2.045776e+03 +3.029853e+04 +1.469122e+09 -3.663120e+08 +1.530656e+10 +4.407259e+12 +2.790239e+14 +3.648905e+16 -3.198076e+20   +8.399781e-08 +1.217008e-04 -8.077556e-04 +8.177378e-03 -8.149455e-01 +1.208720e+01 +2.125230e+03 -3.552166e+05 -1.058648e+08 +6.004661e+08 +4.534377e+10 +1.396266e+11 -3.552593e+14 +1.283440e+17 +1.043353e+19   
S15-234   +2.999575e+01   +4.027997e-07 +6.647535e-05 -2.252123e+00 -1.802833e-02 -2.242496e+00 +1.785470e+02 -9.454223e+03 -1.296022e+05 +1.470390e+09 -1.255832e+09 -3.271123e+10 -2.529433e+12 +7.454626e+13 +7.680721e+15 -3.276826e+20   +2.435822e-07 +1.205547e-04 -2.923681e-03 +2.524811e-02 -1.419051e+00 +1.768544e+01 +2.038191e+03 -5.237362e+05 -1.062729e+08 -1.474880e+09 +3.223416e+10 +3.772561e+12 -4.984429e+14 +1.226690e+17 +3.048233e+18   
S15-236   +2.999605e+01   +3.851797e-07 +4.765681e-05 -2.254538e+00 -5.656401e-02 -3.514516e+00 +4.789537e-01 -1.096850e+04 -3.714166e+05 +1.350276e+09 +1.674902e+09 +2.067573e+10 +8.556263e+12 +3.454315e+14 +9.801951e+16 -3.052861e+20   -1.498093e-07 +1.393999e-04 -8.596612e-04 -3.059303e-02 -1.396843e+00 +2.905672e+01 +8.090775e+02 -3.382545e+05 -3.026264e+08 -1.146467e+09 +1.701053e+11 -3.132738e+12 +4.899435e+14 +7.467190e+16 +3.508205e+19   
S15-237   +2.999560e+01   +2.386651e-07 +7.017063e-05 -2.252752e+00 +4.419231e-02 -1.376997e+00 +1.277480e+02 -3.847214e+03 -1.455942e+04 +1.483340e+09 -4.499773e+08 -2.153136e+10 -1.968867e+12 +4.553595e+14 +5.030324e+16 -3.240280e+20   -2.732392e-08 +1.302131e-04 -1.143112e-03 -5.170218e-02 -2.583392e+00 -5.868107e+00 +7.998006e+03 -2.166820e+05 -9.386170e+07 +2.644856e+08 +4.799114e+10 -1.079537e+12 -7.460908e+14 +1.348708e+17 +9.171759e+18   
S15-238   +2.999630e+01   +1.542732e-07 +5.938886e-05 -2.252489e+00 -5.718965e-02 -2.902259e+00 -3.025613e+01 -4.994083e+03 -2.578732e+05 +1.489140e+09 +2.652800e+08 +4.836483e+10 +1.961813e+12 +2.943035e+14 +7.072306e+16 -3.293271e+20   +6.501782e-09 +1.415871e-04 -1.316601e-03 -2.551895e-02 -1.956650e+00 +1.422817e+01 +5.214963e+03 -3.810570e+05 -8.916293e+07 +2.269544e+08 +6.699360e+10 +4.364715e+11 -2.700658e+14 +1.508717e+17 +5.602211e+18   
S15-239   +2.999590e+01   +2.880742e-07 +9.395157e-05 -2.250180e+00 -3.011583e-02 -2.923508e+00 -4.361213e+01 -8.175574e+03 -2.612218e+05 +1.480107e+09 +4.295597e+08 -4.659077e+10 -1.017619e+11 +5.691224e+14 +7.512430e+16 -3.239249e+20   +1.765103e-07 +1.043523e-04 -1.357907e-03 +1.156177e-02 +2.241010e+00 +6.783577e+00 -4.046066e+03 -2.117457e+05 -8.774336e+07 -5.765678e+08 +3.289367e+10 +2.660646e+12 -4.021123e+14 +8.474171e+16 +5.718968e+18   
S15-240   +2.999600e+01   +2.875016e-07 +1.068259e-04 -2.255621e+00 -1.415340e-03 -1.876277e+00 -7.632664e+01 -7.171059e+03 -1.369382e+05 +1.350913e+09 +4.695753e+05 -1.050016e+11 -3.449667e+12 +3.156935e+14 +4.731378e+16 -3.018621e+20   -5.438802e-08 +1.140002e-04 -3.123773e-05 +3.128388e-02 -3.617362e-01 +3.468342e+01 +7.277784e+02 -4.198770e+05 -3.123750e+08 -7.067679e+08 +9.324750e+10 -1.762681e+13 -9.458751e+14 +1.078308e+17 +3.716562e+19   
S15-242   +2.999610e+01   +3.403999e-07 +4.111821e-05 -2.254219e+00 -8.513950e-02 -1.302625e+00 +1.783377e+02 -6.396065e+03 -1.428229e+05 +1.475777e+09 +2.220988e+06 -3.432446e+10 -3.445025e+12 +4.933255e+14 +5.426959e+16 -3.252912e+20   +3.798734e-08 +1.246193e-04 -5.098256e-04 -1.619744e-02 -4.323612e-01 +3.728155e+01 +2.236975e+03 -3.249893e+05 -6.843606e+07 +4.513013e+08 +6.540394e+10 -5.242085e+11 -3.972333e+14 +1.493345e+17 -9.169322e+17   
S15-244   +2.999620e+01   +2.811753e-07 +6.673715e-05 -2.252580e+00 -6.564248e-02 -2.847356e+00 +1.171529e+02 -9.164174e+03 -4.810389e+05 +1.463982e+09 -7.015445e+08 -6.763913e+10 -3.355785e+12 +1.167668e+15 +1.480857e+17 -3.216352e+20   +1.155543e-07 +1.172335e-04 -9.887062e-04 +8.943800e-03 +1.828447e+00 +3.026983e+00 -5.458101e+03 -4.732166e+05 -9.428511e+07 +6.723898e+08 +1.013139e+11 +8.111691e+12 +4.847331e+14 +1.326120e+17 +1.203307e+18   
S15-245   +2.999615e+01   +9.099894e-08 +5.326984e-05 -2.256690e+00 -5.056312e-02 -4.618439e+00 +2.170151e+01 -8.096872e+03 -2.081927e+05 +1.480408e+09 +1.540855e+08 +6.868805e+10 +4.405649e+12 +2.969019e+14 +8.125499e+16 -3.259886e+20   -8.726197e-08 +1.121916e-04 -1.394363e-03 +3.269973e-02 +1.337167e+00 +9.053252e+00 -8.573370e+01 -4.487926e+05 -5.861232e+07 -5.362368e+08 -2.396816e+10 +2.155011e+12 -4.713925e+14 +1.281769e+17 +1.233817e+18   
S15-246   +2.999535e+01   +4.465522e-07 +6.395481e-05 -2.255764e+00 -1.125860e-02 -3.147013e+00 +8.400555e+01 -1.188175e+04 -1.900712e+05 +1.514567e+09 +3.432442e+08 -3.996910e+10 -2.376361e+12 +6.666930e+14 +5.535381e+16 -3.313205e+20   -1.650975e-07 +9.506824e-05 -1.155972e-03 +7.161000e-02 +1.824344e+00 +1.565773e+01 +2.025735e+03 -4.523621e+05 -2.470661e+07 -1.020393e+09 -7.570823e+09 -4.738011e+11 -8.765429e+14 +1.309230e+17 -4.231479e+18   
S15-248   +2.999600e+01   +1.583465e-07 +9.119753e-05 -2.258282e+00 +5.764525e-02 -1.693012e+00 -8.854447e+01 -4.100743e+03 -3.233488e+05 +1.338981e+09 +4.756624e+07 +2.720481e+10 +8.648757e+12 +3.347316e+14 +1.373079e+17 -2.991180e+20   -1.556766e-07 +1.319873e-04 -3.304001e-04 -2.357750e-02 +2.071279e+00 -3.412652e+01 -4.851630e+03 -4.906551e+05 -3.419266e+08 +6.710215e+06 +3.699937e+10 +1.466821e+13 +4.738658e+14 +1.235463e+17 +4.187038e+19   
S15-249   +2.999600e+01   +1.552408e-07 +7.488605e-05 -2.254613e+00 +3.436385e-03 -4.254581e+00 -8.322770e+01 -8.773610e+03 -6.873186e+04 +1.505799e+09 +1.320077e+09 +5.387418e+10 +6.176284e+11 +5.353164e+14 +1.034146e+17 -3.278796e+20   +2.536308e-07 +1.330702e-04 -1.349158e-03 +1.497406e-02 -4.086171e+00 +2.360076e+01 +6.736118e+03 -4.700437e+05 -8.384371e+07 -2.507204e+08 +9.811585e+10 +7.655754e+11 -7.207554e+14 +1.510538e+17 +7.178567e+17   
S15-251   +2.999605e+01   +2.381336e-07 +5.254008e-05 -2.254808e+00 -5.545260e-02 -7.637146e-01 +1.104793e+02 -3.761905e+03 -2.627759e+05 +1.470982e+09 +2.783214e+08 -9.783782e+10 +3.300893e+12 +2.934638e+14 +7.067421e+16 -3.252525e+20   +1.126364e-07 +1.267554e-04 -1.993432e-03 -2.654729e-02 -1.182472e+00 +2.813106e+01 +3.884015e+03 -3.073512e+05 -9.949667e+07 +3.933281e+07 +3.595467e+10 +1.613374e+12 -6.160908e+14 +1.498265e+17 +3.052599e+18   
S15-253   +2.999625e+01   +9.061063e-08 +5.778489e-05 -2.254660e+00 -1.121920e-01 -3.116983e+00 +2.189253e+01 -7.452258e+03 -3.009830e+05 +1.481125e+09 -6.456357e+07 +5.693955e+10 +1.622370e+12 +5.700226e+14 +6.702144e+16 -3.258557e+20   +6.770663e-08 +1.274223e-04 -1.545035e-03 -8.815682e-02 +4.048096e+00 +5.087193e+00 -5.314934e+03 -8.845276e+04 -8.380411e+07 +4.889585e+08 +3.413307e+10 +3.655007e+12 -2.005519e+14 +8.554123e+16 +7.930411e+18   
S15-256   +2.999600e+01   +1.563860e-07 +4.604657e-05 -2.259400e+00 -2.143010e-02 -3.048738e+00 +3.159767e+01 -6.717176e+03 -1.513598e+05 +1.350241e+09 +1.230017e+09 +1.342885e+11 -6.022343e+12 +8.713258e+14 +7.618196e+16 -3.016915e+20   -2.536340e-07 +1.348415e-04 -4.323850e-04 -1.007545e-02 -1.187257e-01 +7.701820e+00 +4.551960e+02 -3.283006e+05 -3.527424e+08 +6.481854e+08 +6.519193e+09 +1.283867e+12 +2.408526e+14 +8.478074e+16 +4.789272e+19   
S15-257   +2.999595e+01   +3.288916e-07 +7.670372e-05 -2.254730e+00 -5.145388e-02 -5.161894e+00 -2.556771e+02 -1.395752e+04 -6.160122e+04 +1.495919e+09 +2.404990e+08 +3.702283e+10 +4.059691e+12 +8.610442e+14 +7.419008e+16 -3.278505e+20   +2.263202e-07 +1.066867e-04 -1.866683e-03 +3.331244e-02 +2.529569e+00 -5.581894e+00 -6.228501e+03 -2.488746e+05 -1.038539e+08 +1.464889e+08 +6.207005e+10 +7.038517e+11 -4.860493e+14 +9.279146e+16 +8.440916e+18   
S15-258   +2.999585e+01   +7.169152e-08 +5.599211e-05 -2.253734e+00 -2.981596e-02 -5.492893e+00 +1.413187e+02 -2.346115e+03 -2.393333e+05 +1.454705e+09 +1.403622e+08 +2.150033e+11 -4.686862e+12 -3.562083e+14 +7.269889e+16 -3.248335e+20   -2.005136e-07 +1.323191e-04 -1.133830e-03 -8.493162e-02 +4.782068e+00 -8.515248e+00 -7.674115e+03 +1.474255e+05 -5.262885e+07 -7.173089e+08 -1.384094e+10 +6.768593e+12 -3.411672e+14 +7.253040e+16 +7.669398e+17   
S15-261   +2.999615e+01   +3.080342e-07 +4.206100e-05 -2.255199e+00 -8.592499e-02 -1.518082e+00 +1.371199e+01 -2.069643e+03 -4.409062e+05 +1.471430e+09 +2.077676e+08 -3.489918e+10 +5.562507e+12 -1.436496e+14 +4.398518e+16 -3.278000e+20   -2.876841e-07 +1.634699e-04 -9.440638e-05 -6.916738e-02 +6.916061e+00 -5.197724e+00 -1.071319e+04 -5.212116e+05 -7.202268e+07 +8.860054e+08 -6.658401e+10 +4.084778e+12 -7.040394e+13 +1.527887e+17 +7.559640e+18   
S15-263   +2.999625e+01   +2.654869e-07 +4.831287e-05 -2.256680e+00 -4.644117e-02 -1.922435e+00 +2.748264e+02 -3.700826e+03 -3.719342e+04 +1.477670e+09 -4.565831e+08 +3.551304e+10 -2.490359e+12 +3.647116e+14 +5.299426e+16 -3.278943e+20   +1.012507e-07 +1.129803e-04 +5.649696e-05 +4.738559e-02 +9.331436e-03 +6.400603e+00 +1.318282e+03 -4.993988e+05 -8.896272e+07 -3.801232e+08 +1.662515e+11 +4.989907e+12 -8.224161e+14 +1.000360e+17 +5.049221e+18   
S15-267   +2.999685e+01   +2.768326e-07 +7.740656e-05 -2.255044e+00 +2.432590e-02 -3.671646e+00 +1.065823e+01 -8.451534e+03 -4.046282e+04 +1.481135e+09 -7.303013e+08 +2.487106e+10 +4.752406e+11 +4.993538e+14 +9.189052e+16 -3.257672e+20   +1.659196e-07 +1.315444e-04 -8.166207e-04 -8.349527e-02 -1.860145e+00 +1.657385e+01 +3.844864e+03 +5.189415e+04 -8.339496e+07 -4.175232e+08 +7.691681e+10 -6.289650e+11 -4.501543e+14 +9.828895e+16 +3.309912e+18   
S15-271   +2.999635e+01   +8.556328e-08 +6.078266e-05 -2.256038e+00 -1.264771e-02 -2.748354e+00 +2.389096e+01 -5.787061e+03 -1.473979e+05 +1.447164e+09 -1.137836e+08 -7.972760e+09 +3.640963e+11 +6.037411e+14 +2.840147e+16 -3.227386e+20   -1.963693e-08 +1.215438e-04 -2.950867e-03 -2.948144e-02 +4.474381e+00 +4.495260e+00 -5.851365e+03 -3.156873e+05 -9.700797e+07 +5.422416e+08 -7.031759e+10 +3.120026e+12 -6.477308e+14 +1.168851e+17 +8.562522e+17   
S15-272   +2.999590e+01   +4.440460e-07 +6.351978e-05 -2.256819e+00 +2.845054e-04 -3.399135e+00 +5.536640e+01 -1.254007e+04 -1.499787e+05 +1.479818e+09 -7.167059e+08 -1.105435e+11 +5.839268e+12 +7.923240e+14 +4.734620e+16 -3.325044e+20   -2.675129e-08 +1.212657e-04 -1.674529e-03 -3.759477e-02 -1.390635e+00 +5.262233e+00 +7.132251e+03 -2.593862e+05 -1.043587e+08 -8.514437e+07 +1.908918e+10 +2.537507e+12 -1.126403e+15 +1.279033e+17 +4.786177e+18   
S15-274   +2.999590e+01   +3.522531e-07 +7.876346e-05 -2.253180e+00 +2.530480e-02 -4.633007e+00 -1.712306e+02 -1.456683e+04 -2.118317e+05 +1.438967e+09 -1.100455e+09 -6.346284e+10 +3.426678e+12 +4.658383e+14 +7.012302e+16 -3.198195e+20   -5.136862e-08 +1.150702e-04 -1.280744e-03 -2.499645e-03 +5.291847e+00 +5.529106e+01 -6.723522e+03 -3.830303e+05 -9.978727e+07 -8.195273e+08 +1.276387e+09 -2.118528e+11 -7.726736e+14 +1.252841e+17 +3.739141e+18   
S15-275   +2.999705e+01   +6.031070e-07 +6.819277e-05 -2.256902e+00 -4.004127e-02 -1.483215e+00 -1.897548e+02 -8.043624e+03 -2.667016e+05 +1.469300e+09 +2.005659e+08 -8.047095e+10 -6.988587e+12 +1.085341e+15 +1.335496e+16 -3.264146e+20   +1.367961e-07 +1.014603e-04 -3.002886e-03 -1.230998e-02 -6.987757e-01 +1.877713e+01 -1.534559e+03 -1.160001e+05 -1.303036e+08 +9.242195e+08 +7.180729e+10 +4.813287e+12 -6.725785e+14 +6.781220e+16 -7.388006e+18   
S15-276   +2.999610e+01   +1.742493e-07 +2.526781e-05 -2.255709e+00 -8.453002e-02 -4.690670e+00 +1.460132e+02 -7.823384e+03 -1.537189e+05 +1.469732e+09 +6.874900e+07 +3.736769e+10 -4.562026e+12 +1.701168e+14 +2.621220e+16 -3.259264e+20   +1.976947e-08 +9.666703e-05 -2.318355e-03 -2.691062e-02 +2.330972e-01 +1.037730e+01 +2.830120e+03 -2.741596e+05 -7.218385e+07 +6.092735e+08 +1.826659e+10 -8.356653e+11 -6.449518e+14 +9.652001e+16 +3.115095e+18   
S15-277   +2.999600e+01   +3.303895e-07 +4.674043e-05 -2.259762e+00 +2.203599e-02 -5.966572e-02 -6.133704e+01 -3.349677e+03 -9.824243e+04 +1.395492e+09 -4.076417e+08 -1.942777e+11 +1.648566e+12 +4.477357e+14 +8.055644e+16 -3.217491e+20   -3.441696e-08 +1.088594e-04 -5.848857e-04 -3.308980e-02 -2.082895e+00 +1.554644e+01 +5.594329e+03 -3.218173e+05 -1.994110e+08 -8.469249e+07 +6.881251e+10 +6.764212e+12 -3.103832e+14 +1.178476e+17 +2.677821e+19   
S15-278   +2.999585e+01   +1.317706e-07 +7.012673e-05 -2.255352e+00 -1.967167e-02 -4.952968e+00 +8.714706e+01 -8.451913e+03 -1.823258e+05 +1.484267e+09 -3.940812e+08 +6.905405e+10 +4.909142e+12 +6.352469e+14 +5.517593e+16 -3.333515e+20   +1.456260e-07 +8.813766e-05 -1.190375e-03 +2.681003e-02 +7.086200e-01 +8.991844e-01 -7.226553e+02 -2.869456e+05 -7.620077e+07 -6.128948e+08 +5.605245e+09 -4.282692e+12 -5.129836e+14 +1.032985e+17 +5.001572e+18   
S15-281   +2.999600e+01   +3.287184e-07 +2.671864e-05 -2.254757e+00 -5.844476e-02 +1.666526e+00 -6.021863e+00 +2.694686e+02 -4.030781e+04 +1.456997e+09 +3.993376e+08 +1.914436e+10 +3.334805e+12 +4.060985e+14 -7.488308e+14 -3.238307e+20   -4.953884e-09 +1.369133e-04 -1.927948e-03 -6.247063e-02 -7.050193e-01 +4.292299e+00 +3.547863e+03 -1.711580e+05 -8.539072e+07 +4.353874e+08 +3.195693e+10 +5.596850e+12 -5.074160e+14 +1.250855e+17 +2.095558e+18   
