# multipoles are divided by excitation current and units are [T], [m] and [A]
# harmonics (dipole n=0): 00 01 02 03 04 05 06 07 08 09 10 11 12 13 14 
# MAG_LABEL   CURRENT[A]   <NORMAL_MULTIPOLES/CURRENT>[T/m^(n-1)/A]   <SKEW_MULTIPOLES/CURRENT>[T/m^(n-1)/A]
S15-004   +1.499969e+02   +4.349691e-07 +8.122055e-05 -2.204126e+00 -1.130277e-02 +1.700574e-01 -1.126422e+02 -6.228711e+03 +1.205782e+05 +1.238465e+09 +1.173442e+09 -5.017039e+10 +1.172172e+13 +5.050710e+14 -1.744652e+16 -2.880908e+20   -6.537858e-08 +1.389091e-04 +6.435416e-04 -3.475715e-02 -1.655284e+00 +3.405565e+01 +5.225331e+03 -5.552551e+05 -4.302561e+08 +2.764420e+09 +6.927930e+10 -2.094727e+12 -6.611695e+14 +1.677835e+17 +6.823228e+19   
S15-006   +1.499970e+02   +1.352760e-07 +8.222364e-05 -2.211389e+00 -3.028479e-02 -7.169463e+00 +3.207127e+01 -1.731157e+04 -2.040185e+05 +1.261874e+09 -2.745828e+08 -1.674446e+10 +6.336496e+12 +1.179532e+15 +1.120344e+17 -2.921800e+20   -1.753836e-10 +9.948226e-05 +1.582096e-03 -4.669387e-02 -3.957993e-01 -1.008987e+01 -8.816483e+02 -2.520946e+05 -3.952896e+08 +2.584398e+09 -1.409728e+10 -5.604451e+12 -5.951353e+13 +6.649937e+16 +6.300447e+19   
S15-008   +1.499975e+02   -5.765542e-09 +4.699217e-05 -2.205205e+00 -1.693018e-02 -6.721305e+00 +4.254868e+01 -1.729325e+04 +1.528179e+05 +1.300260e+09 -4.559884e+08 +9.092132e+10 +2.918762e+12 +1.083501e+15 +1.389105e+16 -3.123824e+20   +2.273083e-07 +1.004472e-04 +4.494562e-04 +1.026798e-02 -8.625144e+00 +1.650796e+01 +1.360895e+04 -3.154705e+05 -1.699553e+08 -1.126415e+09 +1.328797e+11 +2.009583e+12 -4.762699e+14 +8.983270e+16 +1.830339e+19   
S15-009   +1.499969e+02   +2.134285e-07 +8.544463e-05 -2.206058e+00 -3.089540e-02 -5.589076e+00 -3.409454e+01 -1.455983e+04 -1.381663e+05 +1.296732e+09 +1.203294e+09 +8.496416e+09 +6.158419e+12 +7.339158e+14 +6.051298e+16 -3.121644e+20   +2.518050e-08 +9.690807e-05 -6.471783e-04 -1.152474e-02 +2.122255e+00 +3.495898e+01 -6.464586e+03 -2.527210e+05 -1.872671e+08 +2.728358e+08 +8.637605e+10 -6.408972e+12 +1.374922e+14 +5.542765e+16 +2.698489e+19   
S15-010   +1.499968e+02   +5.139569e-07 +1.092173e-04 -2.206298e+00 +1.316727e-02 +2.128323e+00 +6.870480e+01 -7.496587e+02 -8.496655e+04 +1.363241e+09 -6.559309e+08 -6.832372e+10 +2.853653e+12 +5.925204e+13 +1.105996e+17 -3.283977e+20   -1.069333e-07 +7.731785e-05 -1.416614e-04 +1.746604e-02 +5.508176e+00 -4.014254e+00 -9.429648e+03 -1.180127e+03 -1.255816e+08 -1.598471e+09 -1.148815e+11 +1.099249e+11 +1.335790e+14 +5.795629e+16 +7.313436e+18   
S15-014   +1.499966e+02   +1.750412e-07 +7.641587e-05 -2.199427e+00 -3.098243e-02 -1.356778e+01 -1.110164e+02 -3.630580e+04 -5.846306e+05 +1.362717e+09 -2.182017e+08 +2.689996e+10 +1.704999e+13 +4.098003e+15 +2.218781e+17 -3.172527e+20   -5.184551e-08 +1.313664e-04 -6.915450e-05 -3.996099e-02 +5.259882e-02 -6.604327e+01 -1.782948e+03 -7.135522e+05 -1.913049e+08 +1.377105e+09 +8.660443e+10 +4.650447e+13 +3.322353e+14 +1.555940e+16 +9.627258e+18   
S15-016   +1.500020e+02   -1.432832e-07 +7.136158e-05 -2.201429e+00 -6.889688e-02 -7.447181e+00 -6.002325e+01 -1.343145e+04 -1.889993e+05 +1.467118e+09 +6.815256e+08 +4.688833e+10 +1.501028e+12 +5.061982e+14 +7.537173e+16 -3.261415e+20   +2.139337e-08 +1.141582e-04 -9.027653e-04 -3.518748e-02 -3.704727e-01 +2.917743e+01 +3.965830e+03 -1.364358e+04 -3.715445e+07 -1.016981e+09 +5.399308e+09 +2.492989e+11 -6.829382e+14 +1.020636e+17 -7.494167e+17   
S15-017   +1.499962e+02   +1.707617e-07 +9.366057e-05 -2.202029e+00 -6.749124e-02 -2.335470e+00 -1.287305e+02 -5.124469e+03 -9.368471e+04 +1.474219e+09 -1.081184e+08 +1.345625e+10 +3.824918e+12 -4.602045e+13 +1.150973e+17 -3.221230e+20   +2.963171e-08 +1.285334e-04 -1.547497e-03 -3.554546e-02 +1.421476e+00 +3.636217e+01 -1.780746e+03 -7.341799e+04 -7.868386e+07 -1.741773e+09 +4.294897e+10 +1.054802e+12 +1.075733e+13 +6.933756e+16 -1.764463e+19   
S15-018   +1.499966e+02   +2.608045e-07 +1.125184e-04 -2.203256e+00 +1.022427e-02 +3.631659e-01 +7.904773e+01 -2.456985e+03 -9.829223e+04 +1.328755e+09 +3.456072e+08 +2.561521e+10 +9.273864e+11 +4.952684e+14 +1.137866e+17 -2.987127e+20   -2.627544e-07 +1.441415e-04 +7.330173e-04 -8.149191e-02 +1.662878e+00 -4.323672e+00 -2.900382e+02 +1.109629e+05 -2.814380e+08 -8.941963e+08 +1.340332e+10 +5.550338e+12 -6.732433e+14 +2.841096e+16 +4.003777e+19   
S15-021   +1.499977e+02   +5.859437e-08 +9.855084e-05 -2.203337e+00 -6.448185e-02 -5.078533e+00 +3.268168e+02 -1.132750e+04 -2.298780e+05 +1.487793e+09 +6.077505e+08 +3.558676e+10 -4.159527e+12 +7.997836e+14 +1.123703e+17 -3.297191e+20   -1.287921e-07 +1.010884e-04 -4.975480e-04 -1.860241e-02 +2.250854e+00 +1.558244e+00 -1.167085e+03 -2.314451e+05 -3.948876e+07 -6.679669e+08 +1.233295e+10 +6.074431e+10 -3.665270e+14 +1.006116e+17 +1.369898e+16   
S15-026   +1.499979e+02   +8.603227e-08 +1.342809e-04 -2.208164e+00 -3.442201e-02 -2.989863e+00 -7.967765e+01 -6.569646e+03 -3.420534e+05 +1.365972e+09 +2.976327e+08 +3.423357e+10 +8.141574e+12 +8.622587e+13 +1.396181e+17 -3.112034e+20   -1.481003e-07 +1.427808e-04 -1.144000e-03 -5.683390e-02 +1.031738e+00 +1.011349e+01 +5.609323e+02 -2.716554e+05 -2.592590e+08 +1.018993e+09 -6.455640e+10 -1.807761e+12 -3.042631e+14 +1.185444e+17 +3.854622e+19   
S15-027   +1.499963e+02   -1.064310e-07 +1.216647e-04 -2.206731e+00 -4.781560e-02 -3.222612e+00 -7.861334e+01 -5.855556e+03 -2.230560e+05 +1.512241e+09 +5.378779e+08 +1.147662e+11 +7.964530e+12 +8.253664e+14 +7.702877e+16 -3.419689e+20   +1.093106e-07 +1.542625e-04 -1.402631e-03 -1.273891e-01 +2.070882e+00 +1.710220e+01 -1.819225e+03 +2.621563e+05 -1.710852e+08 +1.722332e+08 +8.229630e+10 -1.602314e+12 +1.155911e+13 +6.994653e+16 -1.763538e+19   
S15-029   +1.499967e+02   +1.983118e-07 +2.061439e-05 -2.210815e+00 -7.244566e-02 -2.263372e+00 +9.545503e+01 -5.259416e+03 -3.409792e+05 +1.485191e+09 +7.121210e+08 -4.176016e+10 -1.920379e+12 -3.226016e+14 +2.882678e+16 -3.345600e+20   -3.014004e-07 +8.892902e-05 -5.382740e-05 -1.846881e-02 +1.291026e+00 +1.751511e+00 +3.063585e+03 -2.376087e+05 -2.020518e+08 -3.633022e+08 +4.270099e+10 +8.296709e+12 -2.170014e+14 +7.022815e+16 +6.305193e+18   
S15-030   +1.499964e+02   +9.028437e-08 +7.915577e-05 -2.206914e+00 -8.550225e-02 -6.779009e+00 -6.870605e+01 -1.532698e+04 -1.802846e+05 +1.371952e+09 +2.013798e+09 -4.727029e+10 -3.690313e+12 +1.053783e+15 +6.658668e+16 -3.086434e+20   +1.355494e-07 +1.280205e-04 +1.255140e-03 -5.267056e-02 -5.595484e+00 +2.382419e+01 +1.106891e+04 -7.014188e+04 -2.624175e+08 +1.367187e+09 +1.279122e+11 +1.569944e+12 +1.175298e+14 +7.180392e+16 +3.911311e+19   
S15-031   +1.499968e+02   -3.191491e-08 +5.092060e-05 -2.210635e+00 -1.323043e-02 -2.498673e+00 -8.453767e+01 -7.518054e+03 -2.424333e+05 +1.455040e+09 -4.691617e+08 +9.723201e+10 -8.194175e+10 +8.548309e+14 +5.445878e+16 -3.394309e+20   +6.487996e-08 +7.576902e-05 -3.785969e-04 -4.881369e-03 -1.269000e+00 +1.241682e+01 +2.981340e+03 -2.955721e+04 -1.435341e+08 +4.044262e+08 +3.165174e+10 -9.151175e+11 -5.645233e+14 +7.216027e+16 +9.756801e+18   
S15-032   +1.499966e+02   -5.358407e-08 +1.121077e-05 -2.211467e+00 -1.662408e-02 -2.678082e+00 +9.289004e+01 -5.091691e+03 +7.020412e+04 +1.465953e+09 -1.823251e+08 +1.410102e+10 -1.354547e+12 +6.795347e+14 +1.257780e+16 -3.396440e+20   -1.887613e-07 +9.447107e-05 -1.226093e-03 +5.658956e-03 +3.001230e+00 +1.537070e+01 -2.987046e+03 -4.086361e+05 -1.285050e+08 +5.864018e+08 +4.453940e+10 -2.425152e+12 -1.966901e+14 +1.377589e+17 +4.043385e+18   
S15-033   +1.499964e+02   +3.926080e-07 +4.391790e-05 -2.209480e+00 -5.750072e-02 -1.889230e+00 +5.509560e+01 -1.031108e+04 -1.685759e+05 +1.466965e+09 -7.927470e+08 -3.350924e+10 +6.648832e+12 +4.791221e+14 +5.570861e+16 -3.351186e+20   -1.430792e-07 +7.308515e-05 -1.218858e-03 -1.170735e-02 +2.116436e+00 -3.693195e-01 +4.834245e+02 -3.657888e+04 -2.267806e+08 +3.726763e+08 -7.880496e+10 +5.299613e+12 -8.525265e+14 +5.133193e+16 +1.764774e+19   
S15-034   +1.499966e+02   +9.031205e-08 +8.865028e-05 -2.198784e+00 -2.649922e-02 -4.455290e+00 -3.989615e+01 -9.318678e+03 -1.484498e+05 +1.376230e+09 -5.024660e+08 -4.858927e+10 +1.071380e+13 +5.673063e+14 +9.090966e+16 -3.125081e+20   +4.795529e-08 +1.198690e-04 +1.057703e-03 -3.349909e-03 +1.029403e-01 +2.996619e+01 -2.213996e+03 -3.868122e+05 -2.118195e+08 +1.381609e+09 +1.474260e+11 -4.107615e+12 -1.086119e+14 +9.330045e+16 +2.794206e+19   
S15-035   +1.499991e+02   +6.401890e-08 +6.526150e-05 -2.199649e+00 -7.449771e-03 -3.729278e+00 +2.013093e+02 -1.005066e+04 -9.269529e+03 +1.502491e+09 -3.556049e+08 -4.048206e+10 +1.592809e+12 +2.127626e+14 +5.911433e+16 -3.260844e+20   -1.363701e-08 +1.057397e-04 -1.751078e-03 +1.646405e-02 +3.836894e+00 +3.529595e+01 -6.859341e+03 -3.913089e+05 -4.641736e+07 +3.940144e+08 -3.514074e+10 +1.365840e+12 +6.051396e+13 +8.072362e+16 -3.367143e+18   
S15-036   +1.499989e+02   +2.271551e-07 +6.040252e-05 -2.199259e+00 -2.360187e-02 -5.735159e-01 +1.502095e+02 -6.593976e+03 -6.226966e+04 +1.494784e+09 +2.369653e+08 -3.712789e+10 -2.183006e+12 +1.827943e+14 +2.926144e+16 -3.238498e+20   -1.996293e-07 +1.061734e-04 -2.392603e-03 +2.884394e-02 +2.013975e+00 +5.002382e+01 +7.149092e+02 -3.073049e+05 -4.649105e+07 -2.807443e+08 +7.597102e+10 -3.722027e+12 -4.613215e+14 +1.058997e+17 -6.976584e+18   
S15-037   +1.499977e+02   +4.444170e-07 +1.060202e-04 -2.202204e+00 -1.918857e-02 -3.974549e-01 +1.809562e+02 -7.495895e+03 -2.656039e+05 +1.470591e+09 -1.269269e+08 -7.550336e+10 +6.191519e+11 +6.556445e+14 +1.125253e+17 -3.236269e+20   -1.161062e-08 +1.387545e-04 -1.942947e-03 -1.573930e-01 +8.242820e-02 +2.021750e+01 +4.424425e+03 +4.092931e+04 -3.617379e+07 +1.258336e+09 +3.744886e+10 +2.176846e+12 -5.731407e+14 +1.048005e+17 -9.496552e+17   
S15-038   +1.499957e+02   +4.394127e-07 +4.532679e-05 -2.207711e+00 -1.372675e-01 -6.145876e+00 +1.150648e+02 -1.687089e+04 -3.237441e+05 +1.494491e+09 +1.309092e+08 +1.550515e+10 -2.295878e+12 +9.326127e+13 +7.681860e+16 -3.277692e+20   -3.899614e-08 +1.029210e-04 +5.328338e-04 +3.773656e-02 -1.480739e+00 +3.138740e+01 +4.020797e+03 -3.074341e+05 -6.786855e+07 -6.661274e+08 +7.913807e+10 +1.017481e+11 -5.769239e+14 +1.504796e+17 +1.448478e+18   
S15-040   +1.499971e+02   +1.571990e-07 +1.430979e-04 -2.211843e+00 +4.042476e-02 -9.629646e+00 +6.551084e+01 -1.772959e+04 -1.887151e+05 +1.469836e+09 -5.703716e+08 +1.065536e+11 +1.730190e+12 +1.090848e+15 +1.304460e+17 -3.303961e+20   -1.881809e-07 +6.561074e-05 -1.199531e-03 +9.324307e-02 +4.748985e+00 +1.040335e+01 -6.055596e+03 -4.716970e+05 -5.271829e+07 -2.960606e+08 -5.479719e+09 -3.047249e+12 -3.343150e+14 +1.088985e+17 -8.594399e+17   
S15-041   +1.499962e+02   -3.194920e-07 +6.426483e-05 -2.210481e+00 -3.900167e-02 -7.757483e+00 +2.350350e+02 -1.170576e+04 -2.894343e+05 +1.457164e+09 +5.000517e+08 +1.073651e+11 -8.399286e+12 +7.001731e+13 +1.301946e+17 -3.256892e+20   +6.288657e-08 +1.158741e-04 -3.529339e-04 +8.901832e-03 -3.623057e+00 +4.180837e+01 +9.965826e+03 -5.133276e+05 -1.071972e+08 +8.594191e+07 -1.095584e+10 -1.026037e+13 -1.553247e+14 +1.371889e+17 +1.939352e+18   
S15-043   +1.499969e+02   +3.811313e-07 +1.121874e-04 -2.209354e+00 +2.660822e-04 -2.326241e+00 +1.005128e+02 -1.090479e+04 -1.156491e+05 +1.469870e+09 +6.392219e+08 -1.723599e+10 -1.708579e+12 +6.028275e+14 +5.721272e+16 -3.299388e+20   -4.284354e-08 +1.090291e-04 -6.193474e-04 -2.106152e-02 -1.694934e+00 +5.657366e+01 +6.820914e+03 -6.286753e+04 -4.502638e+07 +7.402740e+08 +6.349652e+10 -4.118320e+12 -7.258923e+14 +1.346010e+17 -4.231180e+18   
S15-044   +1.499970e+02   +2.495292e-07 +7.319973e-05 -2.213459e+00 +2.510731e-03 -8.946099e-01 +5.478092e+02 -6.856884e+03 -1.183826e+05 +1.485336e+09 -1.896574e+08 -5.286698e+10 -8.391961e+12 +4.552679e+14 +5.407707e+16 -3.291070e+20   -1.050298e-07 +1.021078e-04 -8.260039e-04 -1.136228e-02 +1.561303e+00 +6.933012e+01 -8.621072e+02 -1.051627e+05 -5.191115e+07 -3.370655e+07 +1.260890e+09 +2.257568e+12 +2.580218e+12 +9.337900e+16 -8.104869e+17   
S15-045   +1.499953e+02   +1.102169e-07 +7.957576e-05 -2.208957e+00 -3.227260e-02 -8.309167e+00 -4.379899e+00 -1.981425e+04 -9.319645e+04 +1.471106e+09 -1.287682e+09 +1.470966e+11 -1.254320e+12 +1.134439e+15 +6.944791e+16 -3.236689e+20   +1.746145e-08 +1.660313e-04 -7.009586e-04 -1.992210e-01 -2.166786e+00 -8.434684e+00 +6.187659e+03 +5.750940e+04 -1.009249e+08 +3.106942e+09 +3.777866e+10 +1.998583e+12 -9.414535e+14 +7.811105e+16 +7.733382e+18   
S15-046   +1.499966e+02   +3.447549e-08 +1.129975e-04 -2.202008e+00 -2.045361e-02 -2.500311e+00 +1.897621e+02 -7.481063e+03 -4.630646e+05 +1.467275e+09 -7.763289e+08 -1.705934e+11 -4.931572e+12 +2.125148e+14 +9.665332e+16 -3.265095e+20   -4.983652e-09 +1.222993e-04 -3.440783e-04 +1.147119e-02 -3.669261e+00 -1.192655e+01 +8.632089e+03 -7.353613e+05 -2.648919e+08 -1.824376e+09 +8.172712e+10 +6.969491e+12 -9.265070e+13 +1.549743e+17 +9.620438e+18   
S15-047   +1.499967e+02   -3.220353e-08 +1.031763e-04 -2.203812e+00 -4.650792e-02 -5.353330e+00 +3.252256e+01 -1.249364e+04 -3.386375e+05 +1.444046e+09 +1.270633e+08 +2.392225e+10 +8.039464e+12 +1.065257e+15 +1.359544e+17 -3.217107e+20   -1.044788e-08 +1.216827e-04 -9.181722e-04 -9.232576e-03 +1.687502e+00 +1.557800e+01 -3.284242e+03 -4.708866e+05 -2.344956e+08 -4.558415e+08 -2.413688e+09 +1.803242e+12 +7.071276e+14 +1.813329e+17 +1.164968e+19   
S15-048   +1.499957e+02   +2.465067e-07 +1.310983e-04 -2.203043e+00 -2.429945e-02 -1.574686e+00 -1.184230e+02 -6.335176e+03 -3.113157e+05 +1.450790e+09 +4.501222e+07 -5.006001e+10 +5.267853e+12 +6.763961e+14 +1.209390e+17 -3.259059e+20   +1.784066e-07 +1.319465e-04 -2.516947e-04 -4.207961e-02 -3.864943e-02 +1.542131e+01 -2.838785e+03 -1.544143e+05 -8.054051e+07 +1.442828e+09 +1.132655e+11 -1.737282e+12 -2.019358e+14 +1.196622e+17 +4.115749e+18   
S15-050   +1.499983e+02   -6.144552e-09 +1.042000e-04 -2.206827e+00 -2.227350e-02 -5.229989e+00 +1.899040e+02 -9.643603e+03 -2.409364e+05 +1.458641e+09 -2.059052e+08 +1.823227e+10 +2.149928e+11 +3.966762e+14 +1.149053e+17 -3.264344e+20   -1.401467e-08 +1.119707e-04 -2.051976e-03 +4.749200e-03 +1.729001e-01 +1.207866e+01 +1.677645e+03 -2.177127e+05 -4.980480e+07 -2.645170e+08 +3.862087e+10 +3.768519e+12 -4.415161e+14 +1.212737e+17 -6.071311e+18   
S15-051   +1.499964e+02   +4.796188e-08 +9.546542e-05 -2.200637e+00 -3.694983e-02 -6.040817e+00 +6.640181e+01 -1.408424e+04 -1.001270e+05 +1.478123e+09 -7.046929e+08 +5.345132e+09 +2.412963e+12 +9.179320e+14 +2.176978e+16 -3.321514e+20   -6.637783e-09 +1.233113e-04 -7.028842e-04 -3.165941e-02 +1.653166e-01 +2.347373e+01 +2.469932e+03 -5.038220e+05 -2.403800e+08 -4.213386e+08 -9.746334e+10 -2.119496e+11 -6.130352e+14 +1.728419e+17 +8.240084e+18   
S15-052   +1.499969e+02   +1.318577e-07 +1.131033e-04 -2.200875e+00 -7.936984e-02 -7.943724e+00 +1.737893e+02 -1.710069e+04 -6.133687e+05 +1.356412e+09 +7.313944e+08 +2.345816e+10 -8.423474e+12 +5.410186e+14 +2.250985e+17 -3.029497e+20   +1.638455e-07 +1.343174e-04 -3.088240e-04 -6.755786e-02 +6.319587e-01 +5.952501e+00 -4.746769e+03 -1.827136e+05 -2.971301e+08 +6.473837e+08 +2.167946e+11 -1.001707e+12 +1.142566e+15 +9.456842e+16 +4.197777e+19   
S15-053   +1.499970e+02   -2.922693e-08 +9.582225e-05 -2.201967e+00 -2.301087e-02 -1.062240e+01 +2.175494e+02 -2.100053e+04 -1.862129e+05 +1.460255e+09 +3.246330e+08 +1.377379e+11 +1.193107e+12 +6.308496e+14 +8.743695e+16 -3.254607e+20   +4.628401e-10 +1.213312e-04 -4.443828e-04 -6.225223e-02 -2.539586e+00 +1.260237e+00 +8.145950e+03 -4.407326e+04 -8.206391e+07 +2.040311e+08 +7.172790e+10 -5.076606e+11 -8.010727e+14 +1.266999e+17 +1.383871e+18   
S15-054   +1.499987e+02   +3.394036e-07 +6.621639e-05 -2.201774e+00 -1.174596e-02 -4.515449e+00 -9.072165e+01 -1.247749e+04 -9.908919e+04 +1.468555e+09 +5.654788e+07 -2.838925e+10 +7.199369e+12 +4.997379e+14 +5.085341e+16 -3.278556e+20   +1.440042e-07 +9.526296e-05 -2.250098e-04 -1.478091e-02 -1.691160e+00 +2.417600e+01 +2.982491e+03 -2.097754e+05 -6.028298e+07 -6.837573e+07 +9.595696e+10 +9.989033e+11 -5.422902e+14 +1.008081e+17 -3.331064e+18   
S15-055   +1.499956e+02   +6.122770e-08 +1.005823e-04 -2.207870e+00 +7.851144e-02 -1.833547e+00 -1.075223e+02 -3.769767e+03 +4.512288e+04 +1.461329e+09 -1.489068e+09 +2.347609e+10 +3.235327e+12 +5.044582e+14 +7.560755e+16 -3.311440e+20   +2.681312e-07 +1.016578e-04 -1.440936e-03 +3.394037e-02 -3.607175e+00 +2.780049e+01 +4.715614e+03 -2.418962e+05 -5.485676e+07 -8.111205e+08 +1.001670e+11 +1.384494e+10 -4.081776e+14 +1.224854e+17 -2.345105e+18   
S15-056   +1.499971e+02   +5.697851e-07 +1.131795e-04 -2.204156e+00 -1.353515e-02 +2.551549e+00 +6.846032e+01 -5.488247e+03 -2.501600e+05 +1.507162e+09 -2.158650e+09 -4.366190e+10 +6.866459e+12 +5.700585e+14 +1.507442e+17 -3.565535e+20   -5.265651e-08 +1.288422e-04 +4.122488e-04 -1.287228e-01 -1.132060e+00 +4.128578e+01 +6.093926e+03 +5.966289e+04 -3.349059e+08 +4.350639e+08 -5.303601e+10 -6.675596e+11 -2.857009e+14 +3.496687e+16 +1.606926e+19   
S15-057   +1.499967e+02   +1.379246e-07 +6.238340e-05 -2.203226e+00 -8.926143e-02 -6.464061e+00 +1.652631e+02 -1.554646e+04 -4.016490e+05 +1.455167e+09 -1.721628e+09 -6.596640e+10 -1.555313e+12 -1.712787e+14 +1.064460e+17 -3.102313e+20   +4.812436e-08 +1.031165e-04 +3.984186e-04 -1.913173e-02 -1.240629e+00 -2.124593e+01 +2.909378e+03 -3.135972e+05 -4.676162e+08 +1.549713e+08 +8.436646e+10 +7.955548e+12 +2.241075e+14 +1.108328e+17 +6.147415e+18   
S15-058   +1.499968e+02   +2.384539e-07 +7.635376e-05 -2.202119e+00 -3.835764e-02 -2.235040e+00 +3.334637e+02 -1.044155e+04 +1.628227e+05 +1.484654e+09 -2.297415e+09 -2.270442e+11 +7.511227e+11 +1.465251e+15 +2.269302e+16 -3.448706e+20   -1.090968e-07 +1.036695e-04 -1.262306e-03 -4.291749e-02 +5.088878e+00 +1.179248e+01 -6.684743e+03 -3.219079e+05 -3.271427e+08 +1.952347e+09 +3.797972e+10 -4.937525e+12 -1.429524e+15 +1.128180e+17 +1.714259e+19   
S15-059   +1.499959e+02   +1.845064e-07 +1.066744e-04 -2.200256e+00 +5.007584e-03 -8.052113e+00 +1.718288e+02 -2.089210e+04 -7.057213e+04 +1.464100e+09 +5.374170e+08 -5.895812e+10 +6.463133e+11 +2.379477e+15 -8.256252e+14 -3.422290e+20   +3.185271e-07 +8.779813e-05 +3.608709e-04 -3.886597e-03 -2.555293e+00 +6.180374e+01 +2.051364e+03 -1.254934e+05 -3.875005e+08 +2.934324e+09 +3.241991e+10 -1.332325e+13 -6.678376e+14 -2.269969e+16 +2.333352e+19   
S15-060   +1.499983e+02   +1.802755e-07 +8.268447e-05 -2.197440e+00 +3.095678e-03 -8.334168e+00 -8.801360e+01 -2.037770e+04 +4.542042e+04 +1.477067e+09 -1.027599e+09 +9.229598e+09 +4.666608e+12 +7.058433e+14 +2.160757e+16 -3.268995e+20   -4.022236e-09 +1.160225e-04 +4.584981e-04 -7.268122e-02 -2.323194e+00 +4.672344e+00 +7.092627e+03 -1.036812e+05 -6.926619e+07 +1.184847e+09 +1.087904e+11 +3.930581e+12 -7.541652e+14 +1.080298e+17 +6.340681e+17   
S15-061   +1.499981e+02   -8.580709e-08 +9.136196e-05 -2.199090e+00 +4.446510e-03 -1.005255e+01 +7.772345e+01 -1.891139e+04 -8.074842e+04 +1.451922e+09 -5.214815e+08 +6.330284e+10 +1.998647e+12 +3.602252e+14 +5.064447e+16 -3.212688e+20   +1.130108e-07 +8.911040e-05 -4.069203e-04 +4.975856e-03 -4.814216e+00 -4.396434e+00 +1.031976e+04 -2.575054e+05 -7.295866e+07 -9.494227e+07 +3.540232e+10 +6.356160e+10 -4.732450e+14 +1.162774e+17 -2.659903e+17   
S15-062   +1.499975e+02   -1.913947e-07 +8.751786e-05 -2.203477e+00 -9.482471e-03 -1.014290e+01 -2.370334e+01 -1.662218e+04 -1.807436e+05 +1.461594e+09 -7.733476e+08 +1.469147e+11 -5.460172e+10 +5.456300e+14 +7.176653e+16 -3.239221e+20   -4.930282e-07 +1.066918e-04 -6.647385e-05 -7.285821e-03 +1.753728e+00 +2.644105e+01 +7.896498e+03 -3.663178e+05 -9.792957e+07 -3.565885e+08 -4.528354e+10 -3.628363e+10 -7.017724e+14 +9.775456e+16 +3.572987e+18   
S15-070   +1.499967e+02   +2.529109e-07 +1.291140e-04 -2.201848e+00 -4.181563e-02 -1.369984e+00 +7.697263e+01 -1.012566e+04 -2.397255e+05 +1.255109e+09 +4.885004e+09 -6.723415e+10 +3.298265e+12 +7.220979e+14 +1.662864e+17 -2.878997e+20   -1.289736e-07 +1.623991e-04 +7.044622e-04 -6.540409e-02 +3.700595e+00 +1.128339e+00 -7.758844e+02 +4.440612e+05 -2.612699e+08 -3.914840e+08 -2.233134e+11 -1.945473e+12 -3.040186e+14 +6.033353e+16 +4.112090e+19   
S15-072   +1.499973e+02   +2.121030e-08 +1.026838e-04 -2.203982e+00 -3.670705e-02 -4.525464e+00 +3.457776e+01 -1.225610e+04 -3.424422e+05 +1.426767e+09 -1.077545e+09 -2.965792e+10 +1.148265e+12 +5.339753e+14 +1.204470e+17 -3.286402e+20   -1.294687e-07 +9.942986e-05 -1.894611e-04 +4.899572e-02 +1.989087e+00 +9.972566e+00 -2.689972e+02 -3.136788e+05 -2.346008e+07 -1.445059e+09 +3.387167e+10 +1.580474e+12 +3.609096e+10 +1.368328e+17 -2.043132e+18   
S15-076   +1.499979e+02   +4.055611e-07 +1.088332e-04 -2.201049e+00 -1.003870e-02 +2.244551e+00 +4.630155e+01 +1.641612e+03 -1.512214e+05 +1.430565e+09 +8.632201e+07 -6.919510e+10 +1.704853e+12 +2.141482e+14 +1.067982e+17 -3.300794e+20   +5.347819e-08 +1.147312e-04 -6.462238e-04 -2.872017e-02 -1.465437e-01 -5.212300e+01 +2.900339e+03 -2.762414e+05 -1.986670e+07 +4.439144e+08 +1.548426e+10 +2.128662e+12 -7.069579e+14 +1.264589e+17 -4.371553e+18   
S15-078   +1.499984e+02   +3.072839e-07 +1.096299e-04 -2.203747e+00 +3.399926e-02 -3.720567e-01 +3.192543e+00 -3.562801e+03 +1.323350e+05 +1.426942e+09 +4.963186e+08 -7.070675e+10 +1.901040e+12 +6.188942e+14 +9.299446e+16 -3.295223e+20   +7.087802e-08 +1.026475e-04 +5.923997e-04 +3.162293e-02 +3.644535e-01 +6.413186e+01 +6.611346e+02 -2.796758e+05 -3.785702e+07 -9.938993e+08 +5.684992e+10 -2.641610e+12 -2.994241e+14 +1.219436e+17 +3.256031e+18   
S15-079   +1.499970e+02   +5.589070e-08 +1.220146e-04 -2.204169e+00 -7.228231e-02 -4.824306e+00 -1.508860e+01 -1.143605e+04 -4.917822e+05 +1.442800e+09 +5.333131e+08 -1.428373e+10 +6.821243e+11 +5.744320e+14 +1.442671e+17 -3.267897e+20   +1.620533e-07 +1.207661e-04 -8.745588e-04 +1.648767e-02 +1.817952e+00 +3.162308e+01 -1.714500e+03 -3.107334e+05 -3.091923e+07 -3.435277e+08 +3.451834e+10 -4.460074e+12 -3.763115e+14 +1.095084e+17 -2.075796e+18   
S15-087   +1.499978e+02   +6.930235e-08 +1.320288e-04 -2.204812e+00 -4.862778e-03 -4.828182e+00 +2.862068e+01 -1.403266e+04 -2.212244e+05 +1.257051e+09 -1.284945e+09 -6.026619e+10 +1.716978e+12 +1.193481e+15 +1.258602e+17 -2.985956e+20   +1.684018e-07 +9.374857e-05 +2.450889e-04 +6.737685e-02 -2.924210e+00 +3.037168e+01 +4.216291e+03 -8.667120e+05 -2.857553e+08 -2.685567e+06 +1.650701e+10 +2.781485e+12 +8.331302e+13 +1.360780e+17 +3.598824e+19   
S15-091   +1.499986e+02   -4.874907e-07 -1.665003e-04 -2.205147e+00 +1.108618e-01 -3.207617e+00 -3.589170e+02 -4.008210e+03 +1.427840e+06 +1.400662e+09 -5.555529e+08 +6.841657e+10 +9.099805e+12 -3.988495e+14 -2.253723e+17 -3.223157e+20   +3.688001e-07 +4.338550e-05 -4.182248e-03 +1.410436e-01 -5.395239e+00 +1.154939e+02 +1.981516e+03 -7.253301e+05 -3.718449e+07 -6.855704e+08 +1.670343e+11 -2.336725e+12 -5.455544e+14 +8.696648e+16 -4.061282e+18   
S15-092   +1.499980e+02   +2.417742e-07 +1.350822e-05 -2.207928e+00 +2.477918e-02 -5.588734e+00 +1.162152e+02 -1.407976e+04 +9.822491e+04 +1.389696e+09 -1.160312e+09 -2.778547e+09 +7.068461e+10 +6.627374e+14 -1.408615e+16 -3.195956e+20   -8.849085e-09 +7.647175e-05 -1.681913e-03 -5.729670e-02 -2.265430e+00 +4.103506e+01 +5.768272e+03 +3.538663e+03 -4.210600e+07 +1.219679e+08 +1.014908e+11 -3.447553e+11 -4.546930e+14 +5.456792e+16 -1.816408e+18   
S15-093   +1.499982e+02   +1.816415e-07 +4.694066e-05 -2.209084e+00 -4.024944e-02 -5.083100e+00 +2.837643e+01 -1.324930e+04 -3.690900e+04 +1.401705e+09 -1.770519e+08 -4.584110e+10 -2.215133e+12 +1.477085e+15 +4.577838e+16 -3.288817e+20   -6.774268e-08 +5.809808e-05 -1.654071e-03 -3.316374e-02 +1.363102e+00 +2.699693e+01 -9.846925e+02 -7.802040e+03 -8.838659e+07 +7.467483e+08 +7.277581e+10 +4.297584e+12 -6.623801e+14 +5.182013e+16 +1.094098e+18   
S15-099   +1.499974e+02   +2.463361e-07 +7.545257e-05 -2.203908e+00 -2.140200e-02 -1.279843e+00 +2.635522e+02 -4.322599e+02 -1.024124e+05 +1.293586e+09 -2.236234e+09 -1.886530e+11 -4.488168e+12 -8.691171e+14 +7.451242e+15 -3.237396e+20   +1.829528e-07 +8.293804e-05 -1.904803e-05 +2.600353e-02 -1.304981e+00 -8.376719e+00 -1.775084e+03 -1.991083e+05 -6.100566e+08 -2.909589e+09 +5.960648e+10 +9.188953e+12 +5.200665e+14 -6.210837e+16 +9.704295e+18   
S15-100   +1.499981e+02   -1.289501e-08 +5.437296e-05 -2.203190e+00 -4.776084e-02 -4.626788e+00 -1.064880e+02 -6.999389e+03 -1.443630e+05 +1.352262e+09 -9.693409e+08 +2.159205e+11 +4.239200e+12 +3.061477e+14 -2.388718e+16 -3.212477e+20   +7.670350e-08 +8.327705e-05 +1.507084e-04 +1.219811e-02 +1.634544e-02 +4.600219e+01 +1.759582e+03 -5.962472e+05 -5.859230e+08 -6.288100e+08 +1.893170e+11 -7.465948e+12 -2.200641e+14 +1.463799e+17 +1.161785e+19   
S15-101   +1.499977e+02   -1.157296e-07 +3.032098e-05 -2.202892e+00 -5.390865e-02 -4.220529e+00 +2.062973e+02 +1.896457e+03 +7.551782e+03 +1.397615e+09 -1.165710e+09 -6.827418e+10 -8.462856e+12 +3.329973e+14 +2.310853e+16 -3.583620e+20   -1.038520e-07 +9.688322e-05 +4.693078e-04 -3.202968e-02 +1.975595e+00 -3.090475e+01 -7.045575e+03 -3.157932e+04 -5.009283e+08 -1.169220e+09 -1.834249e+10 -2.387227e+12 -1.996881e+14 -8.957144e+16 -9.932146e+18   
S15-102   +1.499980e+02   +1.436063e-08 +4.625886e-05 -2.203760e+00 -2.883224e-02 -1.279832e+00 +3.520578e+01 +5.209723e+03 +4.818902e+05 +1.339487e+09 -4.443951e+09 +2.166516e+11 -6.611291e+12 -7.936706e+14 +3.078572e+16 -3.686773e+20   +1.202221e-07 +9.662829e-05 -3.021232e-05 -3.174724e-02 -2.223572e+00 -2.140736e+01 +1.006997e+03 -2.247943e+05 -5.954869e+08 +2.350341e+09 +2.364431e+11 +9.266417e+12 -7.152215e+14 +1.080910e+17 +5.056409e+18   
S15-103   +1.499972e+02   +2.456325e-08 +3.517491e-05 -2.204257e+00 -3.094352e-02 -2.703778e+00 -1.605200e+02 -3.880217e+03 +2.826169e+05 +1.486126e+09 -1.894533e+09 +4.863595e+10 +1.084896e+13 -4.529050e+14 -5.864691e+16 -3.220043e+20   +5.724744e-08 +1.144337e-04 +3.318553e-04 -7.735351e-02 -3.132240e+00 -1.196850e+01 +1.008115e+04 -3.531273e+04 -2.634258e+08 +1.001169e+09 +9.836130e+10 +5.739208e+09 -1.810802e+15 +1.123258e+17 +1.552492e+19   
S15-104   +1.499974e+02   +4.006303e-07 +4.692763e-05 -2.201017e+00 -4.915370e-02 -2.701139e+00 +6.178460e+01 -1.278215e+04 -3.880907e+05 +1.376432e+09 +2.307077e+09 +6.429375e+10 -3.878927e+12 +9.014190e+14 +8.835180e+16 -3.109827e+20   +5.710854e-08 +1.075747e-04 +4.739724e-04 -3.830518e-02 +4.565654e-01 +3.256387e+00 -1.171229e+03 -2.008173e+05 -2.141927e+08 -2.499472e+08 +1.192280e+11 +3.716918e+11 -3.308374e+14 +6.876433e+16 +3.207222e+19   
S15-105   +1.499965e+02   +3.289192e-07 +4.349110e-05 -2.204428e+00 -5.876082e-02 -4.418424e+00 +2.127340e+02 -1.286894e+04 -1.322080e+05 +1.490773e+09 +4.688189e+08 +8.016880e+10 -5.893416e+12 +5.948466e+14 +2.354782e+16 -3.259156e+20   +1.701990e-07 +6.989776e-05 -4.624255e-04 +9.885864e-03 -1.004463e+00 +7.833463e+00 +1.472588e+03 -1.242042e+05 -1.936467e+08 -5.136057e+08 -1.286078e+11 -1.142044e+13 -4.152098e+14 +6.146977e+16 -9.172341e+18   
S15-106   +1.499966e+02   +6.962411e-08 +3.119962e-05 -2.206083e+00 -3.828221e-02 -3.297913e+00 +1.118130e+01 -6.689078e+03 -1.181651e+05 +1.516657e+09 -1.568878e+08 +4.559592e+10 -3.422026e+11 -7.533277e+13 +6.182091e+16 -3.288546e+20   +5.909971e-08 +7.239284e-05 -6.687052e-04 +2.244346e-02 -1.426588e-01 +1.496032e+01 +2.777678e+03 -5.133010e+04 -1.839953e+08 -1.621951e+08 -8.152338e+10 +8.172065e+12 -9.783402e+14 +4.822857e+16 -1.181199e+19   
S15-107   +1.499976e+02   +2.716182e-07 +3.388922e-05 -2.206627e+00 -4.721932e-02 -1.124191e+00 -2.306726e+00 -6.721601e+03 -9.769390e+04 +1.373699e+09 +1.165517e+09 -4.412341e+10 -3.122700e+12 +5.432362e+14 +4.673101e+16 -3.121306e+20   +7.403538e-08 +8.719726e-05 +2.140254e-04 +2.778804e-02 -9.103586e-01 +2.338823e+01 -3.492657e+02 -2.330299e+05 -2.233545e+08 +8.299806e+08 +1.204849e+11 -5.033811e+12 +2.478512e+14 +6.287056e+16 +2.816445e+19   
S15-109   +1.499967e+02   +3.804096e-07 +1.371075e-05 -2.205515e+00 -4.811575e-02 -1.675442e+00 +1.347032e+02 -9.268851e+03 -1.424889e+05 +1.465521e+09 +3.869075e+08 +2.295287e+10 -2.333979e+12 +4.796944e+14 +3.485488e+16 -3.307221e+20   +8.890422e-08 +6.567398e-05 -1.769729e-03 +3.227544e-02 -3.721931e-01 +1.184493e+01 +6.377885e+02 -1.318994e+04 -1.431901e+08 -5.774830e+07 +3.561751e+10 +2.063229e+12 -2.304088e+14 +5.984312e+16 +9.794162e+18   
S15-110   +1.499966e+02   +2.171172e-07 +1.032802e-05 -2.204831e+00 +4.330097e-03 -2.275418e+00 +8.131804e+01 -7.237837e+03 +1.301842e+05 +1.505605e+09 -8.778012e+08 -3.374354e+10 -4.107365e+11 +6.463823e+13 -1.069156e+16 -3.371964e+20   -8.606195e-08 +9.226922e-05 -2.670933e-04 +7.454709e-03 +2.622677e+00 +2.559553e+01 -3.678489e+03 -3.197116e+05 -1.013800e+08 -3.954418e+08 +1.382821e+10 -2.580892e+12 -6.352855e+14 +7.168869e+16 -7.710888e+18   
S15-111   +1.499969e+02   +2.033905e-07 +2.666812e-05 -2.202436e+00 -2.693465e-02 -4.640761e+00 -3.329328e+00 -1.166249e+04 -3.807860e+04 +1.523485e+09 -5.442198e+07 +4.284129e+10 +4.897539e+12 +1.907291e+14 +4.255586e+15 -3.299788e+20   -3.920097e-10 +9.155829e-05 -1.239006e-03 -3.365542e-03 -2.738090e-01 +6.520169e+01 +7.860462e+02 -1.398796e+05 -5.693542e+07 +2.790515e+08 +1.590560e+11 -3.989652e+12 -6.176445e+13 +1.056423e+17 -1.487101e+19   
S15-113   +1.499975e+02   +2.639139e-07 +7.103125e-05 -2.203260e+00 -2.807806e-02 -3.175328e+00 -1.392829e+01 -9.850031e+03 -2.052247e+05 +1.464784e+09 -1.443318e+08 +7.750663e+10 +1.833040e+11 +5.419763e+14 +3.787906e+16 -3.297034e+20   -6.492667e-08 +9.619867e-05 +2.844057e-04 -7.540279e-04 +3.851767e+00 +1.291566e+01 -5.259516e+03 -1.932872e+05 -1.926571e+08 -1.248543e+09 +3.018769e+10 -4.201294e+12 -5.590339e+14 +7.051024e+16 +1.639318e+19   
S15-116   +1.499980e+02   +7.829411e-11 +1.280931e-05 -2.204643e+00 -5.265952e-02 -3.624191e+00 +3.085497e+02 -1.087661e+04 -4.636688e+05 +1.359595e+09 +1.589873e+09 -1.111743e+11 -5.668690e+12 +9.910805e+14 +1.147765e+17 -3.071359e+20   +1.026702e-07 +1.264458e-04 +1.033378e-03 -3.587986e-02 -3.579828e+00 +2.468049e+01 +3.105183e+03 -1.204942e+05 -3.795925e+08 +4.882544e+08 +3.772124e+10 +3.334035e+11 +5.331114e+14 +1.042946e+16 +5.476182e+19   
S15-117   +1.499971e+02   +2.162245e-07 +3.984313e-05 -2.205242e+00 -2.231463e-02 -5.601958e-01 +2.752421e+02 +1.725773e+03 -4.680319e+04 +1.472266e+09 +3.819869e+07 +1.453592e+10 -5.774368e+12 +1.001461e+14 +7.062297e+16 -3.297380e+20   -2.946460e-07 +1.002599e-04 -4.131200e-04 -9.514184e-03 +1.381837e+00 -1.023478e+01 +2.904615e+03 -2.188836e+05 -2.393394e+07 -8.529965e+08 -5.467162e+10 -6.385149e+11 -5.670730e+14 +8.764129e+16 -1.418167e+18   
S15-118   +1.500025e+02   +8.273235e-08 +5.806226e-05 -2.207541e+00 -2.848556e-02 -5.406993e+00 +8.038933e+01 -1.141970e+04 +4.457272e+04 +1.502545e+09 -2.554673e+08 +3.719110e+10 +5.905776e+11 +6.129291e+14 +5.277949e+16 -3.344389e+20   +1.332371e-08 +1.166659e-04 +1.782108e-04 -8.283829e-03 +2.532450e+00 +3.424527e+01 -2.341370e+03 -3.314679e+05 -3.337434e+07 +5.677705e+08 +2.464957e+10 +1.574384e+12 -4.926007e+14 +1.152470e+17 -4.876321e+17   
S15-119   +1.499970e+02   +1.383366e-07 +7.700787e-05 -2.204103e+00 +8.325527e-03 -4.909628e+00 -8.593372e+01 -1.247220e+04 +7.607905e+04 +1.541098e+09 -1.740715e+09 +6.811383e+09 +4.904585e+12 +5.965539e+14 -1.563753e+16 -3.348492e+20   -1.163115e-08 +9.295566e-05 -4.850963e-05 +2.296062e-02 +2.953285e+00 -3.184735e+01 -5.486456e+03 -2.902389e+05 -3.031290e+08 +3.514986e+08 -1.011315e+11 +9.020460e+12 -2.102097e+14 +8.891798e+16 -4.839665e+17   
S15-120   +1.499974e+02   -6.161755e-08 +6.297173e-05 -2.203210e+00 +1.618163e-02 -6.504966e+00 +1.383782e+02 -9.052970e+03 +1.787244e+05 +1.508112e+09 -5.895692e+08 +1.002293e+11 -4.794746e+12 -8.593802e+13 +2.799737e+16 -3.350465e+20   +1.089407e-07 +9.561559e-05 -9.406156e-04 -3.276439e-03 +4.912229e-01 -6.249624e+00 -3.840775e+03 -2.514530e+05 -1.237833e+08 +6.200925e+07 -1.887689e+09 +2.519364e+12 -7.682927e+14 +7.415049e+16 -1.334922e+19   
S15-121   +1.499976e+02   +3.788046e-07 +2.276204e-05 -2.203277e+00 -2.382856e-02 +1.232518e+00 +9.901458e+01 -2.707087e+03 +2.698112e+04 +1.472248e+09 +5.079756e+08 -7.179242e+10 -5.104576e+11 +5.198740e+14 +3.138391e+16 -3.242983e+20   -2.602323e-07 +8.739573e-05 +2.665435e-04 +4.749082e-03 -1.157497e+00 +4.548483e+00 +8.218671e+03 -1.237808e+05 -8.886002e+07 +2.619441e+08 -3.067310e+10 -5.805276e+11 -4.709960e+14 +9.913325e+16 +2.914989e+18   
S15-122   +1.499980e+02   +7.497880e-08 +6.358311e-06 -2.206451e+00 -4.743353e-02 -5.039683e+00 +1.189089e+02 -1.253279e+04 +1.179886e+05 +1.496971e+09 +2.128795e+08 +2.179406e+10 -8.924452e+11 +4.969264e+14 +7.249603e+15 -3.327636e+20   +1.361521e-07 +9.203256e-05 -6.887639e-05 +4.246651e-02 -8.461479e-02 +3.355323e+01 -7.446099e+02 -4.227712e+05 -2.883694e+07 -8.500233e+08 +3.229819e+10 +5.481837e+11 -2.310223e+14 +1.172982e+17 -6.922852e+17   
S15-123   +1.499967e+02   +2.252918e-07 +6.228066e-05 -2.204889e+00 +5.726133e-02 -4.224502e+00 +2.608765e+01 -1.353287e+04 +1.825515e+04 +1.464298e+09 -1.543499e+09 +8.647844e+09 +4.381640e+12 +1.423611e+15 +2.688435e+16 -3.243137e+20   -9.244970e-08 +1.195530e-04 +1.973925e-04 -9.360793e-02 +1.834040e+00 +6.051146e+00 -1.356206e+03 +2.441326e+04 -1.231702e+08 -2.798476e+08 +6.782929e+09 +5.839512e+12 +2.972235e+13 +3.068334e+16 -1.426811e+18   
S15-124   +1.499970e+02   +3.335438e-08 +2.274355e-05 -2.205177e+00 -9.166617e-02 -3.182036e+00 -7.230831e+00 -6.323643e+03 -3.131545e+05 +1.458881e+09 +1.264299e+09 +1.483198e+10 +2.826461e+12 +5.385072e+14 +3.515732e+16 -3.256271e+20   -1.132101e-07 +1.023025e-04 +3.372358e-04 -4.228815e-02 +5.144543e-01 +3.715450e+01 +3.514873e+03 -1.838087e+05 -1.298505e+08 -5.379830e+08 -5.006219e+10 -5.026501e+12 -5.266088e+14 +1.361462e+17 +1.740109e+18   
S15-126   +1.499969e+02   -2.124477e-11 +3.183849e-05 -2.205177e+00 -1.092232e-02 -7.114520e+00 -1.191497e+01 -1.562971e+04 -6.963924e+04 +1.436806e+09 -2.272586e+08 +5.823352e+10 -3.213052e+12 +7.137908e+14 +1.917261e+16 -3.200049e+20   +1.176027e-07 +1.263291e-04 +1.834298e-04 -8.628385e-02 -2.409191e+00 +6.336926e+00 +5.516037e+03 +1.008747e+04 -1.794797e+08 +8.097747e+08 +2.275212e+10 +4.598682e+12 -7.216822e+14 +7.683192e+16 +1.235704e+19   
S15-127   +1.499960e+02   +1.767392e-07 +4.802127e-05 -2.202170e+00 +4.088503e-02 -4.123317e+00 +7.740713e+00 -1.057362e+04 -1.202481e+04 +1.516716e+09 -5.185883e+08 -5.805687e+10 +4.779860e+12 +7.058582e+14 +2.528793e+16 -3.343857e+20   -1.568448e-07 +1.040353e-04 +5.759516e-05 -3.839058e-02 -8.251733e-01 +2.543226e+01 +5.770863e+03 -2.361308e+05 -1.118228e+08 -5.592382e+08 +2.520800e+10 +1.014630e+12 -1.937579e+14 +1.258044e+17 -4.689702e+18   
S15-128   +1.499967e+02   +1.906249e-07 +4.785655e-05 -2.204368e+00 +1.780965e-02 -1.498214e+00 +2.095186e+02 -5.838616e+03 -2.644610e+05 +1.500698e+09 -2.575169e+09 -6.801856e+09 +2.488849e+12 -7.916974e+14 +1.386048e+17 -3.293550e+20   +3.379870e-08 +9.657552e-05 -3.477903e-05 -1.125890e-03 -5.995189e-01 +3.670321e+01 +8.078171e+02 -1.278912e+05 -1.223368e+08 -2.292358e+09 +1.659594e+11 -1.290288e+13 +6.347261e+14 +5.165204e+16 +1.387065e+18   
S15-130   +1.499977e+02   +7.509835e-08 +4.674731e-05 -2.204710e+00 -1.708500e-02 -3.024386e+00 -3.513992e+01 -9.220468e+03 -1.739609e+05 +1.489191e+09 -6.154238e+08 -2.688777e+10 +6.231250e+12 +1.145018e+15 +5.587722e+16 -3.346259e+20   -7.144096e-08 +8.142505e-05 -1.744613e-03 +3.231095e-02 +5.336885e-01 +3.427319e+01 -4.023059e+00 -3.427165e+05 -1.328956e+08 -1.445918e+09 +6.760970e+09 -3.626697e+12 -3.165064e+14 +8.850176e+16 +1.146755e+19   
S15-131   +1.499971e+02   +3.141415e-07 +5.905545e-05 -2.206019e+00 -9.160550e-03 -5.467038e-01 -5.030869e+01 -5.081458e+03 -1.292517e+05 +1.474751e+09 -2.044746e+08 -5.569474e+10 +3.472148e+12 +4.037563e+14 +6.287066e+16 -3.326748e+20   +6.543620e-08 +7.879132e-05 -6.902927e-04 +1.279777e-02 +1.441301e+00 +3.803508e-01 -2.212985e+03 -2.711996e+05 -8.996454e+07 -7.361349e+06 -5.448232e+09 +6.464620e+12 -4.587600e+14 +1.133542e+17 -8.410469e+17   
S15-132   +1.499965e+02   +4.178241e-08 +6.015223e-05 -2.203615e+00 -3.595905e-02 -7.267336e+00 -2.350266e+02 -1.522342e+04 +1.750876e+03 +1.445566e+09 -7.330184e+08 +1.131820e+10 +9.365825e+12 +7.206788e+14 -1.228889e+16 -3.241824e+20   -1.131751e-07 +1.040760e-04 -5.563320e-04 -3.160788e-02 +1.933576e+00 +3.585992e+01 -1.074966e+03 -3.003016e+04 -2.493615e+08 -2.216454e+08 +1.171081e+11 -8.469704e+12 -1.198381e+14 +1.105526e+17 +1.541377e+19   
S15-133   +1.499963e+02   +1.745424e-08 +4.707365e-05 -2.202504e+00 -7.581567e-02 -3.839009e+00 -3.729078e+00 -1.014542e+04 -2.015910e+05 +1.505511e+09 +1.870205e+09 +6.904710e+10 +4.641007e+12 +4.784057e+14 -5.666703e+15 -3.298713e+20   +1.764376e-07 +9.729587e-05 -2.935621e-04 +1.116269e-02 -1.127520e-01 +6.959252e+00 -1.193487e+03 -5.291324e+05 -1.432687e+08 +5.932766e+08 +1.014200e+11 -4.638091e+12 -1.467769e+14 +1.174588e+17 -5.917633e+18   
S15-134   +1.499964e+02   +6.805123e-08 +4.159168e-05 -2.202016e+00 -7.975331e-02 -4.056035e+00 +3.489710e+01 -6.987274e+03 -2.196137e+05 +1.360063e+09 -1.753375e+09 -8.741643e+10 -4.442585e+12 +9.441953e+13 +3.170085e+16 -3.143060e+20   +1.614292e-08 +9.823376e-05 -1.025751e-03 -2.056372e-02 -7.998232e-01 -1.135195e+01 +6.344168e+03 +9.570296e+04 -3.846788e+08 -2.219847e+09 -1.228759e+11 +8.419455e+11 -6.244080e+14 +4.084923e+16 +1.723391e+19   
S15-136   +1.499980e+02   +3.653284e-08 +3.793155e-05 -2.205042e+00 -1.140591e-02 -1.112775e+00 +4.755224e+01 -1.776496e+03 -1.565818e+05 +1.474002e+09 +4.171412e+08 -3.377679e+10 +2.146261e+12 +1.076535e+14 +8.118655e+16 -3.327286e+20   -4.453649e-08 +1.012991e-04 -1.174152e-03 +2.124988e-03 +1.135918e+00 +1.299777e+01 +6.348027e+02 -2.043476e+05 -1.372421e+08 +1.293505e+09 -4.666786e+10 -1.314669e+12 -1.779504e+14 +7.808611e+16 +2.359487e+19   
S15-137   +1.499972e+02   +1.514766e-07 +3.991293e-05 -2.207141e+00 -1.212057e-02 -3.819336e+00 +1.308530e+02 -7.097272e+03 +7.397171e+04 +1.419012e+09 +3.731096e+09 +3.611360e+10 -4.294336e+12 -5.786085e+14 -5.102309e+16 -3.218309e+20   +7.866507e-08 +9.886078e-05 -1.106099e-03 -4.939986e-02 -2.856198e+00 +2.606870e+01 +7.308530e+03 +2.200736e+05 -1.810604e+08 -1.063799e+09 +2.373520e+11 -5.970973e+12 -6.209916e+14 +1.556738e+16 +4.092227e+18   
S15-138   +1.499965e+02   +2.175008e-09 +3.988963e-05 -2.204113e+00 -3.712175e-02 -3.765622e+00 +5.365171e+01 -8.208725e+03 -3.042025e+04 +1.499264e+09 -1.603714e+08 +1.388472e+10 +1.558828e+12 +1.719617e+14 +4.073302e+16 -3.382868e+20   +1.835733e-08 +8.831686e-05 -1.239306e-03 -1.765331e-02 +2.961644e+00 +9.341358e+00 -5.283778e+03 -1.670881e+05 -8.875620e+07 +1.032922e+08 +3.710171e+10 +4.112456e+12 -1.680378e+14 +6.618632e+16 -2.006830e+19   
S15-139   +1.499968e+02   +2.476675e-07 +4.331938e-05 -2.203925e+00 -4.834692e-02 -5.441967e+00 +7.116212e+01 -1.414231e+04 -2.340989e+05 +1.489924e+09 +5.321246e+08 +2.909368e+09 +2.010104e+11 +6.064875e+14 +4.208717e+16 -3.234264e+20   +2.403443e-07 +7.456006e-05 -4.680453e-04 +6.339446e-02 -5.747867e+00 +2.392064e+00 +1.064943e+04 -2.931870e+05 -1.279479e+08 -5.746171e+08 +1.432151e+11 -1.690835e+12 -7.432585e+14 +1.014116e+17 +3.900913e+18   
S15-140   +1.499966e+02   -1.351752e-07 +4.226940e-05 -2.204977e+00 -5.173721e-02 -7.937820e+00 +9.563410e+01 -1.507820e+04 -4.997585e+05 +1.388843e+09 -1.809703e+09 -2.906546e+10 -2.243453e+12 +9.025818e+14 +7.682727e+16 -3.280586e+20   -1.233247e-07 +1.067117e-04 -6.956398e-04 -8.387397e-03 +2.012903e+00 -3.613204e+00 -1.374085e+03 -2.539353e+05 -4.980790e+08 -2.252796e+09 +1.189337e+11 +3.472260e+12 +2.489632e+14 +1.534589e+16 +1.786744e+19   
S15-141   +1.499971e+02   +8.702495e-08 +2.129323e-05 -2.205079e+00 -6.628351e-02 -3.339566e+00 +5.937691e+01 -8.383055e+03 -1.324239e+05 +1.476955e+09 -3.960289e+08 -4.101473e+10 +7.546353e+11 +7.218840e+14 +1.076923e+16 -3.340721e+20   +2.119678e-07 +1.207251e-04 -1.190192e-03 -4.237987e-02 +1.439603e+00 +1.316678e+01 -4.551901e+03 -2.676464e+05 -1.138793e+08 +1.964054e+08 +3.929291e+10 -1.942096e+12 -1.979760e+14 +9.943566e+16 +8.197265e+18   
S15-142   +1.499968e+02   +3.882431e-07 +5.752677e-05 -2.205800e+00 +6.133374e-02 -2.130873e+00 +3.403169e+01 -5.858509e+03 +1.287941e+05 +1.390082e+09 -1.114106e+09 -8.532215e+10 +3.569862e+11 -1.078812e+15 +1.050938e+17 -3.141202e+20   -1.091036e-07 +9.358406e-05 -3.327360e-04 +2.484203e-02 -1.556489e+00 +1.085005e+01 +2.633528e+03 -4.802375e+05 -4.283177e+08 +1.407625e+09 -8.838169e+09 +9.198016e+12 +5.598971e+14 +1.106759e+17 +6.219539e+18   
S15-143   +1.499975e+02   +2.571634e-07 +3.821014e-05 -2.206039e+00 -9.227427e-02 -1.737043e+00 -1.788570e+02 -7.355263e+03 -9.967526e+04 +1.470599e+09 -1.308787e+08 -2.118255e+10 +1.427506e+12 +4.600394e+14 +8.397800e+16 -3.268034e+20   +9.094538e-08 +8.689811e-05 -1.555947e-04 +2.325699e-02 +3.280803e+00 -4.268120e+00 -7.615054e+03 -2.815403e+05 -9.285768e+07 +8.994703e+07 -1.720975e+10 +3.329436e+12 -7.104358e+13 +7.432344e+16 +3.398516e+18   
S15-145   +1.499971e+02   -1.219786e-07 +4.347950e-05 -2.206539e+00 -1.926681e-02 -5.279163e+00 +2.223426e+01 -8.725395e+03 -1.773346e+05 +1.482076e+09 -5.201888e+08 +4.568266e+10 +4.259392e+12 +4.932629e+14 +7.925627e+16 -3.267273e+20   -1.190515e-07 +9.810910e-05 -1.467795e-04 -3.888829e-02 +3.194052e-01 +7.534499e+00 +1.945818e+03 -1.383945e+05 -7.954394e+07 -1.894030e+08 -6.393833e+09 -3.967253e+12 -4.840114e+14 +9.878571e+16 -9.834510e+17   
S15-146   +1.499971e+02   +2.783367e-07 +3.511759e-05 -2.205306e+00 -5.893209e-03 -1.390480e+00 +2.212033e+02 -5.409487e+03 -1.048333e+05 +1.489401e+09 -5.167851e+08 +1.319648e+10 -1.024016e+12 +5.428080e+14 +4.216578e+16 -3.334187e+20   -1.068207e-07 +1.092696e-04 +4.029427e-04 -4.353450e-02 +2.747966e+00 +9.805570e+00 -1.849667e+03 -1.699233e+05 -9.482377e+07 +3.224668e+08 +6.958515e+10 -1.437476e+12 -1.632016e+14 +1.074294e+17 -2.009508e+18   
S15-148   +1.499964e+02   +2.624922e-07 +4.539827e-05 -2.203028e+00 +7.072303e-03 -4.260023e+00 -2.997961e+00 -1.152506e+04 +4.671493e+04 +1.501597e+09 +7.542454e+07 -4.176963e+10 -3.917383e+12 +5.297838e+14 +6.274665e+16 -3.396049e+20   -5.445420e-08 +7.399798e-05 -1.376204e-03 +8.945795e-03 +1.135611e+00 -4.919781e+00 +6.998028e+01 -2.686501e+05 -1.049828e+08 -1.434706e+09 +9.248095e+10 -4.946522e+11 -4.001063e+14 +9.610171e+16 -1.951596e+19   
S15-149   +1.499971e+02   -4.955074e-08 +5.522520e-05 -2.205799e+00 -7.295654e-02 -1.922055e+00 -9.605339e+01 -3.142062e+03 -3.990058e+05 +1.361284e+09 +7.995608e+08 -2.624058e+10 +1.102161e+13 +5.065896e+14 +8.836211e+16 -3.102998e+20   +1.240549e-08 +1.074031e-04 -2.953171e-04 -4.218939e-02 -5.972861e-01 +3.795835e-01 +2.565983e+03 -1.036759e+05 -2.031090e+08 +9.790296e+07 -2.187471e+10 -4.463388e+12 -1.853701e+13 +7.116731e+16 +2.577181e+19   
S15-154   +1.499966e+02   +6.130238e-07 +2.116293e-05 -2.202902e+00 -2.513582e-02 -6.904723e-01 +2.974316e+01 -1.065004e+04 +3.223674e+05 +1.472803e+09 -1.773881e+09 -1.683984e+11 +7.546071e+12 +8.811733e+14 +1.369211e+16 -3.325320e+20   -3.275563e-07 +7.065113e-05 -5.759626e-04 +1.170199e-02 +3.213943e+00 -1.402651e+00 -5.984433e+02 -2.049653e+05 -1.492885e+08 +1.583624e+09 -1.136712e+11 +1.188652e+13 -5.479738e+14 +1.615939e+17 -1.920570e+19   
S15-155   +1.499974e+02   +1.588312e-07 +5.671427e-05 -2.204166e+00 -5.296442e-02 -1.750137e+00 +7.457496e+01 -5.509870e+03 -9.005343e+05 +1.385911e+09 -2.517481e+09 +1.366390e+10 -2.388283e+12 +1.890315e+14 +1.090484e+17 -3.360382e+20   +4.592417e-08 +8.173315e-05 -9.733535e-04 +2.013865e-02 -4.991736e-01 +1.605228e+01 +6.514030e+03 -4.371344e+05 -5.247218e+08 -2.183916e+09 +8.965429e+10 -8.227176e+12 -8.477400e+14 +8.403452e+16 +1.517080e+19   
S15-156   +1.499977e+02   +1.126575e-07 +6.196790e-05 -2.201254e+00 -9.948733e-04 -3.183122e+00 +4.682492e+01 -8.372408e+03 +4.256693e+03 +1.463982e+09 -4.632168e+09 +1.916715e+11 -1.515256e+13 +7.252471e+14 +5.857360e+16 -3.382057e+20   -5.138667e-08 +1.211603e-04 -6.718230e-04 -1.030470e-01 +6.750690e-01 -6.769804e+01 +5.787857e+03 -6.843832e+04 -5.844333e+08 +2.998070e+09 -1.387481e+10 +2.393114e+13 -1.085660e+15 +1.260647e+17 +1.739271e+19   
S15-157   +1.499975e+02   +3.926047e-07 +5.026998e-05 -2.204345e+00 -7.498605e-03 -6.171822e+00 +1.288533e+02 -1.816170e+04 -1.158205e+05 +1.323428e+09 +2.406869e+08 +5.973044e+09 +6.186946e+12 +9.529632e+14 +5.322083e+16 -2.977080e+20   -1.403382e-07 +1.096804e-04 -6.481965e-04 -2.621424e-02 -5.446733e-01 +1.179599e+01 +1.850079e+03 -3.138926e+05 -3.277799e+08 +1.258036e+09 -6.102354e+10 -1.537844e+12 +1.497470e+14 +7.955086e+16 +4.211504e+19   
S15-159   +1.499968e+02   +1.223425e-07 +8.133560e-05 -2.203060e+00 +5.011755e-02 -3.958278e+00 +3.403881e+02 -9.573884e+03 -1.366106e+05 +1.366605e+09 +8.246563e+07 +1.754087e+11 -6.242340e+12 +7.625049e+14 +1.003377e+17 -3.051086e+20   +1.422006e-07 +1.217776e-04 -7.920529e-04 -1.316384e-02 -2.002479e+00 -3.125894e+01 +2.685233e+03 -2.928332e+05 -2.292964e+08 -1.838829e+09 +2.560057e+10 +1.330758e+12 -2.331317e+14 +9.047573e+16 +2.868127e+19   
S15-162   +1.499972e+02   -2.258135e-08 +4.750603e-06 -2.203325e+00 -2.616668e-02 -1.926479e+00 +2.153164e+01 -4.370851e+03 +1.149598e+05 +1.496529e+09 +1.167321e+07 +2.116949e+10 -4.709236e+10 +1.854870e+14 +9.334694e+15 -3.297421e+20   +4.347915e-08 +1.067479e-04 -1.902938e-03 +1.905192e-02 -2.223156e+00 -5.074439e+00 +3.682849e+03 -4.189606e+05 -1.978476e+07 -4.482018e+08 +1.186220e+11 +3.049672e+12 -3.194389e+14 +1.143593e+17 -5.693258e+18   
S15-164   +1.499986e+02   -4.446044e-08 +8.284144e-05 -2.205497e+00 -3.088075e-02 -6.848051e+00 +4.766682e+01 -1.363811e+04 -1.898048e+05 +1.490357e+09 +1.326450e+08 -7.979694e+09 -2.201539e+11 +4.410608e+14 +8.355498e+16 -3.282903e+20   -1.845506e-07 +1.204610e-04 -1.070390e-03 -1.029412e-02 -8.562280e-02 +3.919989e+01 +3.222326e+03 -3.216667e+05 -1.502037e+07 -3.745403e+08 +5.170930e+10 -3.898946e+11 -6.506037e+14 +1.294356e+17 -6.551673e+18   
S15-165   +1.499967e+02   -5.681720e-08 +4.309741e-05 -2.202780e+00 -2.840558e-02 -4.609679e+00 +1.631757e+02 -9.343979e+03 -1.467734e+05 +1.482179e+09 +1.464100e+08 -3.907878e+09 +1.296953e+12 +5.451317e+14 +4.528784e+16 -3.295635e+20   -2.193216e-08 +1.021034e-04 -5.203110e-04 -2.194094e-02 -8.326957e-01 +1.520592e+01 +4.298033e+03 -1.461779e+05 -2.691413e+07 +2.003105e+07 +3.219401e+10 -1.003013e+11 -5.018100e+14 +9.318285e+16 -2.856681e+18   
S15-166   +1.499966e+02   +7.707828e-08 +6.199721e-05 -2.206531e+00 -5.420200e-02 -1.936074e+00 -1.306753e+01 -4.791785e+03 -2.858399e+05 +1.472313e+09 +2.233185e+08 -2.426661e+09 +2.514978e+12 +3.197842e+14 +5.572134e+16 -3.265529e+20   +2.692031e-07 +1.093154e-04 -2.557610e-04 -2.955481e-02 -4.215885e+00 +1.118513e+01 +7.076287e+03 -1.028783e+05 -1.524211e+07 -1.906747e+08 +1.205181e+11 +2.079270e+12 -5.689666e+14 +1.085907e+17 -4.055784e+18   
S15-167   +1.499971e+02   +3.946396e-07 +7.336955e-05 -2.203299e+00 -3.386747e-02 -4.469230e+00 -2.061631e+02 -1.430832e+04 -3.153085e+04 +1.428804e+09 +1.002889e+09 -1.374197e+11 +1.231317e+13 +7.765583e+14 +1.521607e+16 -3.190148e+20   +1.989061e-08 +1.186780e-04 -8.447810e-06 -2.096345e-02 +1.364059e-01 -1.577372e+01 +4.056192e+03 -3.747140e+05 -1.092245e+08 -2.258932e+08 +3.697218e+10 +1.129241e+13 -1.154774e+15 +1.505192e+17 -9.456329e+17   
S15-168   +1.499969e+02   +1.472624e-07 +5.141304e-05 -2.202707e+00 -3.724157e-02 -1.837709e+00 +7.504942e+01 -5.375641e+03 -4.956292e+04 +1.448667e+09 -3.752614e+08 +9.644773e+10 +2.134792e+12 +3.236813e+14 +1.581422e+16 -3.227099e+20   +5.587817e-08 +1.124965e-04 -4.703801e-06 +1.953421e-02 -1.061307e+00 +1.254361e+01 +5.355844e+03 -3.108242e+05 -1.037021e+08 +1.987430e+08 +5.846509e+10 +3.042340e+12 -7.592517e+14 +1.481503e+17 +4.478065e+18   
S15-170   +1.499970e+02   +3.723752e-07 +4.860297e-05 -2.203803e+00 -9.948866e-02 -2.330036e+00 +3.211872e+02 -1.188368e+04 -3.192765e+05 +1.479684e+09 +3.593299e+08 -2.134982e+10 -5.297495e+12 +6.444444e+14 +5.021897e+16 -3.286384e+20   +1.674243e-07 +1.064793e-04 -4.287758e-04 +5.563059e-02 -3.424000e+00 +1.512172e+01 +6.308338e+03 -4.748436e+05 -1.843158e+07 -1.577426e+08 +7.864331e+10 +6.904605e+10 -3.911220e+14 +1.173657e+17 -3.588684e+18   
S15-171   +1.499968e+02   +1.905619e-07 +3.667629e-05 -2.203434e+00 -2.219867e-02 +1.516652e+00 -1.029393e+00 -1.570740e+03 -3.798486e+04 +1.473129e+09 +2.265624e+08 -3.823322e+10 +2.456835e+12 +2.453158e+14 +2.415324e+16 -3.281844e+20   +1.258684e-07 +1.274635e-04 -6.590383e-04 -5.491736e-02 -6.201127e-01 +1.155147e+01 +4.275418e+02 -9.543504e+04 -1.991706e+07 -9.864930e+07 +8.338638e+10 -2.450547e+11 -3.348468e+14 +1.106632e+17 -4.355898e+18   
S15-172   +1.499968e+02   +3.899076e-08 +8.006017e-05 -2.203611e+00 -5.002864e-02 -3.422394e+00 -1.151046e+01 -2.709778e+02 -4.520023e+04 +1.448245e+09 -3.601869e+08 +1.488214e+11 +4.570606e+12 -1.554453e+14 +5.756455e+16 -3.294510e+20   +2.785131e-07 +1.278507e-04 -4.355094e-04 -4.675770e-02 +1.751674e+00 -1.490687e+01 -8.662391e+03 -1.030099e+05 -1.017365e+08 -4.619784e+08 +4.526741e+10 +2.665667e+12 +3.840122e+12 +1.285610e+17 -2.756533e+18   
S15-174   +1.499968e+02   -4.698878e-08 +6.265144e-05 -2.204164e+00 -2.412625e-02 -1.880745e+00 +1.297222e+02 -2.369037e+03 -2.819580e+05 +1.452830e+09 +9.558831e+08 +2.760757e+10 +3.020445e+11 +2.680243e+14 +9.733001e+16 -3.287949e+20   +7.075251e-08 +1.421183e-04 +1.883753e-05 -2.962849e-02 -1.986906e+00 +3.134028e+01 +3.654011e+03 -3.352768e+05 -1.586578e+08 +2.189889e+08 +1.006155e+11 -9.401107e+12 -3.603036e+14 +1.696355e+17 +1.122707e+19   
S15-175   +1.499979e+02   +1.953080e-07 +6.654887e-05 -2.204229e+00 -2.588955e-02 -3.303392e+00 -5.385095e+01 -1.036170e+04 -1.178470e+05 +1.494950e+09 +2.155074e+08 -5.134472e+10 +1.233017e+12 +5.750507e+14 +6.284962e+16 -3.292498e+20   +1.578174e-07 +1.183167e-04 -1.519483e-03 -2.568293e-02 -1.779151e+00 +4.501056e+01 +3.891663e+03 -1.801934e+05 -1.625791e+07 -1.653126e+08 +6.877616e+10 +2.248304e+11 -6.742968e+14 +1.334477e+17 -6.475261e+18   
S15-176   +1.499961e+02   +1.559415e-07 +3.791931e-05 -2.202877e+00 -3.946565e-02 -3.726758e-01 -7.912879e+00 -3.206898e+03 -1.436840e+05 +1.511955e+09 -5.633904e+08 -1.566695e+11 -4.757600e+12 +3.183783e+14 +6.271328e+16 -3.406563e+20   -3.035904e-07 +1.210392e-04 -6.275671e-04 -3.413699e-02 +1.859826e+00 +9.784834e+00 +1.583419e+03 -3.832166e+05 -9.305069e+07 +1.508136e+08 +3.013476e+10 -1.766612e+12 -3.039463e+14 +1.393586e+17 -1.300876e+19   
S15-177   +1.499983e+02   +1.968062e-07 +8.735046e-05 -2.205166e+00 -1.046372e-02 -4.111506e+00 -8.450542e+01 -1.315487e+04 -1.105159e+05 +1.364761e+09 +2.012731e+08 -3.980735e+10 +6.200556e+12 +1.222826e+15 +4.511331e+16 -3.025468e+20   -2.484849e-07 +1.239267e-04 -1.753484e-04 +2.527360e-04 +4.727017e+00 +1.059188e+01 -6.735810e+03 -3.593732e+05 -2.913039e+08 +1.035154e+09 -6.410320e+10 -1.058061e+12 -2.877765e+14 +1.151707e+17 +3.623171e+19   
S15-179   +1.499977e+02   -8.240346e-08 +7.963855e-05 -2.204336e+00 +4.478625e-02 -4.271113e+00 -2.150455e+01 -9.121840e+03 -1.663099e+05 +1.343876e+09 +8.587858e+08 +2.053327e+10 +7.789699e+12 +5.640719e+14 +1.058045e+17 -3.030893e+20   +1.718460e-08 +1.521983e-04 +5.785724e-04 -5.217428e-02 -1.606598e+00 +2.090056e+01 +2.588877e+03 -4.653145e+05 -3.026436e+08 -2.736829e+08 +2.402646e+09 -1.070955e+13 -2.045903e+14 +1.498150e+17 +4.377249e+19   
S15-180   +1.499963e+02   +2.477174e-07 +4.431489e-05 -2.203143e+00 -4.041415e-02 +1.044182e+00 -1.878206e+01 -4.208809e+03 -1.045584e+05 +1.490685e+09 -6.233110e+07 -2.928224e+10 -9.148619e+11 +7.735264e+14 +7.255012e+16 -3.337450e+20   +6.075308e-08 +1.257260e-04 -6.731093e-04 -4.058815e-02 -1.094002e+00 +2.321583e+01 +3.286918e+01 -1.994648e+05 -1.444442e+08 -7.160863e+08 +2.956806e+10 +2.711892e+12 +3.040352e+14 +1.279111e+17 -1.300127e+19   
S15-181   +1.499972e+02   +2.395985e-07 +8.785437e-05 -2.202905e+00 +2.446971e-02 -1.390335e+00 +6.103744e+01 -1.808943e+02 -1.715540e+05 +1.368850e+09 +5.606833e+08 +6.472033e+10 -9.412176e+11 +3.119785e+14 +6.070377e+16 -3.138895e+20   -7.385965e-09 +1.373379e-04 -1.438476e-04 -3.634019e-02 -6.537171e-01 -1.727956e+01 +1.009858e+03 -3.675106e+05 -1.810012e+08 +7.399305e+08 -8.812164e+10 +5.012754e+12 +7.459933e+11 +1.361169e+17 +2.354104e+19   
S15-183   +1.499999e+02   +1.963453e-07 +2.895009e-05 -2.203569e+00 -5.410181e-02 -1.740480e+00 -2.899439e+02 -4.145155e+03 -1.588745e+05 +1.482785e+09 -5.970789e+08 -1.012293e+11 +1.146549e+13 +6.256148e+14 +6.932791e+16 -3.365760e+20   -2.067996e-07 +1.386166e-04 -1.077783e-03 -2.386148e-02 -2.901929e+00 +2.091311e+01 +1.171203e+04 -4.914815e+05 -1.674012e+08 -2.062000e+09 +1.035068e+11 +5.336146e+12 -5.718373e+14 +1.709206e+17 -7.936892e+18   
S15-184   +1.499975e+02   +1.713753e-07 +6.592109e-05 -2.206602e+00 -1.288111e-02 -2.871311e+00 +2.374712e+02 -9.834031e+03 -1.267430e+05 +1.312171e+09 +1.118567e+09 +2.091570e+10 -2.868592e+12 +1.038482e+15 +5.129997e+16 -2.945399e+20   +4.972747e-08 +1.520240e-04 -1.041633e-05 -3.111425e-02 -3.236847e+00 -1.820942e+01 +4.166756e+03 -5.399145e+05 -3.454048e+08 +2.212928e+09 +2.140156e+09 +4.485594e+12 +5.689866e+13 +1.267832e+17 +4.147359e+19   
S15-185   +1.499979e+02   +5.629273e-08 +8.607674e-05 -2.204146e+00 -1.760310e-02 -2.732175e+00 +1.838728e+02 -8.850764e+03 -1.646448e+05 +1.333417e+09 -3.008698e+08 -5.957372e+10 -1.260910e+13 +1.265735e+15 +6.425155e+16 -2.902641e+20   -2.273021e-08 +1.366648e-04 +5.546998e-04 -5.718856e-02 -5.909857e-01 +1.001303e+00 +3.853440e+03 -3.430697e+05 -3.203784e+08 +6.257512e+08 -1.286322e+10 +3.493754e+12 -1.070510e+15 +1.645185e+17 +4.211702e+19   
S15-186   +1.499972e+02   +1.172620e-07 +4.604323e-05 -2.205739e+00 -1.817771e-03 -1.883249e+00 +1.224010e+02 -6.835768e+03 -4.930500e+04 +1.372340e+09 +1.984740e+08 -1.034510e+11 -3.199454e+12 +6.101797e+14 +7.182354e+16 -3.128171e+20   +2.380880e-07 +1.288079e-04 +1.456411e-04 -3.834780e-02 -3.522778e+00 +2.050962e+01 +1.687015e+03 -2.579093e+05 -2.583597e+08 +1.077607e+09 +5.467771e+10 +3.379271e+11 +4.188246e+14 +1.160018e+17 +3.252942e+19   
S15-187   +1.499971e+02   -1.710104e-07 +6.611005e-05 -2.205145e+00 -2.359673e-02 -5.676661e+00 +2.525659e+02 -1.034805e+04 -2.382800e+05 +1.389399e+09 +8.106163e+08 +8.804837e+10 -3.371373e+12 +4.779972e+14 +9.882144e+16 -3.065200e+20   +3.468385e-07 +1.291450e-04 -6.430824e-04 +4.080587e-03 -6.373916e+00 -3.489950e+00 +7.820458e+03 -4.353068e+05 -1.935071e+08 -2.234323e+08 +1.697047e+11 -2.546349e+11 -1.776792e+14 +1.169629e+17 +2.628308e+19   
S15-188   +1.499969e+02   +1.202670e-07 +8.444995e-05 -2.205842e+00 -3.815872e-02 -1.610667e+00 -2.607939e+01 -4.434774e+03 -3.539015e+05 +1.366977e+09 -9.685167e+07 +5.310045e+10 -4.020054e+12 +2.817573e+14 +1.030541e+17 -3.073394e+20   -3.860795e-08 +1.253143e-04 +1.503377e-04 -1.068834e-02 +2.243463e+00 -3.257757e+00 -3.240388e+03 -2.683513e+05 -2.243644e+08 -5.956041e+08 +4.272541e+10 +2.258535e+12 -6.500582e+14 +8.670753e+16 +2.565984e+19   
S15-189   +1.499982e+02   +3.960057e-07 +6.720867e-05 -2.204331e+00 -4.017598e-02 -1.583299e+00 -6.671353e+01 -6.594711e+03 -4.093869e+05 +1.444406e+09 -5.614121e+08 +1.660094e+10 +4.310248e+12 +3.596417e+14 +1.009172e+17 -3.272710e+20   +2.103768e-07 +1.388251e-04 +6.361094e-04 -8.373740e-02 -2.770526e+00 +1.494357e+01 +3.655672e+03 -1.747854e+05 -3.287137e+08 +1.676097e+09 +1.638766e+11 -5.459064e+12 -3.668305e+14 +1.227406e+17 +1.746852e+19   
S15-190   +1.500015e+02   -5.224851e-08 +6.645401e-05 -2.203367e+00 -4.452481e-02 -5.496120e+00 -6.798885e+00 -6.328115e+03 -1.952469e+05 +1.468946e+09 +1.278554e+09 +1.785701e+11 -2.288970e+12 -4.357905e+14 +7.915194e+16 -3.199249e+20   +1.563476e-07 +1.224148e-04 +5.627700e-04 +3.060858e-02 +8.520021e-01 +3.436440e+01 -4.525917e+03 -3.121263e+05 -2.516803e+08 -1.278504e+09 -2.112539e+10 -5.317313e+12 -3.251981e+14 +1.583283e+17 -1.355065e+18   
S15-191   +1.499970e+02   -8.210478e-08 +5.798571e-05 -2.203253e+00 -7.135983e-02 -8.423815e+00 +1.013200e+02 -8.429162e+03 -3.956512e+05 +1.463748e+09 -4.882148e+08 +2.981792e+11 +2.180862e+12 -1.983806e+14 +2.922411e+16 -3.173658e+20   -3.811380e-07 +1.257330e-04 -1.761327e-04 -5.299769e-02 +6.170753e+00 +1.407350e+01 -5.939640e+03 -2.274209e+05 -1.586840e+08 +8.299513e+08 -5.013059e+10 +3.067750e+11 -2.640185e+14 +8.288426e+16 -1.626819e+18   
S15-192   +1.499977e+02   +2.425964e-07 +1.148989e-04 -2.202749e+00 +2.930750e-02 -2.642234e+00 -2.152400e+02 -7.949355e+03 -2.265975e+05 +1.366395e+09 -6.926533e+07 -1.801512e+10 +5.236756e+11 +4.858190e+14 +9.248815e+16 -3.036266e+20   +3.914765e-09 +1.476354e-04 +9.073866e-04 -4.902092e-02 +1.070353e+00 +1.742576e+01 -3.776795e+03 -3.476319e+05 -3.041967e+08 +4.858286e+08 -7.287152e+09 -3.637375e+12 -1.712558e+14 +1.290480e+17 +4.041658e+19   
S15-193   +1.499972e+02   +3.602967e-07 +4.960109e-05 -2.202238e+00 +1.471671e-02 -3.774353e+00 +1.855777e+01 -1.151779e+04 -2.440082e+04 +1.458129e+09 -3.467273e+08 +5.306390e+10 +4.486199e+11 +3.763257e+14 +5.982242e+16 -3.361644e+20   +3.511445e-08 +1.328549e-04 +6.080999e-04 -4.970653e-02 -2.882716e-01 +3.774506e+01 +5.614404e+03 -4.320302e+04 -2.553009e+08 +6.077424e+08 +2.449995e+10 -3.801175e+12 -1.572361e+15 +5.742401e+16 +1.139694e+19   
S15-194   +1.499969e+02   +1.347372e-07 +2.629430e-05 -2.202381e+00 -1.960199e-02 -3.005347e+00 +5.255759e+01 -3.807424e+03 +8.518976e+04 +1.366696e+09 -5.726877e+08 +4.071608e+10 +9.952259e+12 +3.295839e+13 -2.657857e+15 -3.086831e+20   -6.597517e-08 +1.234020e-04 +3.957488e-04 -7.406886e-03 -2.208068e+00 -2.332135e+01 +6.997458e+03 -3.518094e+05 -2.185530e+08 +5.260350e+08 -9.409174e+10 +6.726066e+12 +3.314298e+12 +8.560217e+16 +2.868834e+19   
S15-195   +1.499983e+02   +2.669362e-07 -1.130697e-05 -2.203624e+00 -7.424697e-02 -4.528555e+00 +6.873531e+01 -1.683017e+04 -1.745502e+05 +1.456932e+09 -2.103370e+09 -6.935252e+10 -8.024298e+12 +1.689214e+15 -3.808890e+16 -3.438285e+20   -3.244268e-08 +1.489804e-04 -4.437873e-04 +3.249517e-02 -1.895962e+00 +2.352441e+00 +9.462694e+03 -5.708912e+05 -4.136533e+08 +2.924046e+08 -1.027404e+10 -1.042303e+13 -1.014335e+15 +1.366934e+17 -2.591515e+17   
S15-197   +1.499973e+02   +2.418911e-07 +2.800056e-05 -2.203183e+00 -5.468708e-02 -5.201008e+00 +1.149016e+02 -8.872546e+03 -2.428524e+05 +1.447929e+09 -9.289814e+08 -9.274520e+10 +8.985448e+12 +8.002264e+14 +4.068948e+16 -3.442242e+20   -1.966129e-07 +9.332208e-05 -6.374201e-04 +4.460743e-02 -5.570716e-01 +3.794126e+00 +1.421476e+03 -3.809361e+05 -4.595161e+08 +9.645647e+08 +6.689874e+10 +2.505024e+13 +4.333808e+14 +8.911407e+16 -1.056590e+19   
S15-199   +1.499972e+02   -4.079368e-08 +6.878208e-05 -2.203418e+00 -4.847741e-02 -4.979697e+00 -3.732674e+01 -9.238879e+03 -4.369757e+05 +1.455705e+09 +1.522492e+09 -1.290167e+11 -5.535319e+12 +9.777249e+14 +1.656770e+17 -3.817855e+20   +2.225736e-07 +1.115575e-04 +1.628329e-04 -4.969369e-02 -2.012312e+00 -1.179859e+00 +4.520438e+03 +5.973538e+04 -5.429260e+08 +3.609434e+09 +1.700844e+11 +1.603033e+13 -9.898371e+14 +1.041377e+17 +1.640402e+19   
S15-206   +1.499967e+02   -1.604366e-07 +8.445999e-05 -2.202755e+00 -2.435486e-02 -1.343590e+00 -1.188916e+02 -4.752245e+03 +4.166523e+04 +1.382400e+09 +3.817691e+08 -4.839574e+10 -7.581307e+11 +1.220218e+15 +7.970595e+16 -3.258860e+20   +2.542260e-08 +1.235045e-04 -5.930702e-04 -1.955862e-02 +2.148211e+00 +3.887009e+01 +2.538185e+03 +1.324762e+05 -4.553885e+08 +3.143903e+09 +6.536588e+10 -8.984804e+12 -1.918257e+15 +9.439254e+16 +1.274807e+18   
S15-207   +1.499977e+02   +2.005773e-07 +7.012748e-05 -2.204264e+00 -7.217464e-03 -4.148700e+00 -5.846831e+01 -1.221105e+04 +1.023391e+04 +1.501184e+09 -5.231342e+08 +4.177415e+10 +9.016845e+11 +6.846245e+14 +5.213977e+16 -3.314025e+20   +2.919310e-07 +1.109864e-04 -1.050626e-03 +3.828471e-02 -3.267556e+00 +3.115966e+01 +3.063242e+03 -4.064780e+05 -2.050266e+07 -2.601073e+08 +8.354615e+10 -1.713529e+11 -4.396065e+14 +1.267607e+17 -4.697637e+18   
S15-209   +1.499982e+02   +1.190261e-07 +5.829293e-05 -2.203322e+00 -8.320900e-02 -4.784451e+00 -2.901785e+02 -1.277486e+04 -5.736274e+05 +1.435813e+09 +2.090663e+09 -2.596605e+10 +1.381116e+13 +7.957169e+14 -1.742228e+16 -3.746106e+20   +1.775219e-07 +1.150551e-04 +1.483384e-04 +1.495948e-02 -3.669087e+00 -1.299668e+01 +7.345461e+03 +2.372925e+04 -5.600101e+08 -2.520826e+09 +2.339673e+11 +8.630970e+12 +4.057962e+13 +2.363276e+16 -1.570920e+19   
S15-210   +1.499979e+02   +2.284750e-07 +7.222594e-05 -2.203954e+00 -4.277211e-02 -3.193884e+00 +4.970378e+01 -1.220462e+04 -3.198357e+05 +1.514729e+09 -1.471714e+09 -1.093252e+11 -7.888964e+12 +5.644468e+14 +1.012454e+17 -3.890448e+20   +1.790320e-07 +1.109352e-04 +5.961509e-04 +1.050814e-02 -7.433797e-01 +9.837244e+00 +2.217244e+03 -1.792536e+05 -6.459007e+08 -9.267216e+08 +2.929269e+10 -8.230962e+12 -2.575281e+15 -3.762674e+16 -8.681355e+17   
S15-212   +1.499972e+02   +5.305702e-07 +3.812920e-05 -2.203929e+00 -1.014100e-01 -1.670691e+00 +9.684807e+01 -7.559588e+03 +1.016629e+05 +1.460389e+09 +7.308876e+08 +2.687892e+10 +2.984760e+12 +2.821939e+14 -3.104267e+16 -3.288414e+20   -1.420905e-08 +1.264132e-04 -8.811338e-04 -4.960231e-02 +7.625422e-02 -8.534519e-01 +1.381126e+03 +5.411160e+04 -2.575455e+08 +1.236426e+09 -1.829368e+11 +2.132098e+12 -2.332927e+14 +9.627833e+16 -9.457163e+17   
S15-213   +1.499966e+02   +6.727412e-08 +6.352081e-05 -2.203195e+00 -2.471693e-02 -3.247323e+00 -8.228647e+01 -1.272400e+04 -2.123509e+05 +1.487450e+09 -6.721466e+08 -7.322293e+10 -4.521441e+11 +7.178036e+14 +6.445115e+16 -3.379151e+20   -4.459250e-08 +9.414520e-05 -7.622039e-04 +1.652083e-02 +6.101422e-01 +9.840703e+00 +1.640426e+03 -4.119845e+05 -7.569505e+07 -5.984797e+08 +8.831474e+10 +2.920705e+12 -2.839418e+14 +1.298161e+17 -1.022059e+19   
S15-215   +1.499964e+02   +1.687409e-07 +6.647036e-05 -2.198427e+00 -2.784081e-02 -7.333676e+00 +2.367468e+01 -1.683027e+04 +3.529883e+03 +1.440363e+09 -3.529399e+09 -7.223593e+10 +1.244443e+13 +1.311389e+15 +5.696342e+16 -3.157464e+20   +1.245474e-07 +1.416828e-04 -2.063121e-04 -3.499879e-02 -4.432266e+00 -6.599622e+01 +5.027650e+03 -6.521216e+05 -3.300477e+08 +6.766889e+08 +2.670675e+11 +1.451075e+13 -1.314540e+14 +1.108107e+17 -2.795872e+18   
S15-216   +1.499971e+02   +7.848012e-08 +5.425696e-05 -2.200605e+00 -6.053938e-02 -3.997198e+00 -2.477425e+01 -1.206187e+04 -1.855250e+05 +1.489293e+09 -2.000733e+08 +1.109753e+10 -3.109281e+12 +6.976168e+14 +2.617576e+16 -3.356632e+20   -1.538191e-08 +9.504684e-05 -1.006069e-03 +3.037771e-02 -1.650555e+00 +2.260409e+01 +4.973710e+03 -3.490566e+05 -8.813384e+07 -5.539196e+08 +1.439937e+11 -4.133281e+12 -3.473861e+14 +1.255940e+17 -8.606966e+18   
S15-218   +1.499985e+02   +1.220760e-07 +6.215189e-05 -2.202410e+00 +5.713238e-03 -7.308766e-01 +1.430503e+02 -7.509122e+03 -3.429033e+05 +1.338331e+09 +5.924799e+08 -3.851533e+09 -2.458428e+12 +4.636230e+14 +2.256089e+16 -3.093695e+20   -3.811011e-10 +1.364555e-04 -3.195249e-04 -3.141712e-02 -3.386146e+00 +2.289822e+01 +6.785241e+03 -7.972173e+04 -3.395551e+08 -1.633705e+09 -7.540802e+10 +3.278775e+12 +6.633230e+14 +3.277648e+16 -5.739387e+18   
S15-219   +1.499963e+02   +1.596939e-07 +8.865032e-05 -2.204024e+00 +2.388385e-02 -3.653299e+00 +9.769441e+01 -1.207897e+04 -1.486580e+05 +1.411487e+09 +2.795911e+09 -2.079112e+10 -5.129010e+12 -1.366259e+14 +2.346718e+16 -3.282177e+20   -7.940083e-08 +1.311864e-04 -5.338127e-04 -4.939641e-02 +1.884504e+00 +2.713243e+01 -6.335611e+02 +2.246321e+05 -4.210379e+08 +1.392380e+09 -8.448502e+10 +1.020983e+12 -1.541947e+14 +1.258351e+17 +1.267283e+19   
S15-220   +1.499964e+02   -1.001163e-07 +5.998407e-05 -2.205418e+00 -7.688745e-02 -2.139132e+00 +9.073651e+01 -2.108137e+03 -3.230552e+05 +1.498148e+09 +8.526625e+08 +3.153056e+10 +3.605417e+12 +2.266182e+14 +6.749549e+16 -3.495965e+20   +1.754213e-07 +1.024613e-04 -6.776403e-04 -1.320933e-02 -1.207077e+00 +1.732002e+01 +1.877578e+03 -1.344446e+05 -1.529510e+08 +2.734743e+08 +1.947018e+10 +1.180706e+12 +1.598670e+13 +9.895317e+16 -6.551362e+18   
S15-221   +1.499963e+02   +1.482737e-07 +2.557424e-05 -2.207872e+00 +7.031100e-03 -2.746534e+00 -9.777075e+01 -7.127502e+03 +5.430893e+04 +1.449984e+09 +1.606012e+08 +9.695706e+09 +1.429479e+12 -4.694003e+13 +2.921081e+16 -3.273583e+20   +1.575643e-07 +9.806362e-05 -1.968139e-04 -3.360903e-02 +8.246510e-01 +2.343172e+01 -4.266563e+03 -1.947484e+05 -1.218919e+08 +7.002739e+07 +7.120696e+10 +1.668626e+12 +2.205716e+13 +7.151916e+16 -1.126242e+18   
S15-222   +1.499982e+02   -8.164005e-08 +8.008649e-05 -2.202307e+00 -5.284019e-02 -3.215413e+00 +8.148138e+01 -4.451338e+03 -1.208332e+05 +1.461185e+09 -2.306772e+09 +9.526394e+10 -1.267555e+13 +1.648241e+14 +1.376701e+17 -3.244327e+20   +1.196731e-08 +9.645636e-05 -6.079123e-04 +5.586596e-02 +1.431053e+00 +1.648358e+01 +4.486473e+03 -9.704076e+05 -4.747602e+08 -2.634115e+09 +1.570946e+11 -8.211799e+12 -2.274879e+14 +1.828864e+17 +7.675205e+18   
S15-223   +1.499970e+02   +4.257110e-07 +6.404332e-05 -2.202841e+00 -5.471015e-02 -1.399559e+00 -8.412615e+00 -1.220357e+04 -9.039827e+04 +1.451007e+09 -3.277668e+08 -1.804947e+11 +1.555923e+13 +5.110370e+14 -7.245165e+15 -3.147864e+20   -2.911298e-08 +1.293896e-04 -5.539455e-04 -3.049069e-02 +4.166845e-01 +2.529721e+00 +3.635295e+03 -1.563027e+05 -3.757794e+08 -2.758681e+08 -7.398421e+10 +4.609303e+12 -1.624326e+15 +1.357520e+17 +1.660961e+19   
S15-227   +1.499962e+02   +1.599755e-07 +5.458122e-05 -2.204673e+00 -3.590057e-02 -3.256815e+00 -2.583307e+01 -7.119480e+03 -1.859876e+05 +1.438425e+09 -8.070424e+08 +1.184965e+11 +9.969046e+12 +3.996245e+14 +8.638432e+16 -3.466528e+20   +1.127177e-07 +1.398121e-04 -9.926231e-04 -3.914595e-02 -1.355373e+00 -9.010708e+00 +2.414080e+03 -3.407496e+05 -3.405470e+08 +1.299708e+08 -1.723474e+10 -3.956882e+12 +2.352676e+14 +1.099808e+17 +3.772736e+18   
S15-228   +1.499972e+02   -1.164979e-07 +4.378185e-05 -2.202657e+00 -1.115116e-01 -8.453711e+00 -4.359432e+01 -1.532793e+04 -2.472063e+05 +1.470165e+09 +5.361523e+08 +1.185297e+11 +8.498005e+12 +5.712511e+14 +1.249655e+16 -3.307277e+20   -1.617042e-09 +1.277559e-04 -6.109361e-04 -2.913660e-02 +2.784349e-01 -1.373093e+01 +8.192513e+02 -3.106135e+05 -2.489172e+08 -8.089758e+08 +7.589828e+10 +4.998488e+12 -6.283184e+14 +1.212272e+17 -2.316011e+19   
S15-229   +1.499973e+02   +1.502915e-07 +5.288670e-05 -2.203466e+00 -6.936958e-02 -3.049987e+00 +3.637716e+00 -4.837238e+03 -2.648116e+05 +1.487925e+09 +6.561214e+08 +1.678122e+11 -2.277308e+12 +1.439333e+13 -5.985319e+16 -3.310561e+20   +3.109286e-08 +9.978826e-05 -1.602425e-04 +4.941771e-02 +1.342870e+00 +1.286788e+01 -5.065164e+03 -6.749661e+05 -3.066819e+08 -5.787088e+08 +1.065229e+10 +1.735715e+13 +7.545342e+14 +1.878586e+17 +1.442126e+19   
S15-230   +1.499964e+02   +2.559229e-08 +4.685750e-05 -2.203618e+00 -7.516660e-02 -2.374102e+00 -2.341804e+01 -6.174306e+03 -1.455556e+05 +1.467411e+09 -4.312591e+08 +6.718701e+10 +9.787588e+12 +7.534814e+13 +1.831611e+16 -3.114266e+20   +1.500803e-07 +1.207019e-04 +2.709003e-04 -3.419589e-02 +7.345216e-01 +4.015500e+01 -3.317470e+03 -3.768417e+05 -2.854753e+08 +1.966083e+09 -6.672233e+10 -3.844855e+12 -5.918425e+14 +1.987478e+17 +2.147385e+19   
S15-231   +1.499963e+02   +1.806251e-07 +3.517716e-05 -2.203225e+00 -1.516257e-02 -3.080031e+00 -2.836970e+01 -1.099221e+04 -3.390592e+05 +1.366052e+09 +3.388624e+08 -1.700253e+11 +6.992179e+12 -5.528872e+14 +8.430101e+16 -3.518759e+20   +3.059141e-08 +1.360935e-04 +6.072335e-04 +1.911681e-02 -4.074541e-01 +8.626273e+01 +5.581428e+02 -1.733200e+05 -6.186590e+08 +2.015560e+09 -4.379928e+10 -1.543121e+13 +1.526620e+14 +9.593597e+16 +4.378462e+18   
S15-232   +1.499985e+02   +1.322659e-07 +4.746553e-05 -2.203171e+00 -4.926585e-02 -3.962272e-01 -4.006191e+01 -2.526711e+03 +1.301716e+05 +1.474153e+09 -2.904614e+09 -1.862363e+11 -1.279058e+13 +4.006415e+14 +1.963455e+16 -3.301876e+20   +2.344034e-09 +1.240486e-04 +8.987510e-05 -1.284994e-02 -5.673990e-01 -9.185172e-01 +9.576609e+02 -4.661645e+05 -3.189237e+08 +3.980956e+08 +1.141927e+10 +3.057780e+12 -1.295434e+14 +1.192225e+17 +2.311572e+19   
S15-234   +1.499965e+02   +2.474858e-07 +6.950396e-05 -2.201109e+00 -2.791509e-03 -2.489735e+00 +1.341756e+02 -1.149319e+04 -4.040842e+05 +1.324616e+09 +4.888787e+08 -1.353319e+11 -3.001229e+12 +1.244955e+13 +1.208596e+17 -3.155322e+20   +1.247557e-07 +1.113526e-04 -4.583100e-04 +4.824782e-02 -7.144560e-01 +3.968174e+00 +2.841250e+03 -1.065288e+06 -5.295724e+08 -2.886004e+09 -5.013922e+09 +1.152414e+13 -1.276784e+15 +2.605882e+17 +2.822036e+19   
S15-236   +1.499972e+02   +3.096949e-07 +5.689756e-05 -2.204590e+00 -1.926048e-02 -2.723496e+00 +5.037710e+00 -9.660087e+03 -3.269385e+05 +1.332050e+09 +9.289600e+08 -1.162976e+10 +8.696476e+12 +5.040689e+14 +1.108886e+17 -3.019515e+20   -1.256623e-07 +1.285459e-04 -8.377050e-04 -1.715109e-02 -4.837273e-01 +1.576437e+01 +1.034546e+03 -3.877432e+05 -2.882516e+08 -6.227602e+08 +7.291376e+10 -5.120869e+12 +1.161898e+13 +7.752138e+16 +3.088180e+19   
S15-237   +1.499960e+02   +2.680783e-07 +4.941187e-05 -2.201466e+00 -3.883907e-02 +4.559593e-02 +1.509134e+02 -5.270457e+03 -2.437718e+05 +1.503966e+09 +1.154886e+09 +6.030393e+10 -1.252419e+13 +7.722873e+14 -9.948645e+16 -3.193211e+20   -1.461751e-07 +1.082900e-04 +4.453933e-06 +1.819543e-02 -1.680629e+00 +3.826479e+00 +6.130872e+03 -5.701616e+05 -2.707956e+08 +1.878996e+09 +6.896464e+09 -3.948199e+12 +2.023087e+14 +1.410194e+17 -1.226495e+19   
S15-238   +1.499974e+02   -5.102021e-09 +6.918240e-05 -2.204926e+00 -2.062416e-02 -3.583687e+00 -4.163486e+01 -8.279384e+03 -4.280280e+04 +1.498784e+09 -7.329547e+08 -5.668475e+09 +4.732532e+12 +8.139008e+14 +3.122510e+16 -3.282423e+20   -2.182134e-08 +1.395388e-04 -3.442554e-04 -3.130590e-02 -2.083627e+00 +1.759340e+01 +3.552294e+03 -3.773531e+05 -2.508713e+08 -1.061342e+09 +1.092309e+11 -3.007780e+12 -8.526614e+13 +1.260868e+17 +1.104788e+18   
S15-239   +1.499964e+02   +2.138063e-07 +9.012496e-05 -2.204248e+00 -2.567810e-02 -2.240948e+00 -4.150084e+01 -7.688711e+03 -1.005009e+05 +1.501637e+09 -2.492862e+09 -6.541118e+10 +1.448655e+13 -8.986029e+13 +5.148489e+16 -3.250537e+20   +1.080565e-07 +1.017012e-04 -6.580967e-05 +1.530027e-02 +1.563895e+00 +9.725093e+00 -1.957686e+03 -5.691425e+05 -3.233362e+08 -1.377986e+09 +8.863533e+10 +5.400576e+12 -3.423117e+14 +1.282366e+17 +4.337545e+18   
S15-240   +1.499976e+02   +1.976367e-07 +9.767316e-05 -2.206056e+00 -1.665661e-02 -1.555745e+00 -1.045701e+02 -5.632483e+03 -3.322979e+05 +1.327410e+09 +6.857256e+08 -6.535815e+10 +9.449818e+12 -3.361492e+13 +9.968986e+16 -2.976510e+20   +5.977622e-08 +1.300714e-04 -6.568852e-06 -4.460869e-02 -5.796884e-01 +1.048754e+01 +1.904479e+03 -1.949026e+05 -2.957859e+08 -7.951561e+06 +1.175331e+11 -6.512636e+12 -3.787685e+14 +8.198438e+16 +3.309612e+19   
S15-242   +1.499972e+02   +1.244015e-07 +5.877101e-05 -2.202614e+00 -1.765745e-02 -2.346332e+00 +1.523235e+02 -7.337404e+03 +1.453499e+05 +1.504112e+09 -8.362109e+08 -3.938448e+10 +6.192892e+12 +2.953518e+12 +3.268554e+16 -3.266684e+20   +1.289164e-08 +1.156726e-04 +1.603251e-04 -2.284453e-03 -6.702985e-01 +4.611071e+01 +3.253317e+03 -3.910086e+05 -1.474738e+08 +7.473320e+08 +8.606527e+10 -8.574753e+12 -1.120850e+15 +9.687714e+16 -8.817738e+18   
S15-244   +1.499969e+02   +1.009099e-07 +7.012265e-05 -2.203703e+00 -3.801855e-02 -3.229645e+00 +1.675983e+02 -9.087121e+03 -1.653268e+05 +1.531493e+09 -3.975259e+09 -2.216918e+10 -1.111844e+13 +7.009245e+14 +1.239791e+17 -3.418675e+20   +1.032265e-08 +1.201870e-04 +2.482133e-04 -2.301208e-02 +2.646742e+00 -8.354639e+00 -9.219364e+03 -3.915230e+05 -3.239002e+08 +1.938966e+08 +7.400360e+09 +2.360827e+12 +1.252701e+15 +1.127279e+17 +7.483328e+18   
S15-245   +1.499969e+02   +1.318341e-07 +4.769364e-05 -2.202530e+00 -6.373708e-02 -1.816200e+00 +5.852696e+01 -5.594236e+03 -1.899785e+05 +1.511039e+09 -1.756784e+08 -5.059031e+10 -5.178271e+12 +4.089270e+14 +3.945470e+16 -3.303957e+20   -1.447211e-07 +1.055218e-04 -5.772247e-04 +3.280307e-02 +1.164591e+00 +2.181285e+01 +5.594964e+01 -3.468078e+05 -1.828780e+08 +6.242686e+08 +2.040448e+10 -3.443410e+12 -4.386786e+14 +1.319734e+17 -3.665650e+18   
S15-246   +1.499965e+02   +1.829928e-07 +5.862141e-05 -2.206877e+00 -3.119738e-02 -4.186180e+00 +9.013037e+01 -1.091527e+04 -1.379752e+05 +1.487951e+09 +1.885583e+08 +1.022665e+10 +2.694092e+11 +6.505532e+14 +6.082165e+16 -3.311949e+20   -1.136819e-07 +8.994323e-05 -1.074161e-03 +7.733094e-02 +8.892201e-02 +1.670168e+01 +2.955836e+03 -4.267660e+05 -2.544940e+07 -9.956199e+08 +3.811662e+10 -2.418705e+11 -8.098636e+14 +1.257001e+17 -2.322222e+18   
S15-248   +1.499973e+02   +2.602535e-08 +8.907340e-05 -2.206772e+00 +6.232014e-02 -1.910522e+00 -6.265601e+01 -4.335881e+03 -2.295450e+05 +1.327223e+09 +6.340879e+08 -8.684890e+10 +6.185565e+12 +1.021940e+14 +9.041443e+16 -2.927547e+20   -1.264699e-07 +1.295121e-04 -2.888209e-04 -3.495200e-02 +2.895031e+00 -3.800917e+01 -2.988865e+03 -2.205124e+05 -3.254763e+08 +6.449109e+08 -5.600173e+10 +1.474697e+13 -1.199723e+14 +6.627697e+16 +3.796592e+19   
S15-249   +1.499960e+02   +1.447514e-07 +6.090062e-05 -2.203948e+00 -4.531932e-02 -2.411212e+00 -9.099476e+01 -4.944257e+03 -4.715280e+05 +1.500846e+09 +9.273514e+08 -3.513306e+10 -1.282939e+12 -3.479601e+14 +2.770147e+16 -3.444187e+20   +1.311922e-07 +1.234584e-04 +4.376702e-04 +4.168314e-02 -3.272418e+00 +5.940297e+00 +7.402911e+03 -4.622208e+05 -3.581127e+08 -2.997698e+09 +1.444716e+11 -2.316456e+12 -1.212000e+15 +1.520294e+17 +1.213928e+18   
S15-251   +1.499969e+02   +1.718748e-07 +4.300178e-05 -2.202446e+00 -1.111242e-01 -9.836063e-01 +5.787134e+01 -3.790703e+03 -6.763266e+05 +1.392911e+09 +1.088218e+09 -7.044332e+10 +9.176656e+12 +1.106892e+14 +1.373057e+17 -3.076991e+20   +7.026172e-08 +1.164791e-04 +9.479403e-06 -1.486877e-02 -1.539726e+00 +6.894956e+00 +4.286797e+03 -4.816366e+05 -4.182440e+08 +3.773227e+09 -2.926533e+10 +1.213206e+12 -9.355453e+14 +1.848562e+17 -1.613210e+19   
S15-253   +1.499966e+02   +1.042938e-07 +7.720535e-05 -2.202971e+00 -1.951991e-02 -1.728313e+00 -1.159661e+00 -9.167508e+03 -1.236900e+05 +1.474863e+09 +1.539300e+07 +1.712098e+11 -6.084843e+11 +5.498738e+14 +1.233247e+16 -3.308995e+20   +1.092143e-07 +1.153874e-04 -1.191314e-04 -6.844495e-02 +1.236615e+00 +1.383065e+01 -9.335192e+02 -9.344592e+04 -3.800674e+08 +1.183056e+09 +2.606062e+11 +7.513364e+11 +7.111708e+13 +1.362892e+17 +1.591234e+18   
S15-256   +1.499976e+02   -2.690556e-09 +5.020050e-05 -2.209231e+00 +2.328245e-03 -3.666356e+00 +2.629098e+01 -8.852202e+03 -1.506191e+05 +1.336199e+09 +2.389812e+08 +6.782942e+10 -4.986257e+12 +9.255821e+14 +8.894422e+16 -2.990626e+20   -1.733922e-07 +1.286108e-04 -3.937168e-04 -3.413559e-03 +2.175989e-01 +1.559573e+01 +9.731476e+02 -4.327431e+05 -3.404994e+08 +2.442804e+08 -6.841843e+10 +9.252221e+11 -1.652252e+14 +8.789881e+16 +4.805031e+19   
S15-257   +1.499967e+02   +1.021220e-07 +7.574400e-05 -2.201928e+00 -3.226020e-02 -6.465620e+00 -1.950655e+02 -1.450315e+04 -2.097446e+05 +1.531582e+09 -8.421965e+08 +5.411698e+10 -7.328035e+12 +5.094150e+14 +1.026905e+17 -3.389434e+20   +1.928135e-07 +1.007355e-04 -5.616534e-04 +3.896090e-02 +1.927088e+00 +7.018848e+00 -4.784695e+03 +1.372535e+05 -3.069297e+08 +9.241390e+08 -2.347596e+10 -1.319045e+12 -1.779507e+14 +4.736392e+16 -5.504509e+18   
S15-258   +1.499968e+02   -5.463252e-08 +5.357111e-05 -2.203233e+00 -3.198872e-02 -5.406662e+00 +1.507297e+02 -3.950181e+03 -1.585349e+05 +1.463351e+09 +4.819735e+08 +2.995964e+11 -1.588909e+13 +1.797284e+14 +4.224970e+16 -3.183660e+20   -1.515464e-07 +1.187771e-04 -1.132247e-04 -5.171162e-02 +3.339895e+00 +4.167046e-02 -4.343585e+03 +2.500934e+05 -2.347277e+08 +1.339619e+08 -5.405059e+10 +6.961762e+11 -9.116488e+14 +4.036301e+16 -3.196412e+18   
S15-261   +1.499971e+02   +1.052102e-07 +5.095658e-05 -2.204723e+00 -3.039831e-02 -1.833699e+00 -2.762347e+00 -3.075579e+03 -2.379071e+05 +1.425514e+09 -1.626087e+09 -5.577743e+10 +3.764358e+11 -2.013731e+14 +5.360760e+16 -3.221743e+20   -4.379805e-08 +1.547431e-04 +4.512718e-04 -6.331116e-02 +2.431574e+00 +5.746918e+00 -5.795593e+03 -5.313174e+05 -1.538080e+08 +1.593795e+09 +6.112776e+10 -1.853630e+12 -1.892774e+14 +1.602858e+17 +7.790371e+18   
S15-263   +1.499970e+02   +2.273481e-07 +4.389030e-05 -2.205990e+00 -5.008812e-02 -1.123422e+00 +2.464872e+02 -3.902170e+03 +3.047190e+04 +1.428021e+09 +2.426636e+08 -2.079405e+10 +2.367455e+11 +3.810874e+14 +1.614304e+16 -3.210831e+20   -1.312695e-07 +1.255607e-04 +4.987371e-04 -2.015240e-02 +2.178717e+00 -2.026085e+00 +1.684481e+03 -3.705239e+05 -1.591497e+08 +2.759197e+08 +4.957513e+10 +5.398685e+12 -9.168243e+14 +1.489203e+17 +7.175970e+18   
S15-267   +1.499980e+02   +4.268802e-08 +6.305097e-05 -2.202873e+00 -4.089259e-02 -4.534910e+00 -2.475634e+01 -1.137101e+04 -1.659590e+05 +1.482646e+09 +2.287819e+08 +6.434606e+10 +5.468529e+12 +8.484726e+14 +4.480580e+16 -3.317400e+20   -6.666053e-08 +1.237068e-04 +5.395327e-05 -7.080294e-02 +3.279550e-01 -7.030027e+00 +4.012311e+03 -1.219918e+05 -2.427486e+08 +1.361295e+09 +5.506314e+10 +2.168630e+12 -8.311657e+14 +1.671661e+17 +1.127833e+19   
S15-271   +1.499977e+02   +1.961551e-07 +6.039987e-05 -2.201147e+00 -1.490018e-02 -6.800384e-02 +1.833623e+01 -7.036488e+03 -3.830597e+05 +1.450165e+09 +9.380717e+08 -2.600607e+10 +2.647365e+12 +8.465950e+14 +1.262343e+17 -3.362940e+20   -1.074199e-07 +9.136947e-05 -9.046692e-04 +6.310984e-02 +4.495623e+00 +2.818230e+01 -3.233240e+03 -2.756161e+05 -3.362112e+08 -1.370070e+09 -1.272538e+10 -7.202784e+12 -3.795936e+14 +1.108442e+17 -1.480427e+19   
S15-272   +1.499954e+02   +2.957907e-07 +4.726386e-05 -2.203168e+00 -6.787315e-02 -3.610141e+00 -3.364706e+00 -1.442605e+04 -2.874877e+05 +1.485382e+09 +1.711114e+09 +3.404316e+10 +1.829863e+13 +9.379994e+14 +4.449385e+16 -3.408577e+20   +1.045521e-07 +1.202713e-04 -3.127555e-04 -5.352143e-02 -3.982661e+00 +1.812589e+01 +9.265024e+03 -2.120618e+05 -3.383552e+08 +1.238015e+08 +6.121056e+10 +5.936479e+11 -4.777975e+14 +1.610431e+17 +1.020900e+19   
S15-274   +1.499967e+02   +2.021266e-07 +5.675262e-05 -2.203119e+00 -5.653081e-02 -5.043154e+00 -1.563442e+02 -1.702509e+04 -3.914635e+05 +1.492989e+09 +1.211798e+09 -8.377544e+10 -1.847908e+12 +6.791429e+14 +3.188765e+16 -3.355019e+20   +1.428935e-07 +8.723872e-05 -9.493449e-05 +9.502076e-02 +1.347416e+00 +5.750741e+01 -5.784805e+02 -6.382825e+05 -2.827824e+08 -3.023612e+09 +6.733621e+10 -5.252597e+12 -2.067014e+14 +1.316920e+17 -2.692285e+17   
S15-275   +1.499975e+02   +4.997029e-07 +6.225850e-05 -2.201212e+00 -5.281943e-02 -5.126822e-01 -1.835749e+02 -1.152051e+04 +4.777496e+04 +1.446376e+09 -3.622057e+08 -4.848556e+10 -2.117963e+12 +1.609846e+15 -6.444856e+16 -3.391333e+20   +1.275366e-07 +9.625947e-05 -1.087581e-03 -1.140312e-02 -1.713485e+00 +5.562936e+01 +2.248385e+03 -3.549234e+05 -3.665906e+08 +1.333926e+09 +1.699215e+11 -2.685157e+11 +6.749639e+13 +1.501008e+17 -2.650901e+18   
S15-276   +1.499978e+02   -1.499586e-07 +2.257490e-05 -2.209206e+00 -8.363249e-02 -6.861307e+00 +1.174885e+02 -8.781035e+03 -1.669447e+05 +1.485140e+09 -1.323639e+09 +1.037331e+11 +4.831132e+12 +6.407565e+14 -3.044503e+16 -3.323979e+20   -4.141293e-08 +8.182887e-05 -7.478996e-04 +1.318396e-02 -3.993341e-01 +1.857944e+01 +3.946494e+03 -3.700500e+05 -2.712196e+08 -2.922528e+08 +1.073216e+11 -4.298676e+12 -1.252952e+15 +9.725556e+16 -7.477790e+18   
S15-277   +1.499967e+02   +1.608399e-07 +4.436092e-05 -2.205579e+00 +1.311319e-02 -7.691836e-01 -8.039170e+01 -4.717790e+03 -1.011214e+05 +1.374068e+09 -3.373972e+08 -1.149217e+11 -6.393813e+11 +7.929754e+14 +6.138418e+16 -3.152549e+20   -3.366674e-08 +1.084850e-04 -5.435301e-04 -4.508866e-02 -2.960158e+00 +5.338587e+00 +5.306887e+03 -3.444899e+05 -1.926322e+08 +1.461031e+08 +1.413029e+11 +1.963801e+12 -1.224854e+14 +1.307359e+17 +2.321708e+19   
S15-278   +1.499966e+02   +4.918969e-09 +5.388363e-05 -2.206111e+00 -7.045180e-02 -4.319707e+00 +1.126270e+02 -5.832985e+03 -3.164726e+05 +1.485816e+09 +3.879775e+08 +1.195652e+11 -2.216680e+12 -4.320853e+13 +5.493849e+16 -3.377729e+20   -2.068765e-07 +8.665716e-05 -9.867944e-05 +1.094269e-02 +4.484141e+00 +4.972355e+00 -2.313203e+03 -1.025717e+05 -2.649447e+08 -4.390638e+08 +1.464000e+10 -6.168980e+12 -2.918127e+14 +7.456536e+16 +4.461340e+17   
S15-281   +1.499976e+02   +9.714669e-08 +1.603260e-05 -2.204181e+00 -1.006743e-01 +5.485793e-01 +3.189977e+01 -2.191441e+02 -2.601724e+04 +1.484228e+09 +1.072820e+09 +3.199991e+10 +5.013444e+12 +1.667180e+14 +1.929773e+16 -3.436320e+20   -1.906601e-07 +1.242625e-04 +1.486540e-05 -3.712637e-02 +1.867138e+00 +5.619532e+01 -3.355335e+03 -3.161099e+04 -3.081725e+08 +1.200582e+09 +1.101404e+10 -8.974070e+12 -2.861364e+14 +1.196544e+17 -2.863615e+19   
