# multipoles are divided by excitation current and units are [T], [m] and [A]
# harmonics (dipole n=0): 00 01 02 03 04 05 06 07 08 09 10 11 12 13 14 
# MAG_LABEL   CURRENT[A]   <NORMAL_MULTIPOLES/CURRENT>[T/m^(n-1)/A]   <SKEW_MULTIPOLES/CURRENT>[T/m^(n-1)/A]
S15-004   +1.299953e+02   +4.245524e-07 +8.078907e-05 -2.231666e+00 -1.554268e-02 -2.786842e-01 -1.101327e+02 -7.014442e+03 +1.128258e+05 +1.247654e+09 +1.006606e+09 -6.489506e+10 +1.332110e+13 +4.764412e+14 -6.851692e+15 -2.913959e+20   -4.901421e-08 +1.392697e-04 +6.480613e-04 -2.805337e-02 -1.808425e+00 +3.158930e+01 +5.771339e+03 -5.263842e+05 -4.328577e+08 +2.668723e+09 -1.996941e+10 -1.732856e+12 -5.604845e+14 +1.513273e+17 +6.766578e+19   
S15-006   +1.299958e+02   +1.330961e-07 +8.368824e-05 -2.236099e+00 -3.097307e-02 -7.521688e+00 +2.167179e+01 -1.823038e+04 -2.912593e+05 +1.267650e+09 +2.984059e+08 -4.502318e+09 +4.314562e+12 +1.218132e+15 +1.332946e+17 -2.959016e+20   -9.573525e-09 +1.010554e-04 +1.596555e-03 -4.667764e-02 -7.988450e-02 +3.683534e+00 -9.865457e+02 -1.819950e+05 -3.898111e+08 +1.965608e+09 -6.054496e+10 -6.660454e+12 -6.181419e+12 +8.845470e+16 +6.302071e+19   
S15-008   +1.299962e+02   -5.340173e-08 +5.008929e-05 -2.233044e+00 -6.960550e-03 -7.536750e+00 +4.727781e+01 -1.844295e+04 +1.773101e+05 +1.310445e+09 -2.410545e+08 +9.944783e+10 +9.699222e+11 +1.131151e+15 +1.255221e+16 -3.160413e+20   +2.345592e-07 +1.037641e-04 +4.535709e-04 +1.370244e-03 -8.611144e+00 +1.998477e+01 +1.329700e+04 -2.570689e+05 -1.715499e+08 -1.191684e+09 +1.083683e+11 +2.408467e+12 -4.751498e+14 +8.928669e+16 +1.812358e+19   
S15-009   +1.299960e+02   +1.887225e-07 +8.931344e-05 -2.234179e+00 -1.963353e-02 -6.257817e+00 -3.891681e+01 -1.468857e+04 -1.290921e+05 +1.305038e+09 +1.002755e+09 -1.065955e+10 +1.303805e+12 +6.028318e+14 +6.102457e+16 -3.150856e+20   +2.687383e-08 +9.826418e-05 -6.620869e-04 -1.197421e-02 +2.259707e+00 +3.801996e+01 -6.876495e+03 -2.884936e+05 -1.854952e+08 +4.958943e+08 +8.431444e+10 -4.760983e+12 +2.862632e+14 +3.656287e+16 +2.606647e+19   
S15-010   +1.299956e+02   +5.225207e-07 +1.073508e-04 -2.235046e+00 -1.367324e-03 +1.875996e+00 +6.792595e+01 -6.032336e+02 -1.254945e+05 +1.373242e+09 -3.944576e+08 -4.833923e+10 +4.562804e+12 +6.900082e+13 +1.074162e+17 -3.309400e+20   -1.228889e-07 +7.976347e-05 -1.970520e-04 +1.367374e-02 +5.835224e+00 -9.567093e+00 -9.901843e+03 +5.445480e+04 -1.099990e+08 -1.594050e+09 -1.093671e+11 +9.106224e+11 -4.480219e+13 +4.330224e+16 +3.536560e+18   
S15-014   +1.299955e+02   +1.544847e-07 +7.927759e-05 -2.229095e+00 -3.087336e-02 -1.422479e+01 -1.075254e+02 -3.677224e+04 -6.027883e+05 +1.374359e+09 -4.097423e+08 +1.684888e+10 +1.376252e+13 +4.083751e+15 +2.145170e+17 -3.189598e+20   -5.815195e-08 +1.327239e-04 -7.646431e-05 -4.171718e-02 -3.939525e-02 -7.052056e+01 -2.151439e+03 -7.103549e+05 -1.960384e+08 +7.314835e+08 +1.621669e+11 +4.539787e+13 +3.891082e+14 +1.007747e+16 +1.128091e+19   
S15-016   +1.299967e+02   -1.558621e-07 +7.181428e-05 -2.230644e+00 -7.069242e-02 -7.510443e+00 -6.317342e+01 -1.396799e+04 -2.473399e+05 +1.476378e+09 +1.095838e+09 +4.861538e+10 +9.673330e+11 +4.480053e+14 +6.643959e+16 -3.295806e+20   +3.193320e-08 +1.140341e-04 -9.249604e-04 -2.706586e-02 -4.811328e-01 +2.910023e+01 +4.347231e+03 -4.878952e+04 -3.539291e+07 -1.262371e+09 +2.739930e+10 -9.893128e+11 -6.448297e+14 +9.640145e+16 -7.033569e+17   
S15-017   +1.299956e+02   +1.531271e-07 +9.670227e-05 -2.231373e+00 -6.498470e-02 -2.589113e+00 -1.258700e+02 -5.404037e+03 -1.811038e+05 +1.486306e+09 -6.260202e+08 -1.928528e+10 +5.831913e+12 -2.888077e+12 +1.037917e+17 -3.273322e+20   +3.191741e-08 +1.300812e-04 -1.637649e-03 -3.523495e-02 +1.363314e+00 +3.590225e+01 -2.344130e+03 -1.022663e+05 -7.477352e+07 -1.337771e+09 +7.949900e+10 +3.941456e+12 -1.452012e+14 +1.089529e+17 -1.572629e+19   
S15-018   +1.299955e+02   +2.691816e-07 +1.114302e-04 -2.232702e+00 +7.199788e-04 +3.357892e-01 +7.517365e+01 -2.246631e+03 -6.020719e+04 +1.340584e+09 +5.084431e+08 +3.231979e+10 +3.183344e+12 +3.556666e+14 +9.429665e+16 -3.057684e+20   -2.601363e-07 +1.463412e-04 +7.440401e-04 -8.292464e-02 +1.653559e+00 -6.591563e+00 -1.105015e+02 +1.368777e+05 -2.783259e+08 -3.963807e+08 +6.180031e+10 +6.901770e+12 -6.181319e+14 +3.075826e+16 +4.026608e+19   
S15-021   +1.299962e+02   +6.926837e-08 +1.001593e-04 -2.232318e+00 -6.513363e-02 -5.076185e+00 +3.250910e+02 -1.169341e+04 -2.172292e+05 +1.498383e+09 +6.717080e+08 +2.763069e+10 -3.051093e+12 +9.565149e+14 +1.042245e+17 -3.324909e+20   -1.304154e-07 +1.019276e-04 -5.275557e-04 -1.623733e-02 +2.309768e+00 -5.781383e+00 -1.084259e+03 -1.821593e+05 -4.426066e+07 +2.135666e+07 +6.727347e+09 -2.129868e+12 -4.960290e+14 +1.054402e+17 -1.401148e+18   
S15-026   +1.299965e+02   +6.769977e-08 +1.375810e-04 -2.235172e+00 -2.755346e-02 -3.279209e+00 -7.599545e+01 -6.705453e+03 -3.273234e+05 +1.372252e+09 -2.807563e+07 +1.397359e+10 +7.328390e+12 +2.763648e+14 +1.333724e+17 -3.153946e+20   -1.552483e-07 +1.421591e-04 -1.176587e-03 -4.558454e-02 +1.169821e+00 +1.333580e+01 -1.832089e+02 -2.971527e+05 -2.604859e+08 +1.125979e+09 -6.552607e+10 -1.215562e+12 +1.382446e+13 +1.118143e+17 +3.862609e+19   
S15-027   +1.299948e+02   -2.387774e-08 +1.189625e-04 -2.234023e+00 -7.013527e-02 -1.397264e+00 -5.958545e+01 -4.148315e+03 -5.690948e+05 +1.522285e+09 +3.975480e+08 +4.740683e+10 +1.506966e+12 +8.475754e+14 +1.424825e+17 -3.384076e+20   +7.570663e-08 +1.535328e-04 -1.499310e-03 -1.066763e-01 +2.795320e+00 +3.288771e+01 -1.907303e+03 +4.482128e+04 -1.546512e+08 +3.271522e+08 +3.798530e+10 -1.052266e+12 -9.858133e+13 +9.749567e+16 -1.912124e+19   
S15-029   +1.299956e+02   +1.807353e-07 +2.083767e-05 -2.239130e+00 -7.112493e-02 -2.406048e+00 +9.112355e+01 -5.802124e+03 -2.405805e+05 +1.481575e+09 +3.828637e+08 -5.063510e+10 -1.678421e+12 +1.544642e+13 +3.220172e+16 -3.389117e+20   -3.025420e-07 +8.816737e-05 -1.196574e-04 -8.042588e-03 +1.154104e+00 +7.250632e+00 +2.524474e+03 -2.466834e+05 -1.826702e+08 -7.079238e+08 +6.522062e+10 +5.612128e+12 +3.538677e+13 +5.746846e+16 +2.232627e+18   
S15-030   +1.299954e+02   +7.978552e-08 +8.253130e-05 -2.234050e+00 -7.725089e-02 -7.082429e+00 -7.200525e+01 -1.526350e+04 -2.039514e+05 +1.378593e+09 +1.791783e+09 -3.743358e+10 -2.538891e+12 +6.962118e+14 +7.375219e+16 -3.111694e+20   +1.496676e-07 +1.291083e-04 +1.256399e-03 -4.920590e-02 -5.777561e+00 +2.732161e+01 +1.133625e+04 -7.202236e+04 -2.588141e+08 +6.567445e+08 +1.413461e+11 -2.490508e+12 +9.763276e+13 +6.640660e+16 +4.016768e+19   
S15-031   +1.299957e+02   -1.975558e-08 +5.079060e-05 -2.239494e+00 -1.570039e-02 -2.198691e+00 -7.783088e+01 -5.952369e+03 -2.717846e+05 +1.470012e+09 -6.536828e+07 +9.142595e+10 +7.044047e+11 +5.786490e+14 +6.240946e+16 -3.410941e+20   +8.475803e-08 +7.599708e-05 -4.603081e-04 -1.068714e-03 -1.501180e+00 +1.702059e+01 +2.998479e+03 -1.099029e+05 -1.298133e+08 +3.741544e+08 +4.669950e+10 -2.052566e+12 -6.812725e+14 +6.716038e+16 +7.541500e+18   
S15-032   +1.299950e+02   -4.715000e-08 +1.035461e-05 -2.239812e+00 -2.015936e-02 -2.684607e+00 +9.046686e+01 -4.633150e+03 +1.448732e+05 +1.477046e+09 -8.004769e+08 +2.371680e+10 -3.144082e+12 +2.833069e+14 +4.006326e+15 -3.410704e+20   -1.794426e-07 +9.666095e-05 -1.324459e-03 +2.037091e-03 +2.831076e+00 +1.373135e+01 -1.965648e+03 -4.420503e+05 -1.101442e+08 +5.805815e+08 +6.562713e+10 -1.303071e+12 -3.886141e+14 +1.224169e+17 -8.494381e+17   
S15-033   +1.299958e+02   +4.092451e-07 +4.140007e-05 -2.238048e+00 -7.030987e-02 -1.847057e+00 +3.673109e+01 -1.066835e+04 -1.601861e+05 +1.482803e+09 -2.403996e+08 -1.794800e+10 +1.402133e+13 +6.181504e+14 +4.465576e+16 -3.395729e+20   -1.533763e-07 +7.525558e-05 -1.317049e-03 -1.664402e-02 +2.217749e+00 +8.996314e+00 -5.180164e+02 -6.825554e+04 -2.128369e+08 +7.931210e+08 -8.830431e+10 -7.171721e+11 -5.504881e+14 +7.168115e+16 +2.029308e+19   
S15-034   +1.299956e+02   +5.805021e-08 +9.064222e-05 -2.227763e+00 -2.665732e-02 -5.036078e+00 -3.778763e+01 -9.771185e+03 -1.037570e+05 +1.387607e+09 -6.137038e+08 -2.426143e+10 +1.327706e+13 +4.019942e+14 +9.124240e+16 -3.158115e+20   +6.272868e-08 +1.225060e-04 +1.069588e-03 -6.149660e-03 -6.488458e-02 +2.680895e+01 -1.978007e+03 -4.416836e+05 -2.196187e+08 +1.101783e+09 +1.455145e+11 -5.622339e+12 -2.041941e+14 +9.916189e+16 +2.759003e+19   
S15-035   +1.299976e+02   +4.416113e-08 +6.723303e-05 -2.228120e+00 -4.160775e-03 -4.039071e+00 +2.161518e+02 -1.010310e+04 -5.754548e+04 +1.508795e+09 +7.339652e+06 -1.348914e+10 -2.653247e+11 +3.074192e+14 +5.866851e+16 -3.312793e+20   +8.443410e-09 +1.024701e-04 -1.787643e-03 +3.714442e-02 +3.692874e+00 +3.203098e+01 -6.666850e+03 -3.837177e+05 -5.016845e+07 +1.626768e+08 -2.197901e+10 +1.524411e+12 +1.337465e+13 +9.809827e+16 -2.375462e+18   
S15-036   +1.299974e+02   +2.310556e-07 +6.055951e-05 -2.227868e+00 -2.357370e-02 -7.630098e-01 +1.442007e+02 -6.178963e+03 -7.897643e+04 +1.502782e+09 +4.847231e+08 -2.161179e+10 -1.133087e+12 +4.931751e+14 +4.780162e+16 -3.284010e+20   -2.198816e-07 +1.075725e-04 -2.440632e-03 +2.986902e-02 +2.240596e+00 +4.327573e+01 +1.373800e+02 -2.967900e+05 -4.054133e+07 -7.281726e+08 +8.454538e+10 -1.760113e+12 -6.243720e+14 +1.301694e+17 -6.376072e+18   
S15-037   +1.299958e+02   +3.565014e-07 +1.072934e-04 -2.230574e+00 -2.025117e-02 -2.072196e+00 +1.920373e+02 -8.967967e+03 -3.155623e+05 +1.487327e+09 -1.762307e+08 -2.577832e+10 +1.250485e+12 +6.326275e+14 +1.278124e+17 -3.281654e+20   +2.365190e-08 +1.330606e-04 -1.973558e-03 -1.279059e-01 -4.199986e-01 +1.859738e+01 +4.245722e+03 +8.440757e+03 -3.892787e+07 +7.780844e+08 +4.072214e+10 +1.899113e+12 -4.359100e+14 +1.088479e+17 -1.479622e+18   
S15-038   +1.299950e+02   +3.749257e-07 +5.717072e-05 -2.234500e+00 -9.154729e-02 -7.401409e+00 +1.229511e+02 -1.895454e+04 -2.423454e+05 +1.504906e+09 -2.932065e+08 +4.813796e+10 -3.637953e+11 +7.100585e+14 +6.127217e+16 -3.318062e+20   -6.279772e-08 +1.068510e-04 +5.007766e-04 +2.810671e-02 -1.081462e+00 +2.740842e+01 +2.990532e+03 -2.929590e+05 -6.418792e+07 -8.145552e+08 +7.050135e+10 +1.138858e+12 -5.947313e+14 +1.374757e+17 -8.391854e+16   
S15-040   +1.299962e+02   +1.505469e-07 +1.447918e-04 -2.238494e+00 +4.012733e-02 -1.006237e+01 +6.293958e+01 -1.834869e+04 -1.557943e+05 +1.480079e+09 -4.972254e+08 +1.183221e+11 +1.054442e+12 +1.025278e+15 +1.272572e+17 -3.334834e+20   -1.774073e-07 +7.053665e-05 -1.233765e-03 +7.789651e-02 +4.770849e+00 +1.135322e+01 -6.548786e+03 -4.791530e+05 -4.952182e+07 -9.481785e+07 -1.897169e+10 -4.064106e+12 -3.696434e+14 +1.222879e+17 -3.139779e+18   
S15-041   +1.299954e+02   -2.999760e-07 +6.389805e-05 -2.236981e+00 -4.327615e-02 -7.285723e+00 +2.477845e+02 -1.193647e+04 -2.189708e+05 +1.475857e+09 +5.903072e+07 +6.309080e+10 -8.382520e+12 +9.957737e+13 +1.133759e+17 -3.293023e+20   +5.995745e-08 +1.212484e-04 -3.840838e-04 -4.616507e-03 -3.637817e+00 +3.112501e+01 +1.036194e+04 -4.269469e+05 -1.130787e+08 -3.693159e+08 +8.231130e+09 -8.593535e+12 -3.965753e+14 +1.529566e+17 +3.815740e+18   
S15-043   +1.299959e+02   +3.394616e-07 +1.118579e-04 -2.236746e+00 -5.824042e-03 -3.259870e+00 +9.838033e+01 -1.194597e+04 -1.103336e+05 +1.480412e+09 +7.647533e+08 -4.290031e+09 -9.540216e+10 +6.982663e+14 +7.055471e+16 -3.331784e+20   -1.920966e-08 +1.097498e-04 -6.482614e-04 -1.710555e-02 -2.058751e+00 +5.369725e+01 +6.945778e+03 -3.487629e+04 -4.877937e+07 +8.003114e+08 +7.737975e+10 -2.477724e+12 -6.899106e+14 +1.337609e+17 -3.010190e+18   
S15-044   +1.299957e+02   +2.316045e-07 +7.137425e-05 -2.239536e+00 -5.888865e-03 -1.417248e+00 +5.631463e+02 -6.947207e+03 -8.177617e+04 +1.488027e+09 -2.956544e+08 -2.595254e+10 -6.155435e+12 +3.194270e+14 +4.353117e+16 -3.315857e+20   -1.003622e-07 +1.083119e-04 -8.621039e-04 -3.151477e-02 +1.498481e+00 +7.564196e+01 -2.020952e+02 -9.237675e+04 -5.245111e+07 +4.480141e+08 +2.866019e+10 +2.569973e+12 -1.228788e+14 +7.963163e+16 -5.395618e+17   
S15-045   +1.299947e+02   +9.056677e-08 +8.126408e-05 -2.235127e+00 -2.898650e-02 -8.657353e+00 -1.288511e+01 -1.912350e+04 -9.228561e+04 +1.481317e+09 -1.481895e+09 +1.233866e+11 +4.249769e+11 +9.323188e+14 +7.022966e+16 -3.294058e+20   -3.812899e-09 +1.576494e-04 -7.596590e-04 -1.571938e-01 -1.921848e+00 -2.327778e+00 +5.570960e+03 -2.148529e+04 -9.023276e+07 +2.325373e+09 +7.791071e+10 +6.545878e+11 -5.436505e+14 +8.733971e+16 +7.299038e+18   
S15-046   +1.299959e+02   +5.197136e-08 +1.141768e-04 -2.229956e+00 -1.630097e-02 -2.485100e+00 +1.961106e+02 -6.330974e+03 -3.460153e+05 +1.475608e+09 -1.037273e+09 -1.198499e+11 -2.956944e+12 +2.208700e+14 +1.037810e+17 -3.354957e+20   -4.765904e-09 +1.247854e-04 -5.401314e-04 +8.145849e-03 -3.467761e+00 +1.348308e+00 +8.768230e+03 -7.382122e+05 -2.383993e+08 -7.753891e+08 +8.990707e+10 +3.592691e+12 -6.339551e+14 +1.816339e+17 +9.484030e+18   
S15-047   +1.299958e+02   -5.024047e-08 +1.035480e-04 -2.231779e+00 -4.982079e-02 -5.522273e+00 +2.738875e+01 -1.173539e+04 -3.286246e+05 +1.463525e+09 -8.436349e+08 -1.523322e+09 +8.078276e+11 +7.162302e+14 +9.983861e+16 -3.316278e+20   -1.356308e-08 +1.236375e-04 -1.052446e-03 -1.151630e-02 +1.660761e+00 +1.499782e+01 -3.489232e+03 -4.299459e+05 -2.431375e+08 -2.274812e+08 +3.321253e+10 -6.782805e+11 +4.836971e+14 +1.594835e+17 +1.777983e+19   
S15-048   +1.299952e+02   +2.241957e-07 +1.338249e-04 -2.230577e+00 -2.112406e-02 -2.103791e+00 -1.156790e+02 -7.573909e+03 -2.857569e+05 +1.469338e+09 -4.565902e+08 -4.724972e+10 +1.159412e+12 +7.282817e+14 +1.231239e+17 -3.291772e+20   +1.848149e-07 +1.336073e-04 -3.093970e-04 -4.160787e-02 +1.576333e-01 +2.141198e+01 -2.240291e+03 -1.873915e+05 -7.970879e+07 +1.259096e+09 +6.552477e+10 -2.041962e+12 -1.869835e+14 +1.434574e+17 +8.681913e+18   
S15-050   +1.299981e+02   -4.056413e-09 +1.053427e-04 -2.234603e+00 -2.385213e-02 -5.381520e+00 +1.949094e+02 -1.001797e+04 -2.553738e+05 +1.470387e+09 -1.243229e+08 +3.346842e+10 +8.921977e+11 +4.129635e+14 +1.180442e+17 -3.300167e+20   -2.811131e-08 +1.134657e-04 -2.091591e-03 +5.125024e-03 +3.735781e-01 +7.388902e+00 +1.717148e+03 -2.417008e+05 -4.715260e+07 -5.145311e+08 +2.787049e+10 +7.459896e+11 -2.569084e+14 +1.214945e+17 -6.553637e+18   
S15-051   +1.299961e+02   +1.863534e-08 +9.685452e-05 -2.228786e+00 -3.650620e-02 -6.538886e+00 +6.321746e+01 -1.533620e+04 -2.202998e+05 +1.477537e+09 -1.271541e+09 -2.647589e+10 +2.920124e+12 +1.270783e+15 +2.823269e+16 -3.377831e+20   -1.268337e-08 +1.253470e-04 -8.879736e-04 -3.558236e-02 +2.070767e-01 +2.604887e+01 +9.251939e+02 -3.478601e+05 -2.398735e+08 +2.486993e+08 -4.420717e+10 -2.175998e+12 +1.799926e+13 +1.729228e+17 +1.927062e+19   
S15-052   +1.299958e+02   +1.097250e-07 +1.145685e-04 -2.229041e+00 -8.270621e-02 -8.445042e+00 +1.727511e+02 -1.782921e+04 -5.831253e+05 +1.362528e+09 +4.356871e+08 -3.754171e+09 -5.624756e+12 +6.277706e+14 +1.949475e+17 -3.055426e+20   +1.798146e-07 +1.368208e-04 -3.306608e-04 -6.922924e-02 +5.056280e-01 +5.721040e+00 -5.166963e+03 -1.766185e+05 -2.906912e+08 +8.942089e+08 +2.488430e+11 +6.022347e+11 +1.068210e+15 +9.343556e+16 +3.903265e+19   
S15-053   +1.299958e+02   -5.419992e-08 +9.687944e-05 -2.229737e+00 -2.226087e-02 -1.104150e+01 +2.168116e+02 -2.135699e+04 -1.962494e+05 +1.478176e+09 +4.704000e+08 +1.211201e+11 +1.202150e+12 +7.772959e+14 +9.271807e+16 -3.291036e+20   +2.272243e-08 +1.225913e-04 -4.709929e-04 -5.890563e-02 -3.044022e+00 +2.203832e+00 +8.151286e+03 -3.408496e+04 -7.449080e+07 -1.004698e+08 +1.135471e+11 +7.909456e+10 -5.478866e+14 +1.014728e+17 -8.596609e+17   
S15-054   +1.299957e+02   +3.272902e-07 +6.949580e-05 -2.229468e+00 -4.240746e-03 -4.934683e+00 -9.791132e+01 -1.312176e+04 -1.424010e+05 +1.475831e+09 -1.048867e+07 -1.845143e+10 +8.633193e+12 +2.843946e+14 +6.523083e+16 -3.298679e+20   +1.662722e-07 +9.842741e-05 -2.697402e-04 -2.150487e-02 -2.002062e+00 +2.617237e+01 +3.721207e+03 -1.799310e+05 -5.779974e+07 +3.450452e+07 +1.125999e+11 +4.939905e+11 -4.662821e+14 +9.400542e+16 -8.888440e+17   
S15-055   +1.299948e+02   +9.323096e-08 +9.526196e-05 -2.235022e+00 +5.412907e-02 -1.436071e+00 -1.093788e+02 -3.252054e+03 +1.210090e+04 +1.473148e+09 -1.108502e+09 +2.069180e+10 +4.804920e+12 +3.920785e+14 +7.467209e+16 -3.326385e+20   +2.256079e-07 +1.040792e-04 -1.470327e-03 +3.026650e-02 -2.956807e+00 +2.736553e+01 +4.303194e+03 -2.631752e+05 -5.388341e+07 -3.223545e+08 +8.798483e+10 -3.177899e+12 -4.649867e+14 +1.317573e+17 -3.298390e+18   
S15-056   +1.299960e+02   +5.059780e-07 +1.157969e-04 -2.231969e+00 -7.408351e-03 +1.354617e+00 +6.378015e+01 -6.154577e+03 -2.610958e+05 +1.502214e+09 -1.812256e+09 -6.317181e+09 -1.167031e+13 +8.464991e+14 +1.754060e+17 -3.523603e+20   -5.267974e-08 +1.290472e-04 +2.272818e-04 -1.253862e-01 -1.041884e+00 +2.477182e+01 +3.687330e+03 +1.182007e+05 -3.173385e+08 +1.235563e+09 -1.270857e+11 +3.936773e+12 -6.866369e+14 +3.079463e+16 +2.383819e+19   
S15-057   +1.299962e+02   +1.549205e-07 +6.376012e-05 -2.230971e+00 -8.982486e-02 -6.507363e+00 +1.645499e+02 -1.640961e+04 -4.169623e+05 +1.446915e+09 -2.563203e+09 +7.867530e+10 +1.512051e+12 +5.592737e+14 +8.929338e+16 -3.335873e+20   +4.183759e-08 +1.031799e-04 +1.400161e-04 -7.591859e-03 -1.390318e+00 +1.117025e+01 +5.141446e+03 -2.853158e+05 -4.528619e+08 +5.610334e+08 +2.733142e+10 +6.749630e+12 -1.169099e+15 +3.175634e+16 +1.767817e+19   
S15-058   +1.299961e+02   +2.077412e-07 +7.867221e-05 -2.230374e+00 -3.653553e-02 -3.112119e+00 +3.591675e+02 -1.070131e+04 +2.294713e+05 +1.485987e+09 -1.345633e+09 -3.936436e+10 -1.343664e+13 +1.189145e+15 -4.305837e+16 -3.452709e+20   -1.648452e-07 +1.028255e-04 -1.511695e-03 -3.689101e-02 +6.279729e+00 +9.081434e+00 -9.909474e+03 -7.846489e+04 -2.924332e+08 +1.555295e+09 -4.007887e+10 +9.971230e+11 -8.260425e+14 +7.644052e+16 +2.026118e+19   
S15-059   +1.299955e+02   +1.670816e-07 +1.093989e-04 -2.228687e+00 +3.174615e-03 -8.750418e+00 +1.684380e+02 -2.228992e+04 -1.101630e+05 +1.450026e+09 +1.931832e+09 -4.588031e+10 +1.353686e+12 +1.930475e+15 +6.156262e+16 -3.377845e+20   +3.359756e-07 +8.579289e-05 +1.679032e-04 +6.591271e-03 -2.490818e+00 +5.072216e+01 +8.491532e+02 +6.910230e+04 -3.709771e+08 +3.339515e+09 +4.006359e+10 -1.547496e+13 -2.790731e+14 -2.375429e+16 +3.154280e+19   
S15-060   +1.299972e+02   +1.759629e-07 +8.355288e-05 -2.225599e+00 +3.544488e-03 -8.508837e+00 -8.763473e+01 -2.075923e+04 +5.685117e+03 +1.478546e+09 -4.646892e+08 +1.727303e+10 +4.338317e+12 +7.104451e+14 +6.251575e+16 -3.297279e+20   -7.646012e-09 +1.183509e-04 +4.256509e-04 -7.371920e-02 -2.344958e+00 +1.099444e+01 +7.862015e+03 -3.197840e+04 -6.934624e+07 +9.161851e+08 +1.164390e+11 +8.857545e+11 -1.027275e+15 +9.030194e+16 +3.587963e+18   
S15-061   +1.299972e+02   -1.114415e-07 +9.348232e-05 -2.227048e+00 +1.071242e-02 -1.064308e+01 +8.501137e+01 -1.947471e+04 -3.446659e+04 +1.467989e+09 -1.201384e+09 +5.271997e+10 +2.948017e+12 +5.164627e+14 +6.043230e+16 -3.262639e+20   +1.300084e-07 +8.954231e-05 -4.572448e-04 +8.759189e-03 -4.922944e+00 +4.227487e+00 +9.685878e+03 -3.155769e+05 -7.092323e+07 +1.602903e+08 +6.319575e+10 -2.940486e+12 -5.815723e+14 +1.169998e+17 +1.263715e+18   
S15-062   +1.299962e+02   -1.311274e-07 +8.810442e-05 -2.230812e+00 -1.272245e-02 -9.441576e+00 -2.219050e+01 -1.658280e+04 -1.873657e+05 +1.477512e+09 -2.694563e+08 +1.019630e+11 -1.438064e+11 +7.217898e+14 +8.076159e+16 -3.269196e+20   -3.289262e-07 +1.068169e-04 -1.087751e-04 -2.606653e-03 -1.021440e+00 +3.269381e+01 +1.181100e+04 -3.299583e+05 -9.596073e+07 -5.386337e+08 -1.464951e+10 +1.025078e+12 -7.740711e+14 +8.414838e+16 +4.289845e+18   
S15-070   +1.299954e+02   +2.323729e-07 +1.302341e-04 -2.229680e+00 -4.390955e-02 -1.774925e+00 +7.051226e+01 -1.037275e+04 -2.130788e+05 +1.261777e+09 +4.203590e+09 -6.409935e+10 +7.391914e+12 +6.951058e+14 +1.687245e+17 -2.912700e+20   -1.409006e-07 +1.667811e-04 +7.244148e-04 -7.361114e-02 +4.011666e+00 +3.888267e+00 -1.049751e+03 +4.939866e+05 -2.657387e+08 -7.797230e+07 -2.863839e+11 -5.837450e+12 +9.378224e+12 +8.138711e+16 +4.399682e+19   
S15-072   +1.299960e+02   -1.080380e-08 +1.038860e-04 -2.231401e+00 -3.625285e-02 -5.186185e+00 +3.598756e+01 -1.314733e+04 -3.484832e+05 +1.433439e+09 -9.223307e+08 -3.269214e+10 +5.522863e+11 +5.547565e+14 +1.262600e+17 -3.316566e+20   -1.221816e-07 +1.007997e-04 -2.026081e-04 +4.954212e-02 +1.881527e+00 +1.283855e+01 -1.149582e+02 -3.201133e+05 -2.191589e+07 -1.195418e+09 +2.710973e+10 +2.731898e+12 -6.306132e+12 +1.366491e+17 -2.138722e+18   
S15-076   +1.299966e+02   +4.074047e-07 +1.099380e-04 -2.229111e+00 -1.492700e-02 +2.012312e+00 +4.430432e+01 +1.162245e+03 -1.458552e+05 +1.435008e+09 -6.706685e+07 -8.429851e+10 +1.136370e+12 +4.907891e+14 +8.348011e+16 -3.328354e+20   +5.579593e-08 +1.161303e-04 -6.721367e-04 -2.937188e-02 +1.100330e-03 -5.091896e+01 +2.441198e+03 -3.422640e+05 -2.381472e+07 +4.607244e+08 +4.374172e+10 +2.059748e+12 -6.408485e+14 +1.277848e+17 -2.961711e+18   
S15-078   +1.299968e+02   +2.863344e-07 +1.127731e-04 -2.231935e+00 +4.334112e-02 -7.647544e-01 +2.449323e+00 -3.837863e+03 +1.196562e+05 +1.435021e+09 +6.927677e+07 -5.909722e+10 +2.721515e+12 +6.681186e+14 +1.082363e+17 -3.328594e+20   +7.911849e-08 +1.030472e-04 +5.836674e-04 +3.553520e-02 +2.715111e-01 +6.895969e+01 +8.806240e+02 -2.360106e+05 -3.384090e+07 -1.051502e+09 +6.445134e+10 -2.384483e+12 -3.316226e+14 +1.095525e+17 +2.836651e+18   
S15-079   +1.299973e+02   +4.988183e-08 +1.238713e-04 -2.231924e+00 -7.376026e-02 -5.030856e+00 -2.303478e+01 -1.186022e+04 -5.301073e+05 +1.445169e+09 +5.589422e+08 +1.112301e+09 -3.898023e+10 +6.417331e+14 +1.554941e+17 -3.308113e+20   +1.356256e-07 +1.241716e-04 -9.040365e-04 +9.780380e-03 +2.403926e+00 +2.906338e+01 -1.647865e+03 -3.081845e+05 -3.782645e+07 -5.085526e+08 +3.261734e+10 -4.196299e+12 -5.815828e+14 +1.376452e+17 -1.835729e+18   
S15-087   +1.299960e+02   +8.580941e-08 +1.308686e-04 -2.232564e+00 -1.418661e-02 -4.659297e+00 +3.467707e+01 -1.396076e+04 -2.319964e+05 +1.264755e+09 -1.359176e+09 -6.094289e+10 +1.583545e+12 +1.100067e+15 +1.276016e+17 -3.015486e+20   +1.809463e-07 +9.450906e-05 +2.451682e-04 +7.015300e-02 -3.150955e+00 +3.198488e+01 +4.134650e+03 -8.888304e+05 -2.871181e+08 +8.760870e+07 +2.139123e+10 +3.422438e+12 +2.239098e+14 +1.435494e+17 +3.618560e+19   
S15-091   +1.299972e+02   -4.928205e-07 -1.685526e-04 -2.232860e+00 +1.104691e-01 -3.127140e+00 -3.666915e+02 -3.417071e+03 +1.488713e+06 +1.400588e+09 -4.078671e+08 +6.479861e+10 +9.843135e+12 -3.341481e+14 -2.330956e+17 -3.240046e+20   +3.778850e-07 +4.105299e-05 -4.268207e-03 +1.575496e-01 -5.546649e+00 +1.068680e+02 +3.158177e+03 -7.730782e+05 -3.447490e+07 -7.225283e+08 +1.578066e+11 +3.561984e+12 -7.033941e+14 +8.808236e+16 -9.674855e+17   
S15-092   +1.299966e+02   +2.275664e-07 +1.348639e-05 -2.236065e+00 +2.532303e-02 -6.149085e+00 +1.262438e+02 -1.472215e+04 +7.082895e+04 +1.401312e+09 -1.047612e+09 +8.129274e+09 +1.672809e+11 +4.682839e+14 -9.486079e+15 -3.245938e+20   -2.042969e-08 +7.577880e-05 -1.707585e-03 -5.131487e-02 -2.060028e+00 +4.298662e+01 +5.910005e+03 +3.515864e+04 -4.080891e+07 +8.936103e+07 +1.055801e+11 -2.116060e+12 -3.866680e+14 +5.495078e+16 -1.406073e+18   
S15-093   +1.299968e+02   +1.782268e-07 +4.694925e-05 -2.237174e+00 -4.233873e-02 -5.356861e+00 +2.287593e+01 -1.273385e+04 -1.032833e+05 +1.400093e+09 -5.303714e+08 -2.273653e+10 +4.607069e+09 +1.218232e+15 +8.133493e+16 -3.288767e+20   -6.199144e-08 +5.873818e-05 -1.724089e-03 -3.154493e-02 +1.237044e+00 +2.382873e+01 -1.086791e+03 -2.556034e+04 -8.381122e+07 +1.150302e+09 +7.492703e+10 +3.051517e+11 -3.981049e+14 +5.838245e+16 +5.549683e+18   
S15-099   +1.299966e+02   +1.943829e-07 +7.449382e-05 -2.232375e+00 -2.872368e-02 -1.905486e+00 +2.651099e+02 -1.062839e+01 -2.350584e+05 +1.363378e+09 -2.311034e+08 -2.294984e+11 +4.831619e+12 -1.582158e+15 +1.702184e+16 -3.386132e+20   +1.496328e-07 +8.308256e-05 -5.881975e-04 +3.375798e-02 -7.367422e-01 +7.276143e+00 +3.915884e+01 -5.341051e+05 -5.397832e+08 -2.545991e+09 +1.911774e+10 -5.769479e+12 -6.708053e+14 +1.043601e+17 +2.620947e+19   
S15-100   +1.299971e+02   -2.171822e-09 +5.742794e-05 -2.232053e+00 -4.453178e-02 -4.055760e+00 -1.184118e+02 -7.871745e+03 -9.934891e+04 +1.373311e+09 +1.204446e+09 +3.966141e+10 +8.642970e+12 +1.286382e+15 +1.812084e+16 -3.307901e+20   +7.404261e-08 +8.527221e-05 -4.128214e-04 +1.151673e-02 +2.088344e-01 +8.487043e-01 +1.395589e+03 -5.314274e+05 -4.781924e+08 -1.301133e+09 +1.799182e+11 +6.717615e+12 -2.641568e+14 +1.033662e+17 +1.130097e+19   
S15-101   +1.299968e+02   -1.240917e-07 +3.210498e-05 -2.232102e+00 -4.686985e-02 -4.883875e+00 +1.967818e+02 -1.478754e+03 +1.585566e+05 +1.413087e+09 -2.732656e+09 +2.041181e+10 -5.395729e+12 -6.956138e+13 -4.330173e+16 -3.530560e+20   -9.740101e-08 +9.771110e-05 +1.738733e-04 -3.050948e-02 +2.290203e+00 -4.047823e+01 -5.090427e+03 -3.487524e+04 -4.685777e+08 -2.909379e+09 +3.901454e+09 +3.816680e+12 +1.159674e+14 -2.040231e+15 -3.209708e+18   
S15-102   +1.299969e+02   -6.707697e-09 +4.629670e-05 -2.232870e+00 -3.608498e-02 -1.308462e+00 +1.275774e+01 +3.910732e+03 +4.708248e+05 +1.387818e+09 -3.277271e+09 +8.135209e+10 -1.434371e+12 -5.702891e+14 +6.547118e+16 -3.382650e+20   +1.251498e-07 +9.869358e-05 -6.437503e-04 -2.698024e-02 -1.810785e+00 -2.271295e+01 +4.103360e+03 -2.340204e+05 -5.309322e+08 -7.574850e+08 +1.501254e+11 +1.090379e+13 -1.374689e+15 +6.174900e+16 +1.484573e+18   
S15-103   +1.299962e+02   -8.655253e-10 +3.623343e-05 -2.232372e+00 -3.557490e-02 -2.995824e+00 -1.725082e+02 -4.559659e+03 +1.852154e+05 +1.479626e+09 -1.889501e+09 +6.533733e+10 +1.689552e+13 -4.938660e+14 -6.807074e+16 -3.291803e+20   +7.150417e-08 +1.187537e-04 +1.865624e-04 -8.776603e-02 -3.574208e+00 -1.311523e+01 +1.112949e+04 +2.766763e+04 -2.498685e+08 +9.332234e+08 +1.553542e+11 -1.583196e+11 -1.626811e+15 +9.458876e+16 +1.600810e+19   
S15-104   +1.299964e+02   +4.027595e-07 +4.857425e-05 -2.229299e+00 -5.094896e-02 -2.820580e+00 +6.183623e+01 -1.329343e+04 -4.053331e+05 +1.392996e+09 +2.205287e+09 -3.296138e+10 -1.478093e+12 +9.470201e+14 +9.201824e+16 -3.157680e+20   +6.945126e-08 +1.093253e-04 +4.617711e-04 -3.862651e-02 +4.189792e-01 -3.286603e+00 -1.310952e+03 -1.107469e+05 -2.105600e+08 -1.296244e+09 +1.226971e+11 -2.458765e+12 -4.516432e+14 +3.271039e+16 +3.169333e+19   
S15-105   +1.299953e+02   +3.336951e-07 +4.346670e-05 -2.232778e+00 -6.952002e-02 -4.445013e+00 +2.007603e+02 -1.386919e+04 -2.135592e+05 +1.487349e+09 +3.787111e+08 +9.785046e+10 -2.319780e+12 +6.032232e+14 +8.406681e+15 -3.276511e+20   +1.827794e-07 +7.092775e-05 -6.041475e-04 +1.015261e-02 -1.361018e+00 +2.709189e+00 +2.121600e+03 -1.791939e+05 -1.823817e+08 -5.753996e+08 -7.601038e+10 -5.144825e+12 +1.157433e+14 +4.446981e+16 -4.266611e+18   
S15-106   +1.299959e+02   +3.238618e-08 +3.171642e-05 -2.234206e+00 -4.340792e-02 -4.063624e+00 +2.950792e+01 -5.584483e+03 -2.677906e+05 +1.488900e+09 -5.776368e+08 +1.243928e+11 -7.111959e+12 -3.834116e+14 +5.057110e+16 -3.345656e+20   +4.888779e-08 +7.287697e-05 -8.240745e-04 +2.775011e-02 -9.495038e-02 +2.239744e+01 +1.787226e+03 -3.336945e+04 -1.830693e+08 -7.924111e+08 -1.564886e+10 +1.451476e+12 -8.201543e+14 +5.655451e+16 -3.118159e+18   
S15-107   +1.299969e+02   +2.579571e-07 +3.309598e-05 -2.234754e+00 -5.643133e-02 -1.275213e+00 -7.220050e-02 -6.362443e+03 -1.441956e+05 +1.385034e+09 +9.246759e+08 +5.651648e+08 +1.209921e+12 +1.119402e+14 +5.158242e+16 -3.140730e+20   +7.299167e-08 +8.831534e-05 +1.990279e-04 +3.030079e-02 -8.199065e-01 +2.145403e+01 -1.137899e+03 -2.978941e+05 -2.272977e+08 +7.475185e+08 +7.365218e+10 -7.496973e+12 -3.460658e+12 +7.963559e+16 +2.822855e+19   
S15-109   +1.299957e+02   +3.806545e-07 +1.285316e-05 -2.234045e+00 -5.871607e-02 -1.689531e+00 +1.401994e+02 -1.027174e+04 -1.281152e+05 +1.482364e+09 +6.562849e+08 +5.163590e+10 -4.521581e+12 +7.480447e+14 +2.814035e+16 -3.342276e+20   +8.585753e-08 +6.694924e-05 -1.855649e-03 +3.326640e-02 -2.965061e-01 +1.197145e+01 +1.561655e+03 -8.050828e+04 -1.298501e+08 -7.780419e+07 +4.090482e+10 +1.363059e+12 -3.287056e+14 +3.185118e+16 +1.396744e+19   
S15-110   +1.299959e+02   +1.972863e-07 +1.225102e-05 -2.233599e+00 +4.375310e-03 -2.588070e+00 +8.213090e+01 -6.680124e+03 +1.070798e+05 +1.527708e+09 -1.123633e+09 -3.514345e+10 -5.058180e+11 +2.356182e+14 +1.778882e+16 -3.403975e+20   -1.075542e-07 +9.358941e-05 -3.198355e-04 +1.044432e-02 +3.120701e+00 +1.504981e+01 -3.077679e+03 -3.477582e+05 -9.156727e+07 -7.160247e+08 +1.008198e+10 -7.432261e+09 -5.305990e+14 +7.084272e+16 -6.609139e+18   
S15-111   +1.299959e+02   +1.571906e-07 +2.709422e-05 -2.230710e+00 -2.856493e-02 -5.342035e+00 +2.816958e+00 -1.258635e+04 -5.695740e+04 +1.513492e+09 +3.103283e+08 +2.629363e+10 +2.680919e+11 +2.391844e+14 +2.804490e+16 -3.322770e+20   +2.162657e-08 +9.358634e-05 -1.305968e-03 -4.642547e-03 -5.850188e-01 +5.628704e+01 +8.167704e+02 -1.495215e+05 -6.388825e+07 +3.468829e+07 +1.479757e+11 -1.209459e+12 -2.858376e+14 +8.730837e+16 -9.567186e+18   
S15-113   +1.299966e+02   +2.714954e-07 +7.624907e-05 -2.232187e+00 -1.674970e-02 -3.006639e+00 -1.157644e+01 -8.291755e+03 -1.915932e+05 +1.466576e+09 -7.369541e+08 +8.282632e+09 -6.743590e+11 -1.019037e+14 +5.021484e+16 -3.284847e+20   -9.662222e-08 +9.706154e-05 +1.937706e-04 +1.609535e-03 +4.371125e+00 -1.058078e+01 -7.471319e+03 -1.414075e+05 -1.793182e+08 -7.648372e+08 +4.637010e+10 +5.925005e+12 +2.499273e+13 +6.840887e+16 +1.220720e+19   
S15-116   +1.299963e+02   -4.130098e-08 +1.562756e-05 -2.232317e+00 -4.731151e-02 -4.094403e+00 +3.167384e+02 -1.063523e+04 -4.747501e+05 +1.366900e+09 +1.209640e+09 -7.883024e+10 -6.756825e+12 +1.217104e+15 +1.175117e+17 -3.079518e+20   +1.412906e-07 +1.270466e-04 +1.050492e-03 -3.041795e-02 -4.196700e+00 +3.247669e+01 +3.096994e+03 -1.692571e+05 -3.837728e+08 +2.413060e+08 +7.123262e+10 -9.176130e+11 +6.700813e+14 +2.857062e+16 +5.674155e+19   
S15-117   +1.300006e+02   +2.089784e-07 +3.935630e-05 -2.233793e+00 -2.845613e-02 -7.246178e-01 +2.787206e+02 +9.716440e+02 -1.176274e+05 +1.485520e+09 +4.402473e+08 +3.264543e+10 -5.926608e+12 +2.777109e+14 +6.125479e+16 -3.340955e+20   -2.995787e-07 +1.044207e-04 -4.318289e-04 -1.876524e-02 +1.474919e+00 -1.730356e+01 +3.028173e+03 -1.603531e+05 -2.186148e+07 -3.801934e+08 -5.704551e+10 -1.193268e+11 -5.480954e+14 +7.779603e+16 -2.738410e+18   
S15-118   +1.299961e+02   +8.080065e-08 +5.979019e-05 -2.236038e+00 -2.822305e-02 -5.434164e+00 +8.139944e+01 -1.122248e+04 -4.952010e+04 +1.513433e+09 -6.881235e+08 +7.504450e+10 -3.395448e+11 +5.827353e+14 +5.202545e+16 -3.376701e+20   +3.863287e-08 +1.208366e-04 +1.657278e-04 -1.697632e-02 +2.330925e+00 +2.769393e+01 -2.511185e+03 -2.876390e+05 -3.194082e+07 +5.531571e+08 +4.265070e+10 -7.363527e+11 -4.605920e+14 +1.154735e+17 -4.217573e+17   
S15-119   +1.299959e+02   +1.363160e-07 +8.023568e-05 -2.232534e+00 +1.068727e-02 -5.134684e+00 -9.103249e+01 -1.281043e+04 +1.488064e+05 +1.525699e+09 -1.526358e+09 -3.799640e+10 +7.288736e+12 +7.832301e+14 -6.001905e+15 -3.447888e+20   -1.824278e-09 +9.373903e-05 -2.831025e-04 +2.790436e-02 +2.982308e+00 -8.947782e+00 -6.480636e+03 -3.320975e+05 -2.687452e+08 +1.766752e+08 -6.105101e+10 +3.526922e+12 +3.303013e+14 +7.731482e+16 +3.198364e+18   
S15-120   +1.299958e+02   -1.009408e-07 +6.539381e-05 -2.232051e+00 +2.388497e-02 -7.169287e+00 +1.928744e+02 -1.011535e+04 +2.353316e+05 +1.523953e+09 -1.268983e+09 +1.490120e+11 -2.005648e+13 -4.430423e+14 +8.367801e+15 -3.374286e+20   +8.423603e-08 +9.797540e-05 -1.026314e-03 -5.164117e-03 +9.231298e-01 -1.137419e+01 -5.045969e+03 -2.368940e+05 -1.173219e+08 -5.447487e+08 -5.392930e+10 +2.494944e+12 -6.485325e+14 +1.111244e+17 -9.678767e+18   
S15-121   +1.299964e+02   +3.595091e-07 +2.503639e-05 -2.232140e+00 -1.780185e-02 +8.079462e-01 +1.066333e+02 -3.149083e+03 +8.353724e+04 +1.482074e+09 +3.279371e+08 -2.062836e+10 -1.973268e+12 +2.477769e+14 +2.351026e+16 -3.281970e+20   -2.585712e-07 +8.862084e-05 +2.397271e-04 +7.455433e-03 -1.380784e+00 +4.730244e-01 +8.061092e+03 -1.525852e+05 -8.407825e+07 -2.148818e+08 +5.605540e+09 +3.040753e+10 -2.530890e+14 +8.865592e+16 +2.310702e+18   
S15-122   +1.299970e+02   +7.004900e-08 +8.906852e-06 -2.234916e+00 -3.861064e-02 -5.213226e+00 +1.226130e+02 -1.260901e+04 +1.496965e+05 +1.512556e+09 +1.431005e+08 +4.143329e+10 +2.128935e+11 +4.166675e+14 +1.120489e+16 -3.375376e+20   +1.205786e-07 +9.502342e-05 -8.628607e-05 +3.821957e-02 +1.630627e-01 +3.200119e+01 -1.166592e+03 -4.010503e+05 -2.469594e+07 -8.220520e+08 +1.832650e+10 -2.882521e+10 -2.160462e+14 +1.127705e+17 -1.527100e+18   
S15-123   +1.299955e+02   +1.908238e-07 +6.585748e-05 -2.233318e+00 +6.711480e-02 -4.968839e+00 +2.562749e+01 -1.410710e+04 +9.615210e+04 +1.472211e+09 -1.602065e+09 +1.961386e+10 +5.508975e+11 +8.388321e+14 +1.231485e+16 -3.262224e+20   -8.320611e-08 +1.207155e-04 +1.214487e-04 -9.140109e-02 +1.719814e+00 +7.615318e+00 -9.458004e+02 -8.944663e+04 -1.159954e+08 +2.195261e+08 +2.274846e+10 +4.534347e+12 -8.715486e+13 +5.831695e+16 -5.764126e+17   
S15-124   +1.299959e+02   +1.754583e-08 +2.395270e-05 -2.233444e+00 -9.228137e-02 -3.388403e+00 +3.958109e+00 -5.835565e+03 -3.380087e+05 +1.472916e+09 +1.059735e+09 +3.208229e+10 +1.471714e+12 +3.451317e+14 +2.539274e+16 -3.273202e+20   -1.192351e-07 +1.059153e-04 +2.753120e-04 -4.813568e-02 +6.962987e-01 +3.622025e+01 +3.702193e+03 -2.237339e+05 -1.315596e+08 +1.252118e+07 -1.887549e+10 -5.344581e+12 -7.392050e+14 +1.235669e+17 +2.713946e+18   
S15-126   +1.299958e+02   +7.663525e-09 +3.157299e-05 -2.233441e+00 -1.659279e-02 -7.223288e+00 -1.717725e+01 -1.501790e+04 -1.019698e+05 +1.441340e+09 -5.182000e+08 +7.801306e+10 +2.302331e+11 +7.647103e+14 +1.997636e+16 -3.229288e+20   +1.163596e-07 +1.297379e-04 +1.071902e-04 -9.170319e-02 -2.472908e+00 -6.584083e+00 +4.136174e+03 +1.118480e+04 -1.731247e+08 +9.586348e+08 +1.228750e+10 +8.525191e+12 -2.495469e+14 +5.349357e+16 +1.020166e+19   
S15-127   +1.299956e+02   +1.644925e-07 +4.664625e-05 -2.230716e+00 +3.817906e-02 -4.377570e+00 +1.084862e+01 -1.115419e+04 +3.880941e+04 +1.523808e+09 -3.727821e+08 -6.111254e+10 +4.523247e+12 +8.908894e+14 +4.189974e+16 -3.343860e+20   -1.111375e-07 +1.081278e-04 +3.141998e-06 -4.570234e-02 -1.701794e+00 +2.811532e+01 +6.565728e+03 -2.478899e+05 -1.117631e+08 -1.074954e+06 +7.274580e+09 -1.664897e+12 -4.365882e+14 +1.067316e+17 -1.751665e+18   
S15-128   +1.299958e+02   +1.656968e-07 +4.473398e-05 -2.232597e+00 +3.545828e-03 -1.888189e+00 +2.048324e+02 -6.293686e+03 -3.350901e+05 +1.510827e+09 -2.759386e+09 -3.357353e+10 +1.844233e+12 -8.582385e+14 +1.549440e+17 -3.330441e+20   +5.625336e-08 +1.011761e-04 -1.062701e-04 -1.489957e-02 -9.889504e-01 +3.276435e+01 +1.166732e+03 -4.535843e+04 -1.066469e+08 -1.211906e+09 +1.920170e+11 -1.171517e+13 +3.231200e+14 +5.758315e+16 -3.165908e+18   
S15-130   +1.299964e+02   +5.456532e-08 +4.743708e-05 -2.232633e+00 -2.527565e-02 -3.582865e+00 -3.878270e+01 -8.497435e+03 -1.724467e+05 +1.500382e+09 -5.947332e+08 +7.741984e+10 +3.674677e+12 +4.180688e+14 +5.820186e+16 -3.355407e+20   -8.634085e-08 +8.298407e-05 -1.860369e-03 +3.236217e-02 +5.415761e-01 +2.087390e+01 +1.117005e+03 -3.418578e+05 -1.197133e+08 -9.115768e+08 +7.452687e+09 +3.398378e+12 -5.299934e+14 +1.004589e+17 +1.657254e+19   
S15-131   +1.299956e+02   +3.195859e-07 +6.079296e-05 -2.234405e+00 -9.493744e-03 -4.732449e-01 -5.124180e+01 -5.860297e+03 -1.715550e+05 +1.481637e+09 -3.581350e+08 -3.970166e+10 +5.962622e+12 +6.808997e+14 +7.635511e+16 -3.337138e+20   +6.953075e-08 +7.813588e-05 -7.596829e-04 +2.017212e-02 +1.356467e+00 -1.964812e+00 -2.391269e+03 -2.095086e+05 -8.065288e+07 -1.793120e+08 +8.453340e+10 +6.820792e+12 -7.197054e+14 +7.533192e+16 +4.094558e+18   
S15-132   +1.299956e+02   +1.948311e-08 +6.055760e-05 -2.231386e+00 -4.292046e-02 -7.625516e+00 -2.094924e+02 -1.478125e+04 -1.681995e+05 +1.495539e+09 +1.265731e+08 -3.389695e+10 +3.237753e+12 +2.938523e+14 +3.330884e+16 -3.388729e+20   -9.397033e-08 +1.056149e-04 -7.578370e-04 -3.180119e-02 +1.469825e+00 +3.818187e+01 +4.277192e+02 -2.189552e+05 -2.085796e+08 +6.502064e+08 +9.911112e+10 -1.138444e+12 -3.164566e+14 +1.239074e+17 +1.696921e+19   
S15-133   +1.299957e+02   -6.062724e-09 +5.070553e-05 -2.230568e+00 -6.350593e-02 -4.152271e+00 -1.884335e+01 -9.098855e+03 -2.293600e+05 +1.510720e+09 +1.399591e+09 +7.549572e+10 -1.581901e+11 +3.323988e+14 +3.079945e+16 -3.307987e+20   +1.863907e-07 +1.002912e-04 -3.917903e-04 +6.705611e-03 -2.441025e-02 +1.564428e+00 -1.097629e+03 -3.724701e+05 -1.280128e+08 +5.539049e+08 +1.114771e+11 -1.242763e+12 -1.395152e+14 +1.058201e+17 -2.156180e+18   
S15-134   +1.299954e+02   +8.331949e-08 +4.276408e-05 -2.230774e+00 -8.044108e-02 -3.847795e+00 +4.034922e+01 -6.336573e+03 -2.589282e+05 +1.392369e+09 -6.556157e+08 -1.285893e+11 -5.418539e+12 +1.571725e+14 +4.150905e+16 -3.277390e+20   +5.714730e-08 +9.910158e-05 -1.307162e-03 -1.699652e-02 -1.532773e+00 -1.631719e+01 +7.745343e+03 -1.468660e+04 -3.317732e+08 -1.612085e+09 -6.279821e+10 +2.084315e+12 -8.188621e+14 +6.689286e+16 +6.299273e+18   
S15-136   +1.299967e+02   +4.761885e-08 +3.692998e-05 -2.233925e+00 -1.955956e-02 -9.195433e-01 +4.759602e+01 -2.362918e+03 -1.813884e+05 +1.482065e+09 +7.993349e+08 -1.383572e+10 +4.680080e+12 +2.660106e+14 +8.498762e+16 -3.320717e+20   -1.486553e-08 +1.027345e-04 -1.250890e-03 +4.453795e-03 +6.682969e-01 +5.918472e+00 +1.197672e+03 -1.733086e+05 -1.230014e+08 +8.971959e+08 +5.216080e+09 +2.079402e+12 -2.973758e+14 +6.904676e+16 +2.291624e+19   
S15-137   +1.299934e+02   +1.642373e-07 +3.962212e-05 -2.235233e+00 -1.530142e-02 -3.821824e+00 +1.446625e+02 -6.126904e+03 +2.044580e+04 +1.423409e+09 +3.521942e+09 +8.121505e+10 -1.763855e+12 -8.317022e+14 +3.533459e+15 -3.232803e+20   +9.012873e-08 +9.798190e-05 -1.198197e-03 -3.956175e-02 -3.159115e+00 +2.231173e+01 +7.611238e+03 +1.785625e+05 -1.709223e+08 -8.926515e+08 +2.513741e+11 -2.720127e+12 -3.659910e+14 +1.415312e+16 +6.719597e+18   
S15-138   +1.299956e+02   -1.776142e-08 +4.191722e-05 -2.232580e+00 -3.494524e-02 -3.883017e+00 +5.882079e+01 -9.368263e+03 +1.596389e+04 +1.514802e+09 +5.219129e+07 -4.571603e+10 -2.452250e+12 +6.115862e+14 +7.786433e+15 -3.431686e+20   +1.537068e-08 +8.800721e-05 -1.320814e-03 -8.305920e-03 +3.114816e+00 +1.528647e+01 -4.805193e+03 -1.641444e+05 -8.373768e+07 -3.681005e+08 +5.115888e+09 +2.077672e+12 -1.012907e+14 +6.004464e+16 -1.937105e+19   
S15-139   +1.299960e+02   +2.343646e-07 +4.567150e-05 -2.232631e+00 -3.887053e-02 -5.964471e+00 +7.573076e+01 -1.481202e+04 -2.375568e+05 +1.491170e+09 +2.415150e+08 +1.419904e+10 -2.944788e+11 +6.506434e+14 +7.146311e+16 -3.256543e+20   +2.593286e-07 +7.820041e-05 -5.285847e-04 +5.561633e-02 -6.035068e+00 +6.756361e+00 +9.827049e+03 -2.355346e+05 -1.273742e+08 -7.508746e+08 +1.826261e+11 +9.928052e+10 -3.955492e+14 +9.845157e+16 +6.268510e+18   
S15-140   +1.299958e+02   -1.046688e-07 +4.181704e-05 -2.232545e+00 -5.477744e-02 -7.599452e+00 +1.019441e+02 -1.421176e+04 -6.404513e+05 +1.399311e+09 -7.148697e+08 +1.998598e+10 -4.430561e+11 +9.443482e+14 +1.534082e+17 -3.267206e+20   -1.342450e-07 +1.112075e-04 -1.021418e-03 -1.843776e-02 +1.867199e+00 -8.206796e+00 +3.062134e+01 -5.382378e+05 -4.502925e+08 -3.148804e+09 +3.020214e+11 -2.973587e+12 -8.392594e+14 +1.017574e+17 +1.616043e+19   
S15-141   +1.299960e+02   +8.911820e-08 +2.507037e-05 -2.233167e+00 -5.746481e-02 -3.308739e+00 +5.838040e+01 -8.182844e+03 -7.360887e+04 +1.479670e+09 -2.406664e+08 -4.597363e+10 -6.859363e+11 +8.257123e+14 +2.079452e+16 -3.338113e+20   +1.856590e-07 +1.214796e-04 -1.245458e-03 -3.681649e-02 +2.030926e+00 +8.466937e+00 -5.900308e+03 -3.017735e+05 -1.143644e+08 +6.109771e+08 +5.668645e+10 +2.955642e+11 +1.568618e+14 +1.178539e+17 +1.097431e+19   
S15-142   +1.299959e+02   +3.405895e-07 +5.763278e-05 -2.233093e+00 +5.304869e-02 -3.044071e+00 +6.029246e+01 -8.837656e+03 +1.904502e+05 +1.384462e+09 -1.383698e+09 -1.033834e+10 -1.193232e+13 -7.210375e+14 +9.490607e+16 -3.191948e+20   -1.197559e-07 +9.278962e-05 -6.786550e-04 +3.222712e-02 -1.540319e+00 +3.976425e+01 +4.607472e+03 -4.274038e+05 -3.958197e+08 -1.968027e+08 +6.105537e+10 -2.213611e+12 -8.182204e+14 +8.204720e+16 +1.130666e+19   
S15-143   +1.299968e+02   +2.249585e-07 +4.067956e-05 -2.233884e+00 -8.913166e-02 -2.289284e+00 -1.808710e+02 -7.822816e+03 -1.109433e+05 +1.477786e+09 -3.035011e+08 -2.096806e+10 +3.062033e+12 +1.988292e+14 +8.182317e+16 -3.297509e+20   +5.183137e-08 +8.986098e-05 -1.881124e-04 +1.779502e-02 +4.031469e+00 -3.022806e+00 -8.463970e+03 -2.951333e+05 -9.723670e+07 +3.118430e+08 -2.001590e+10 +1.644552e+12 +2.274744e+12 +9.841435e+16 +5.160962e+18   
S15-145   +1.299966e+02   -1.168105e-07 +4.200524e-05 -2.234322e+00 -2.871497e-02 -5.265425e+00 +2.548891e+01 -8.854978e+03 -2.012906e+05 +1.485683e+09 -5.118509e+08 +5.136512e+10 +5.926859e+12 +4.661717e+14 +6.487097e+16 -3.277947e+20   -1.306328e-07 +9.867773e-05 -1.969103e-04 -3.558692e-02 +4.301776e-01 +7.626419e+00 +2.150456e+03 -1.600201e+05 -7.727271e+07 +1.944359e+08 -4.415292e+09 -1.585972e+11 -3.766045e+14 +1.000932e+17 -2.723250e+16   
S15-146   +1.299962e+02   +2.705958e-07 +3.276107e-05 -2.233515e+00 -1.737792e-02 -1.555167e+00 +2.301436e+02 -4.636676e+03 -7.506429e+04 +1.490370e+09 -4.005879e+08 +2.628672e+10 -4.091283e+11 +2.944599e+14 +1.590828e+15 -3.300784e+20   -8.428346e-08 +1.093750e-04 +3.416411e-04 -3.566107e-02 +2.550610e+00 +1.215473e+01 -1.437867e+03 -1.744684e+05 -9.414998e+07 -2.328764e+08 +5.488812e+10 -4.296440e+12 -1.743696e+14 +9.150714e+16 -4.463320e+17   
S15-148   +1.299951e+02   +2.738609e-07 +4.819646e-05 -2.230726e+00 +9.109728e-03 -4.592310e+00 +1.750804e+01 -1.135658e+04 -6.759268e+04 +1.496276e+09 +8.778908e+07 -7.894859e+09 -6.053321e+12 +1.603165e+14 +4.447526e+16 -3.385641e+20   -5.538016e-08 +7.610134e-05 -1.470674e-03 +6.141932e-03 +9.054634e-01 -7.144546e+00 +1.183585e+03 -1.384656e+05 -1.069700e+08 -1.198038e+09 +1.259814e+11 +3.601818e+12 -6.602161e+14 +7.191023e+16 -1.708885e+19   
S15-149   +1.299959e+02   -6.131889e-08 +5.691431e-05 -2.233939e+00 -7.327893e-02 -2.044157e+00 -1.070940e+02 -3.068638e+03 -4.311008e+05 +1.364554e+09 +1.441479e+09 -1.530411e+10 +1.129333e+13 +5.033970e+14 +8.887934e+16 -3.105620e+20   +6.484678e-09 +1.106328e-04 -2.722810e-04 -4.736717e-02 -4.274073e-01 +2.555964e+00 +2.481396e+03 -7.384388e+04 -2.204383e+08 +2.838519e+08 -1.035960e+10 -4.346225e+12 -2.098252e+14 +7.486551e+16 +2.758236e+19   
S15-154   +1.299952e+02   +5.524148e-07 +2.811578e-05 -2.231252e+00 -7.828728e-03 -1.737375e+00 +5.698587e+00 -1.100790e+04 +3.180381e+05 +1.505719e+09 -1.262142e+09 -4.011985e+10 +2.379677e+12 +6.899379e+14 +1.108735e+16 -3.402360e+20   -3.383046e-07 +6.885051e-05 -7.143453e-04 +2.443249e-02 +3.467739e+00 +1.065616e+01 -1.126475e+03 -2.484544e+05 -1.118877e+08 +1.201015e+09 -8.874482e+10 +1.889994e+12 -5.511904e+14 +8.073967e+16 -1.750695e+19   
S15-155   +1.299964e+02   +1.548513e-07 +5.801418e-05 -2.232820e+00 -5.247068e-02 -1.641095e+00 +5.026352e+01 -4.783796e+03 -6.576449e+05 +1.412304e+09 -1.081802e+09 +1.644756e+10 -5.139455e+11 +2.053121e+14 +1.092662e+17 -3.362116e+20   +5.167527e-08 +8.417402e-05 -1.286564e-03 +1.611397e-02 -8.719057e-01 +2.291706e+00 +7.084955e+03 -2.721743e+05 -4.705840e+08 -3.079981e+09 +2.096460e+11 +9.482716e+11 -2.839948e+14 +1.490563e+16 +1.091400e+19   
S15-156   +1.299967e+02   +1.046819e-07 +6.521069e-05 -2.229679e+00 +2.421671e-03 -3.175075e+00 +3.203981e+01 -8.065066e+03 -1.016676e+05 +1.476536e+09 -3.735391e+09 +1.054684e+11 -5.917653e+12 +4.914578e+14 +1.077149e+17 -3.551339e+20   -4.675483e-08 +1.246482e-04 -1.247642e-03 -1.097640e-01 +6.000832e-01 -2.960798e+01 +1.168532e+03 -2.100144e+04 -4.538134e+08 +3.319933e+09 -2.718089e+10 +6.842824e+12 -1.771410e+14 +1.409546e+17 +6.516465e+18   
S15-157   +1.299959e+02   +4.173330e-07 +5.242190e-05 -2.232595e+00 -3.232013e-03 -5.944208e+00 +1.333884e+02 -1.713585e+04 -8.539277e+04 +1.334827e+09 +5.126162e+08 +2.050019e+10 +6.914123e+12 +6.871394e+14 +4.943890e+16 -2.990746e+20   -1.681705e-07 +1.117911e-04 -7.096313e-04 -2.600087e-02 -2.366896e-01 +9.612234e+00 +1.923465e+03 -2.804068e+05 -3.260368e+08 +1.598320e+09 -4.601561e+10 +2.149062e+12 +4.398839e+14 +8.386049e+16 +4.463662e+19   
S15-159   +1.299957e+02   +1.134907e-07 +8.113015e-05 -2.231555e+00 +4.424593e-02 -4.151833e+00 +3.499395e+02 -9.590017e+03 -1.783697e+05 +1.378564e+09 -4.881497e+06 +1.289340e+11 -8.122930e+12 +6.906065e+14 +9.509638e+16 -3.090908e+20   +1.283161e-07 +1.236942e-04 -8.230326e-04 -1.212932e-02 -1.688489e+00 -3.511733e+01 +1.881138e+03 -3.078572e+05 -2.274318e+08 -1.348632e+09 +6.073687e+10 +5.904041e+12 -3.983815e+14 +9.306608e+16 +2.773559e+19   
S15-162   +1.299959e+02   -5.507337e-08 +4.245294e-06 -2.232063e+00 -2.907971e-02 -2.253761e+00 +2.216138e+01 -4.656093e+03 +9.007769e+04 +1.505314e+09 +2.639035e+08 +6.735635e+08 +2.790374e+11 +2.286838e+14 +7.832155e+15 -3.331340e+20   +4.749885e-08 +1.053935e-04 -1.922840e-03 +3.200052e-02 -2.281982e+00 -3.427883e+00 +3.566208e+03 -4.483071e+05 -1.814548e+07 -6.700927e+08 +1.029598e+11 +1.944959e+12 -4.032489e+14 +1.143318e+17 -6.412693e+18   
S15-164   +1.299960e+02   -5.281270e-08 +8.366304e-05 -2.233485e+00 -3.182364e-02 -7.065438e+00 +5.322016e+01 -1.398785e+04 -1.989341e+05 +1.503841e+09 +9.793609e+06 -8.020908e+09 -8.791401e+11 +4.318804e+14 +8.761847e+16 -3.316944e+20   -1.846919e-07 +1.211302e-04 -1.084125e-03 -5.542992e-03 -1.553772e-01 +3.772428e+01 +3.298798e+03 -3.368484e+05 -1.444632e+07 -4.331626e+08 +4.918973e+10 -1.678897e+11 -5.458654e+14 +1.339795e+17 -6.356219e+18   
S15-165   +1.299960e+02   -5.988870e-08 +4.529036e-05 -2.231990e+00 -2.260870e-02 -4.630924e+00 +1.705667e+02 -9.396158e+03 -1.434811e+05 +1.496199e+09 +4.576899e+07 -4.507327e+09 +2.634734e+12 +6.323589e+14 +4.203269e+16 -3.334760e+20   -2.607256e-08 +1.009212e-04 -5.297309e-04 -1.212690e-02 -8.199468e-01 +1.646716e+01 +4.128499e+03 -1.569176e+05 -2.697651e+07 +7.573131e+07 +3.107623e+10 +1.246611e+12 -5.081345e+14 +1.047398e+17 -2.979932e+18   
S15-166   +1.299956e+02   +1.059321e-07 +6.648733e-05 -2.235238e+00 -4.510840e-02 -1.541644e+00 -1.675341e+01 -4.230003e+03 -2.977136e+05 +1.485115e+09 +1.981469e+08 -1.015649e+10 +1.968751e+12 +3.311171e+14 +5.990381e+16 -3.303225e+20   +2.444288e-07 +1.077226e-04 -2.632171e-04 -1.754742e-02 -3.821772e+00 +8.850453e+00 +6.740653e+03 -1.141832e+05 -1.717591e+07 -3.712987e+08 +1.049174e+11 +2.138149e+12 -6.822656e+14 +1.110900e+17 -4.165496e+18   
S15-167   +1.299963e+02   +3.895947e-07 +7.375719e-05 -2.232749e+00 -3.674683e-02 -4.794282e+00 -2.099205e+02 -1.439965e+04 -1.183235e+05 +1.447216e+09 +6.609297e+08 -8.418086e+10 +1.218995e+13 +4.792802e+14 +2.404922e+16 -3.219780e+20   +3.296278e-08 +1.198655e-04 -9.017380e-05 -1.993954e-02 +7.131496e-02 -1.410403e+00 +2.592494e+03 -2.923839e+05 -1.061563e+08 -1.973611e+08 -1.829962e+09 +4.814606e+12 -3.470553e+14 +1.163341e+17 -3.167480e+17   
S15-168   +1.299960e+02   +1.328086e-07 +5.106889e-05 -2.232063e+00 -3.938053e-02 -2.115757e+00 +7.718976e+01 -5.838186e+03 -1.039451e+05 +1.466144e+09 -1.305092e+08 +8.331656e+10 -1.386183e+12 +1.648410e+14 +1.764391e+16 -3.263574e+20   +5.869814e-08 +1.150178e-04 -7.689396e-05 +1.805643e-02 -1.102243e+00 +1.382382e+01 +4.991259e+03 -3.436198e+05 -9.339126e+07 +3.603374e+07 +7.675941e+10 +1.233501e+12 -1.102788e+15 +1.611762e+17 +3.192317e+18   
S15-170   +1.299967e+02   +4.266346e-07 +4.409434e-05 -2.232439e+00 -1.185558e-01 -1.246864e+00 +3.287043e+02 -1.039603e+04 -3.448830e+05 +1.496949e+09 +7.285788e+08 -2.726721e+10 -5.623296e+12 +6.360331e+14 +5.516907e+16 -3.329509e+20   +1.808496e-07 +1.104191e-04 -4.597527e-04 +5.766296e-02 -3.689521e+00 +1.127931e+01 +6.637657e+03 -4.755284e+05 -1.929006e+07 -2.124045e+08 +9.992361e+10 +6.700186e+11 -4.161973e+14 +1.184912e+17 -3.523551e+18   
S15-171   +1.299958e+02   +1.821520e-07 +4.064824e-05 -2.232631e+00 -9.203667e-03 +1.485641e+00 -2.403053e+00 -1.473615e+03 +1.481569e+04 +1.485695e+09 +1.629596e+08 -5.895491e+10 +1.847846e+12 +1.679696e+14 +2.155107e+16 -3.322132e+20   +1.238395e-07 +1.302129e-04 -6.724184e-04 -5.923660e-02 -5.640075e-01 +8.990575e+00 +6.783532e+02 -1.318755e+05 -2.080168e+07 +1.329931e+08 +6.420786e+10 +5.674050e+11 -4.302142e+14 +1.190704e+17 -4.280428e+18   
S15-172   +1.299960e+02   +2.032858e-08 +8.286786e-05 -2.232674e+00 -4.526171e-02 -3.803839e+00 -1.220955e+01 -2.390756e+02 -1.096075e+05 +1.448979e+09 -2.976355e+08 +1.679796e+11 +6.749808e+12 -4.229138e+14 +5.307196e+16 -3.301253e+20   +2.642450e-07 +1.284016e-04 -5.055882e-04 -4.240618e-02 +2.158786e+00 -1.052808e+01 -8.284247e+03 -9.413959e+04 -9.987792e+07 -7.889781e+08 +2.666257e+10 +7.014923e+11 +1.051242e+14 +1.283585e+17 +1.999608e+18   
S15-174   +1.299958e+02   -5.219415e-08 +6.430899e-05 -2.233134e+00 -2.080677e-02 -1.812851e+00 +1.287457e+02 -1.263622e+03 -1.957890e+05 +1.466548e+09 +4.586727e+08 +5.292776e+10 +6.729964e+12 -2.968564e+14 +7.425301e+16 -3.299617e+20   +6.399564e-08 +1.450543e-04 -4.890446e-05 -3.009242e-02 -1.942535e+00 +2.829311e+01 +3.370294e+03 -3.148796e+05 -1.483183e+08 -6.153078e+05 +6.640567e+10 -3.591097e+12 -4.105341e+14 +1.515724e+17 +1.147073e+19   
S15-175   +1.299960e+02   +1.742450e-07 +6.633093e-05 -2.232969e+00 -2.905329e-02 -3.562269e+00 -5.628983e+01 -1.048556e+04 -1.390824e+05 +1.507599e+09 +1.129429e+08 -2.862109e+10 -7.272908e+10 +5.293361e+14 +6.335758e+16 -3.338229e+20   +1.651852e-07 +1.228348e-04 -1.532239e-03 -3.675908e-02 -1.874157e+00 +4.281889e+01 +3.629359e+03 -1.750055e+05 -1.668721e+07 -1.731586e+08 +7.066963e+10 -1.869931e+12 -6.437024e+14 +1.320390e+17 -6.375787e+18   
S15-176   +1.299953e+02   +1.372308e-07 +3.936402e-05 -2.231106e+00 -3.761754e-02 -7.077793e-01 -1.282596e+01 -3.805197e+03 -1.750832e+05 +1.519592e+09 -5.498186e+08 -1.204894e+11 -3.706369e+12 +5.350355e+14 +4.219526e+16 -3.400078e+20   -3.084358e-07 +1.227643e-04 -6.957948e-04 -3.379171e-02 +1.956488e+00 +2.353348e+00 +2.227541e+03 -3.939939e+05 -8.779087e+07 +1.333634e+08 +7.156893e+10 -1.625172e+12 -2.026175e+14 +1.352221e+17 -1.156473e+19   
S15-177   +1.299964e+02   +1.951405e-07 +8.943248e-05 -2.233120e+00 -9.956253e-03 -4.385948e+00 -8.134256e+01 -1.367652e+04 -1.174676e+05 +1.376627e+09 -1.684714e+08 -1.584984e+10 +4.108509e+12 +1.163888e+15 +6.825225e+16 -3.074726e+20   -2.699649e-07 +1.264400e-04 -1.902878e-04 -1.003415e-03 +5.090386e+00 +9.183970e+00 -7.091838e+03 -4.558419e+05 -2.918896e+08 +8.357424e+08 -9.310404e+10 -1.007483e+11 -3.945779e+14 +1.374902e+17 +3.567504e+19   
S15-179   +1.299963e+02   -1.095214e-07 +8.042344e-05 -2.232987e+00 +4.140399e-02 -4.762823e+00 -1.668007e+01 -1.005544e+04 -1.666521e+05 +1.358855e+09 +1.289644e+09 +3.982328e+10 +7.418087e+12 +7.459952e+14 +1.021529e+17 -3.050928e+20   +1.969869e-08 +1.531590e-04 +5.575876e-04 -4.893250e-02 -1.804554e+00 +1.046275e+01 +2.119382e+03 -4.781143e+05 -3.117561e+08 -3.278719e+08 +2.115616e+10 -9.782840e+12 -1.855546e+14 +1.305855e+17 +4.458743e+19   
S15-180   +1.299955e+02   +2.215464e-07 +4.748021e-05 -2.231795e+00 -3.230010e-02 +5.989597e-01 -3.379451e+01 -3.094029e+03 -7.009334e+04 +1.512058e+09 -8.640107e+08 +3.791164e+10 +3.043826e+12 +1.894629e+14 +7.478057e+16 -3.385816e+20   +5.390810e-08 +1.284052e-04 -6.895166e-04 -4.449919e-02 -8.457170e-01 +1.982046e+01 -3.981774e+02 -2.457634e+05 -1.497924e+08 -4.483514e+08 +1.094308e+11 +3.586013e+12 +1.380922e+13 +1.191520e+17 -1.137292e+19   
S15-181   +1.299959e+02   +2.443990e-07 +8.986037e-05 -2.231523e+00 +2.878472e-02 -1.407278e+00 +7.018938e+01 -2.705701e+02 -1.456310e+05 +1.382389e+09 +4.645775e+08 +4.966047e+10 +1.285645e+12 +3.221444e+14 +6.417282e+16 -3.172205e+20   -1.995348e-08 +1.390736e-04 -1.489943e-04 -3.572588e-02 -4.487778e-01 -1.563380e+01 +7.952566e+02 -3.732172e+05 -1.850364e+08 +6.686766e+08 -6.876114e+10 +3.800284e+12 +4.260000e+13 +1.343997e+17 +2.425143e+19   
S15-183   +1.299960e+02   +1.987784e-07 +3.132923e-05 -2.231635e+00 -4.811880e-02 -1.649928e+00 -3.016149e+02 -3.586845e+03 -9.945237e+04 +1.500268e+09 -1.072805e+09 -7.588537e+10 +1.832233e+13 +1.759066e+13 +3.171376e+16 -3.441365e+20   -2.106406e-07 +1.416415e-04 -1.179019e-03 -2.687330e-02 -2.789937e+00 +2.909498e+01 +1.106580e+04 -5.028199e+05 -1.456603e+08 -2.385210e+09 +1.533507e+11 +1.155580e+12 -1.064656e+15 +1.815834e+17 -9.900258e+18   
S15-184   +1.299960e+02   +1.515081e-07 +6.694498e-05 -2.235124e+00 -1.417838e-02 -3.062494e+00 +2.543490e+02 -1.048487e+04 -2.636236e+04 +1.314525e+09 +2.130402e+09 +2.987513e+10 -8.108196e+12 +1.169503e+15 +1.300710e+16 -2.982256e+20   +5.099505e-08 +1.533626e-04 +2.756547e-06 -2.920632e-02 -3.501028e+00 -2.567147e+00 +4.615720e+03 -3.464236e+05 -3.572224e+08 +2.165420e+09 +4.576702e+09 +3.702764e+12 -2.301635e+14 +1.027979e+17 +4.532145e+19   
S15-185   +1.299962e+02   +3.150094e-08 +8.959754e-05 -2.233311e+00 -1.008937e-02 -3.121610e+00 +1.893722e+02 -7.951255e+03 -9.945575e+04 +1.334916e+09 +5.133887e+08 +2.442938e+10 -1.432227e+13 +6.408134e+14 +7.593117e+16 -2.950559e+20   -3.368766e-08 +1.384430e-04 +5.617228e-04 -5.799473e-02 -6.116773e-01 -4.792729e-01 +3.336572e+03 -4.384943e+05 -3.213712e+08 +1.994487e+09 -9.865265e+10 +4.122124e+12 -8.592397e+14 +1.798748e+17 +4.072547e+19   
S15-186   +1.299958e+02   +1.100142e-07 +4.805526e-05 -2.234057e+00 -1.400701e-04 -2.005524e+00 +1.298457e+02 -7.317846e+03 -2.696227e+04 +1.385558e+09 +2.467685e+08 -9.021099e+10 -1.685234e+12 +6.426052e+14 +7.233754e+16 -3.155207e+20   +2.348175e-07 +1.304000e-04 +1.423569e-04 -3.819539e-02 -3.432432e+00 +2.318933e+01 +1.400228e+03 -2.755069e+05 -2.620218e+08 +1.067968e+09 +7.128700e+10 +9.030384e+11 +5.439989e+14 +1.289029e+17 +3.401238e+19   
S15-187   +1.299957e+02   -1.860421e-07 +6.793328e-05 -2.233744e+00 -2.004069e-02 -5.774912e+00 +2.621783e+02 -1.071485e+04 -2.218532e+05 +1.400886e+09 +1.202507e+09 +6.012591e+10 -3.170606e+12 +4.861710e+14 +1.002002e+17 -3.105352e+20   +3.531852e-07 +1.356372e-04 -6.532388e-04 -1.392652e-02 -6.485343e+00 -4.877242e+00 +8.199817e+03 -4.303563e+05 -1.955115e+08 +2.609294e+08 +1.758251e+11 +1.423884e+12 -4.486295e+14 +1.212552e+17 +2.704904e+19   
S15-188   +1.299955e+02   +1.298786e-07 +8.673093e-05 -2.234746e+00 -3.716795e-02 -1.336846e+00 -2.518571e+01 -3.316529e+03 -3.092312e+05 +1.370791e+09 -2.816414e+07 +4.319873e+10 -1.684328e+12 +3.233279e+14 +9.712044e+16 -3.095406e+20   -5.287622e-08 +1.302775e-04 +1.526679e-04 -2.318044e-02 +2.551388e+00 -4.409039e+00 -3.270228e+03 -2.589552e+05 -2.291357e+08 -4.610827e+08 +5.342503e+10 +6.673639e+12 -7.303914e+14 +9.175856e+16 +2.497826e+19   
S15-189   +1.299977e+02   +3.786895e-07 +7.102580e-05 -2.233289e+00 -2.808128e-02 -2.041005e+00 -8.044873e+01 -7.029163e+03 -3.569432e+05 +1.423554e+09 -8.916642e+08 -1.806568e+10 +8.689969e+12 +4.369081e+14 +1.130485e+17 -3.284312e+20   +1.994171e-07 +1.403616e-04 +4.071909e-04 -8.046358e-02 -2.314060e+00 +3.381682e+00 +3.808447e+03 -2.590111e+05 -2.811277e+08 +2.120921e+09 +1.256348e+11 -1.972882e+11 -2.484462e+14 +1.349312e+17 +2.917880e+19   
S15-190   +1.299977e+02   -2.960832e-08 +6.742359e-05 -2.232418e+00 -4.563334e-02 -5.209150e+00 -2.017396e+01 -7.078736e+03 -3.229402e+05 +1.463211e+09 +3.307371e+08 +2.022387e+11 +1.239338e+13 +3.203536e+14 +9.723549e+16 -3.269386e+20   +1.589853e-07 +1.234373e-04 +4.124232e-04 +3.421476e-02 +6.713670e-01 +2.520866e+01 -2.989127e+03 -4.512488e+05 -2.507264e+08 -7.784399e+08 +9.068753e+10 -3.406416e+12 -5.456298e+14 +1.535337e+17 -4.380862e+18   
S15-191   +1.299944e+02   -8.408047e-08 +5.813140e-05 -2.231930e+00 -7.761311e-02 -8.639218e+00 +1.075314e+02 -8.317558e+03 -3.365947e+05 +1.455399e+09 -4.555742e+08 +3.328442e+11 +6.360618e+11 -6.023823e+14 +1.175881e+17 -3.260192e+20   -4.217924e-07 +1.299851e-04 -3.210301e-04 -5.707362e-02 +6.903759e+00 +2.077369e+01 -7.179919e+03 -1.434630e+05 -1.607483e+08 +1.845153e+09 -1.126649e+11 -5.416243e+12 -6.386504e+14 +5.174341e+16 +9.529518e+18   
S15-192   +1.299959e+02   +2.328947e-07 +1.225181e-04 -2.231067e+00 +4.334262e-02 -2.841493e+00 -2.261821e+02 -8.092355e+03 -1.981855e+05 +1.378291e+09 +3.931268e+07 -1.025834e+10 +2.450556e+12 +7.041227e+14 +1.296764e+17 -3.061422e+20   -2.126351e-08 +1.509139e-04 +8.945021e-04 -5.363827e-02 +1.583548e+00 +1.936388e+01 -3.929080e+03 -2.848689e+05 -2.955552e+08 +5.547586e+08 +9.459106e+09 -6.881014e+12 -6.309564e+13 +1.200079e+17 +3.954093e+19   
S15-193   +1.299966e+02   +3.837222e-07 +4.935179e-05 -2.231301e+00 +1.123786e-02 -3.536268e+00 +9.422908e+00 -1.404155e+04 -9.118100e+04 +1.439780e+09 -1.449157e+09 +6.614644e+10 +3.916975e+12 +9.045383e+14 +3.362794e+16 -3.309793e+20   +4.557011e-08 +1.340890e-04 +4.380781e-04 -4.851465e-02 -4.341645e-01 +1.991491e+01 +4.931564e+03 -3.971558e+04 -2.523836e+08 +2.930887e+08 +7.853567e+10 -2.010391e+12 -1.482621e+15 +7.238204e+16 +2.550641e+19   
S15-194   +1.299958e+02   +1.260170e-07 +2.564921e-05 -2.230980e+00 -2.508057e-02 -3.106593e+00 +5.560629e+01 -3.758781e+03 +3.965103e+04 +1.374087e+09 -9.978784e+06 +6.119651e+10 +7.169112e+12 +4.922793e+12 +3.878047e+15 -3.106992e+20   -5.020282e-08 +1.250610e-04 +3.978304e-04 -5.467466e-03 -2.598177e+00 -1.807099e+01 +7.298059e+03 -3.592311e+05 -2.232591e+08 +3.503505e+08 -9.314416e+10 +4.567234e+12 +9.118995e+13 +8.254636e+16 +2.752821e+19   
S15-195   +1.299970e+02   +2.695323e-07 -1.218647e-05 -2.232547e+00 -7.834842e-02 -4.562152e+00 +5.321474e+01 -1.563618e+04 +4.085787e+04 +1.471697e+09 -1.202212e+09 -5.560365e+10 +4.110818e+12 +1.401588e+15 -1.106686e+17 -3.469099e+20   -5.402392e-08 +1.512026e-04 -8.051840e-04 +3.525568e-02 -1.559538e+00 -6.788781e+00 +9.678416e+03 -7.047283e+05 -3.530959e+08 +1.382179e+09 -2.603579e+10 -5.601983e+12 -1.051857e+15 +1.549796e+17 +1.056750e+17   
S15-197   +1.299964e+02   +2.322410e-07 +2.902988e-05 -2.231689e+00 -5.781702e-02 -5.646617e+00 +1.104130e+02 -9.732800e+03 -2.266794e+05 +1.428484e+09 -1.036560e+09 -1.512591e+11 +5.921759e+12 +1.367498e+15 -7.898373e+15 -3.640740e+20   -2.023589e-07 +9.466024e-05 -1.091736e-03 +4.634194e-02 -7.571443e-01 -2.462831e+01 -4.773581e+02 -5.822080e+05 -3.779255e+08 +8.744911e+08 +2.009173e+11 +2.238817e+13 -2.630006e+13 +7.817793e+16 -1.156476e+19   
S15-199   +1.299963e+02   -5.714692e-08 +6.973334e-05 -2.232095e+00 -4.860482e-02 -5.261692e+00 -4.642600e+01 -9.022426e+03 -2.939091e+05 +1.463226e+09 +2.323537e+09 -1.228997e+11 -5.748509e+12 +1.708629e+14 +1.361796e+17 -3.827787e+20   +2.516744e-07 +1.153981e-04 -1.401914e-04 -5.614357e-02 -2.447837e+00 +2.108384e+01 +4.412353e+03 -1.278795e+05 -5.001159e+08 +3.187072e+09 +1.473343e+11 +9.757485e+11 -7.838215e+14 +1.490131e+17 +6.782672e+18   
S15-206   +1.299955e+02   -1.964143e-07 +8.722994e-05 -2.231413e+00 -2.504477e-02 -1.830913e+00 -1.418237e+02 -2.328437e+03 -1.451904e+04 +1.413670e+09 -9.780123e+08 +9.399679e+10 +5.374913e+12 +5.004345e+14 +5.224836e+16 -3.352285e+20   +3.560204e-08 +1.260364e-04 -9.540776e-04 -1.964080e-02 +1.803509e+00 +1.020681e+01 +1.670998e+03 +1.016609e+05 -4.410060e+08 +4.072792e+09 -1.246626e+10 -5.149718e+12 -1.218135e+15 +7.365662e+16 +1.621065e+19   
S15-207   +1.299961e+02   +1.790913e-07 +6.983152e-05 -2.232844e+00 -1.287596e-02 -4.567929e+00 -6.192409e+01 -1.292775e+04 +2.389003e+04 +1.512305e+09 -2.708044e+08 +1.686587e+10 +1.893077e+12 +8.042057e+14 +3.025489e+16 -3.333014e+20   +3.040183e-07 +1.163556e-04 -1.066762e-03 +2.327517e-02 -3.382679e+00 +2.549739e+01 +3.643354e+03 -3.735807e+05 -2.011131e+07 -1.208658e+07 +5.632235e+10 +2.473574e+12 -6.688751e+14 +1.406108e+17 -5.498816e+18   
S15-209   +1.299971e+02   +1.262461e-07 +5.914098e-05 -2.231806e+00 -8.479481e-02 -4.458102e+00 -2.668797e+02 -1.387203e+04 -8.339732e+05 +1.472035e+09 +2.414125e+09 -1.665785e+11 +8.386295e+12 +1.626524e+15 +4.242157e+16 -3.786520e+20   +1.414606e-07 +1.141462e-04 -1.894749e-04 +3.179946e-02 -2.913340e+00 +2.064294e+01 +8.286785e+03 +2.343658e+04 -4.983638e+08 -4.382929e+09 +2.231882e+11 -8.825805e+11 -8.091804e+14 +6.895752e+16 -1.100621e+19   
S15-210   +1.299967e+02   +2.466479e-07 +7.342135e-05 -2.232614e+00 -3.878788e-02 -2.876705e+00 +7.021774e+01 -1.273032e+04 -4.012252e+05 +1.529712e+09 -1.842777e+09 -9.419955e+10 +8.801854e+12 +2.677166e+14 +1.266516e+17 -3.811586e+20   +1.838417e-07 +1.108219e-04 +2.478010e-04 +1.664655e-02 -1.117956e+00 +2.752004e+01 +2.957612e+03 -7.035046e+04 -5.310433e+08 -2.244500e+08 +1.084260e+11 -3.677520e+11 -2.804400e+15 +2.592072e+16 -5.410670e+18   
S15-212   +1.299958e+02   +5.137021e-07 +3.801344e-05 -2.232495e+00 -1.036846e-01 -2.247639e+00 +8.502575e+01 -8.330577e+03 -8.124662e+04 +1.462447e+09 +4.922799e+08 +1.031184e+11 +1.883698e+11 -2.415584e+13 +1.907136e+15 -3.383358e+20   +3.608313e-08 +1.278783e-04 -1.156626e-03 -4.859344e-02 -8.504721e-01 -1.207339e+01 +3.590665e+03 +4.138119e+04 -2.349991e+08 +5.582208e+08 -1.603936e+11 -1.344144e+12 -6.990063e+14 +1.319560e+17 +6.492239e+18   
S15-213   +1.299948e+02   +4.131561e-08 +6.637224e-05 -2.231644e+00 -1.757093e-02 -3.848933e+00 -9.392114e+01 -1.346883e+04 -1.267275e+05 +1.495277e+09 -2.960271e+08 -1.844665e+10 +1.066615e+12 +7.049537e+14 +1.642993e+16 -3.409176e+20   -2.071914e-08 +1.006876e-04 -8.343441e-04 -3.448346e-03 +4.071078e-01 +8.729249e+00 +2.409719e+03 -3.950436e+05 -6.978166e+07 -1.611924e+08 +1.137048e+11 +4.541710e+11 -5.330511e+14 +1.418754e+17 -9.091341e+18   
S15-215   +1.299954e+02   +1.902579e-07 +6.726327e-05 -2.227447e+00 -3.214929e-02 -7.299856e+00 -1.940737e+00 -1.625453e+04 -1.423327e+05 +1.454733e+09 -4.284279e+09 -7.648947e+10 +8.517694e+12 +8.317048e+14 +6.460992e+16 -3.196867e+20   +1.104943e-07 +1.412499e-04 -4.851455e-04 -2.608191e-02 -4.564786e+00 -2.707202e+01 +7.560022e+03 -7.997645e+05 -3.199126e+08 +5.211864e+08 +1.933626e+11 +6.638911e+12 -1.959934e+14 +1.304952e+17 +1.032092e+19   
S15-216   +1.299954e+02   +7.439489e-08 +5.757550e-05 -2.229084e+00 -5.499189e-02 -4.062042e+00 -3.279641e+01 -1.288641e+04 -2.524275e+05 +1.497767e+09 -1.585109e+08 -2.906984e+10 -2.846743e+12 +8.396913e+14 +4.420630e+16 -3.393668e+20   +1.056710e-08 +9.661265e-05 -1.084533e-03 +3.289199e-02 -2.066404e+00 +2.326485e+01 +5.684356e+03 -4.543845e+05 -8.586573e+07 -6.191227e+08 +1.843706e+11 -5.477462e+12 -3.435305e+14 +1.394824e+17 -6.462292e+18   
S15-218   +1.299972e+02   +1.593207e-07 +6.152833e-05 -2.231228e+00 -5.901662e-03 +1.081572e-02 +1.615790e+02 -7.806060e+03 -3.615880e+05 +1.396264e+09 +2.336590e+09 -9.586199e+10 +2.903855e+12 +9.516851e+14 +4.251999e+16 -3.265766e+20   -1.878312e-08 +1.366060e-04 -7.370115e-04 -2.467889e-02 -3.072142e+00 +7.174776e+01 +6.228973e+03 +1.918950e+05 -2.972579e+08 -1.260036e+08 +3.341934e+10 -2.396695e+12 +1.472505e+14 +2.811253e+16 -1.465305e+18   
S15-219   +1.299950e+02   +1.660108e-07 +8.683442e-05 -2.232887e+00 +1.295045e-02 -3.674147e+00 +8.890973e+01 -1.284670e+04 -1.333923e+05 +1.423626e+09 +1.748778e+09 -1.322266e+09 -2.971614e+12 +2.346393e+14 +1.676152e+16 -3.283141e+20   -7.966722e-08 +1.310878e-04 -9.037617e-04 -3.807264e-02 +1.628203e+00 +2.988576e+01 -1.516115e+03 +1.684294e+05 -3.617130e+08 +5.068242e+08 -7.895504e+10 -3.691524e+12 -2.753176e+14 +8.047417e+16 +1.100429e+19   
S15-220   +1.299948e+02   -7.953380e-08 +6.073878e-05 -2.234140e+00 -7.935302e-02 -1.861138e+00 +9.761275e+01 -1.647327e+03 -2.580491e+05 +1.513711e+09 +1.085492e+09 +7.483449e+10 -5.358713e+12 -3.986683e+14 +3.202733e+16 -3.528447e+20   +1.872598e-07 +1.032281e-04 -7.853837e-04 -8.274339e-03 -1.166716e+00 +2.975432e+01 +1.554704e+03 -2.585167e+05 -1.507008e+08 +3.011750e+08 -1.166964e+10 -2.690845e+12 -4.121019e+14 +1.171669e+17 -5.005613e+18   
S15-221   +1.299952e+02   +1.311336e-07 +2.783750e-05 -2.235800e+00 +1.025682e-02 -3.082737e+00 -1.075329e+02 -8.051305e+03 +1.051556e+05 +1.450015e+09 +5.902539e+08 +4.243917e+10 +2.127172e+12 +2.803151e+14 +1.552683e+16 -3.283790e+20   +1.478790e-07 +9.680473e-05 -2.736701e-04 -2.205580e-02 +1.136179e+00 +2.112101e+01 -4.822339e+03 -2.187713e+05 -1.186285e+08 +7.153505e+07 +2.565219e+10 +2.360471e+12 +9.344999e+13 +5.242297e+16 -1.379576e+18   
S15-222   +1.299972e+02   -7.468029e-08 +7.997411e-05 -2.231104e+00 -6.541049e-02 -3.257179e+00 +1.007100e+02 -3.419434e+03 -2.057227e+05 +1.449390e+09 -2.754437e+09 +1.014304e+11 -3.522367e+12 -3.324552e+14 +9.075703e+16 -3.163139e+20   +8.219916e-09 +1.000307e-04 -1.014363e-03 +4.263646e-02 +1.626403e+00 +2.529406e+01 +3.772557e+03 -9.092973e+05 -4.428783e+08 -1.292028e+09 +1.496969e+11 -1.485764e+13 -1.406221e+15 +2.242541e+17 +2.100379e+19   
S15-223   +1.299958e+02   +4.296193e-07 +6.490130e-05 -2.231688e+00 -5.773110e-02 -1.618298e+00 +2.078753e+01 -1.285185e+04 -2.011333e+05 +1.489353e+09 -3.914544e+08 -1.989170e+11 +1.428199e+12 +1.353551e+15 +1.011544e+17 -3.331148e+20   -4.144497e-08 +1.337073e-04 -8.940950e-04 -3.716328e-02 +4.651148e-01 -2.965946e+01 +3.005115e+03 -2.416422e+05 -3.272777e+08 -1.931002e+09 -1.043468e+11 +8.647479e+12 -7.452528e+14 +1.249729e+17 +1.686144e+19   
S15-227   +1.299952e+02   +1.773202e-07 +5.864800e-05 -2.233441e+00 -2.506871e-02 -3.230182e+00 -3.644662e+01 -8.985886e+03 -7.085561e+04 +1.422837e+09 -1.966508e+09 +9.734352e+10 +1.084838e+13 +7.872160e+14 +8.524846e+16 -3.424406e+20   +1.243571e-07 +1.428777e-04 -1.253126e-03 -4.236730e-02 -1.328452e+00 -1.341933e+00 +3.446474e+03 -3.753368e+05 -3.305538e+08 +1.033940e+08 -1.220360e+10 -4.700320e+12 -1.921988e+14 +1.060075e+17 +1.088686e+19   
S15-228   +1.299959e+02   -1.041763e-07 +4.665778e-05 -2.231233e+00 -1.060927e-01 -8.403188e+00 -2.922278e+01 -1.612815e+04 -3.173124e+05 +1.487150e+09 +8.750391e+08 +5.684353e+10 +1.728378e+12 +1.035939e+15 +4.958480e+16 -3.283604e+20   +1.997681e-08 +1.309267e-04 -8.535477e-04 -3.482131e-02 +3.144719e-01 +1.288566e+00 +1.935132e+03 -2.116497e+05 -2.455755e+08 +2.937753e+08 +4.935880e+10 +5.399667e+12 -3.691165e+14 +8.538808e+16 +1.126983e+17   
S15-229   +1.299966e+02   +1.079918e-07 +5.504493e-05 -2.231768e+00 -6.337929e-02 -3.527158e+00 +1.473019e+00 -4.456095e+03 -2.652404e+05 +1.504723e+09 +5.284539e+08 +1.616081e+11 -1.053433e+13 -1.671483e+14 -5.726466e+16 -3.346139e+20   +6.859598e-08 +1.043684e-04 -3.412299e-04 +3.396414e-02 +7.843736e-01 +3.155985e+01 -4.360567e+03 -7.400610e+05 -2.892121e+08 +3.150730e+08 +1.110979e+11 +1.301146e+13 +6.045890e+14 +1.953470e+17 +1.980249e+19   
S15-230   +1.299963e+02   +1.616287e-08 +4.938378e-05 -2.232019e+00 -6.701230e-02 -2.469070e+00 +3.095673e+00 -6.475659e+03 -3.308532e+04 +1.487431e+09 -2.001307e+09 +7.213793e+10 +7.492046e+12 +5.472853e+14 +1.536078e+16 -3.186039e+20   +1.484912e-07 +1.213429e-04 +8.131693e-05 -3.049179e-02 +8.189318e-01 +3.182557e+01 -1.929290e+03 -2.160698e+05 -2.545393e+08 +2.037286e+09 -2.404025e+10 -9.029888e+11 -3.358978e+14 +1.429869e+17 +2.396229e+19   
S15-231   +1.299953e+02   +1.821603e-07 +3.471174e-05 -2.231945e+00 -2.058021e-02 -2.893137e+00 -1.216622e+01 -5.968661e+03 -2.500203e+05 +1.396717e+09 +2.182855e+09 -2.616154e+11 +1.188242e+13 -1.552622e+15 +5.250288e+16 -3.584002e+20   +1.710006e-08 +1.400919e-04 +1.438692e-04 +1.641569e-02 +8.370933e-02 +5.612081e+01 -3.412158e+03 -3.113529e+05 -5.407792e+08 +1.342083e+09 -1.115526e+11 -3.641475e+12 +1.419032e+15 +1.190468e+17 +3.313757e+18   
S15-232   +1.299965e+02   +1.312545e-07 +4.926490e-05 -2.231898e+00 -5.020587e-02 -3.499097e-01 -4.090352e+01 -2.721110e+03 +2.062966e+05 +1.485207e+09 -2.080541e+09 -1.407309e+11 -1.257037e+13 +1.943239e+14 +6.560646e+15 -3.348133e+20   +1.060243e-08 +1.240335e-04 -4.814177e-05 -6.585897e-03 -5.992769e-01 -1.063385e+01 +8.097787e+02 -5.158097e+05 -2.783956e+08 +1.258805e+09 +2.037386e+10 +9.581989e+12 -3.001285e+14 +1.664568e+17 +2.413373e+19   
S15-234   +1.299959e+02   +2.566179e-07 +6.997773e-05 -2.230177e+00 -9.586533e-03 -2.816068e+00 +1.655508e+02 -8.873103e+03 -1.654911e+05 +1.361721e+09 +1.169279e+08 +2.462688e+10 -8.494045e+11 -1.820100e+14 -1.503711e+16 -3.245456e+20   +1.386010e-07 +1.123003e-04 -8.751514e-04 +3.925820e-02 -1.270898e+00 +1.647136e+01 +5.995679e+03 -2.024723e+05 -4.600044e+08 -4.251086e+08 +9.109810e+10 +7.943958e+12 -1.150195e+15 +1.095660e+17 +3.992157e+19   
S15-236   +1.299959e+02   +3.048990e-07 +5.737359e-05 -2.232962e+00 -2.098681e-02 -2.849668e+00 +4.162728e+00 -9.354857e+03 -2.807696e+05 +1.345127e+09 +1.040971e+09 -5.041481e+10 +7.507021e+12 +2.921178e+14 +1.091831e+17 -3.060582e+20   -1.111506e-07 +1.325139e-04 -8.311362e-04 -2.063081e-02 -6.309660e-01 +1.218031e+01 +1.162695e+03 -4.100742e+05 -2.924041e+08 -1.239484e+09 +9.853865e+10 -4.777112e+12 +1.139155e+14 +1.036491e+17 +3.443387e+19   
S15-237   +1.299954e+02   +2.339637e-07 +5.388441e-05 -2.230176e+00 -2.251707e-02 -3.528125e-01 +1.413887e+02 -6.078271e+03 -2.785557e+05 +1.505053e+09 +4.998895e+08 +1.053549e+11 -1.298421e+13 +1.063830e+15 -1.520388e+16 -3.328202e+20   -1.288109e-07 +1.154162e-04 -1.796620e-04 -1.619543e-03 -1.831646e+00 +3.390872e+00 +6.309873e+03 -4.608162e+05 -2.773457e+08 +1.424147e+09 -2.173410e+10 -4.073360e+12 -1.541155e+14 +1.065738e+17 +2.742971e+18   
S15-238   +1.299968e+02   -1.452492e-08 +6.676928e-05 -2.232840e+00 -3.248075e-02 -3.707017e+00 -2.771300e+01 -8.008659e+03 -4.345108e+04 +1.514918e+09 -1.475696e+09 +7.895964e+09 +2.902484e+12 +8.530341e+14 +4.075314e+16 -3.311738e+20   -2.625932e-08 +1.406498e-04 -5.014390e-04 -3.017645e-02 -1.936275e+00 +1.913153e+01 +3.057712e+03 -2.815425e+05 -2.238794e+08 -4.156268e+08 +7.638133e+10 -2.961213e+12 +4.586901e+14 +1.027914e+17 +4.686012e+18   
S15-239   +1.299957e+02   +2.040656e-07 +9.226321e-05 -2.231332e+00 -2.778007e-02 -2.275318e+00 -2.189866e+01 -7.227076e+03 -2.557855e+05 +1.517143e+09 -5.342047e+08 -1.380926e+11 +8.582892e+12 +4.738521e+14 +6.505097e+16 -3.359176e+20   +1.188634e-07 +1.037425e-04 -2.486009e-04 +1.202965e-02 +1.857761e+00 +1.813752e+01 -2.671191e+03 -5.156448e+05 -3.089629e+08 -2.156276e+09 +1.820230e+10 +3.111859e+12 -5.498686e+14 +1.489241e+17 +1.264609e+19   
S15-240   +1.299961e+02   +2.105381e-07 +1.004127e-04 -2.234763e+00 -1.462834e-02 -1.399593e+00 -9.258378e+01 -5.906786e+03 -3.228003e+05 +1.339472e+09 +6.940301e+08 -2.687463e+10 +2.606162e+12 -6.029325e+13 +9.282486e+16 -3.007893e+20   +5.725712e-08 +1.249160e-04 -1.170963e-05 -1.749401e-02 -6.171744e-01 +4.096574e+00 +2.727391e+03 -2.100152e+05 -2.977226e+08 +3.458786e+08 +9.872435e+10 -2.624079e+12 -6.788718e+14 +9.023232e+16 +3.408895e+19   
S15-242   +1.299963e+02   +1.198032e-07 +5.056397e-05 -2.231764e+00 -4.993439e-02 -2.576623e+00 +1.650144e+02 -7.945572e+03 +1.497506e+05 +1.508161e+09 -7.676197e+07 -3.419988e+10 +1.117216e+12 +2.143496e+14 +1.414649e+16 -3.353924e+20   +5.516458e-09 +1.176870e-04 +8.955440e-05 -2.934189e-03 -5.821269e-01 +4.030883e+01 +2.973711e+03 -4.361305e+05 -1.524405e+08 +2.253683e+08 +7.840915e+10 -3.592226e+12 -7.421044e+14 +1.387212e+17 -5.761794e+18   
S15-244   +1.299962e+02   +1.322550e-07 +6.784494e-05 -2.231977e+00 -5.431850e-02 -3.076441e+00 +1.332764e+02 -8.983932e+03 -2.408310e+05 +1.531622e+09 -3.005012e+09 +2.087213e+10 -4.201045e+12 +5.064878e+14 +1.230564e+17 -3.419235e+20   -3.434578e-09 +1.176453e-04 +5.141340e-05 -6.508603e-03 +2.964014e+00 -1.060602e+01 -1.072942e+04 -2.903979e+05 -3.099766e+08 +4.727689e+07 +1.871957e+10 +9.664182e+12 +1.841035e+15 +5.977026e+16 +1.120234e+19   
S15-245   +1.299962e+02   +6.353239e-08 +5.056762e-05 -2.231951e+00 -5.805059e-02 -2.897312e+00 +4.633592e+01 -6.660399e+03 -1.982995e+05 +1.529179e+09 -2.263227e+08 -5.788648e+10 -3.014193e+12 +2.809014e+14 +4.803772e+16 -3.342933e+20   -1.523632e-07 +1.053238e-04 -6.965696e-04 +4.255484e-02 +1.307444e+00 +1.203471e+01 +2.572044e+02 -4.343705e+05 -1.725346e+08 +5.230417e+08 +2.218660e+10 -2.842903e+12 -3.948102e+14 +1.566830e+17 +1.176232e+18   
S15-246   +1.299951e+02   +2.168518e-07 +5.972968e-05 -2.235194e+00 -3.091203e-02 -3.795331e+00 +9.178438e+01 -1.089266e+04 -1.444223e+05 +1.501623e+09 +3.156969e+08 +3.850814e+09 -7.606618e+11 +7.042552e+14 +6.476693e+16 -3.344595e+20   -1.773861e-07 +9.224071e-05 -1.097328e-03 +7.402092e-02 +1.020954e+00 +1.828675e+01 +2.078130e+03 -4.160656e+05 -2.197184e+07 -1.035411e+09 +9.435409e+09 -5.550513e+11 -6.676329e+14 +1.221882e+17 -3.565595e+18   
S15-248   +1.299962e+02   +3.604869e-08 +9.208000e-05 -2.236218e+00 +6.823471e-02 -1.693674e+00 -6.648474e+01 -3.728321e+03 -2.943466e+05 +1.325518e+09 -8.920930e+08 -4.435888e+10 +6.256269e+12 +1.292768e+14 +1.049573e+17 -2.937771e+20   -1.302057e-07 +1.323639e-04 -2.991357e-04 -3.753058e-02 +2.821178e+00 -4.295653e+01 -4.300830e+03 -3.072913e+05 -3.311384e+08 +6.010705e+08 -2.286566e+10 +1.231116e+13 +8.412438e+13 +5.480359e+16 +3.772863e+19   
S15-249   +1.299954e+02   +1.228705e-07 +6.744192e-05 -2.232590e+00 -2.169332e-02 -2.936662e+00 -8.716385e+01 -8.420606e+03 -3.163550e+05 +1.423072e+09 +7.866848e+08 +7.617833e+10 +1.917686e+12 +1.110545e+15 +1.152553e+16 -3.370901e+20   +1.658723e-07 +1.264197e-04 -2.598117e-05 +3.536242e-02 -3.198819e+00 +1.205619e+01 +4.921017e+03 -3.465565e+05 -2.738059e+08 -1.848171e+09 +9.849933e+10 +1.423802e+12 -1.059057e+15 +1.521020e+17 +6.379853e+18   
S15-251   +1.299961e+02   +1.794498e-07 +4.496496e-05 -2.232149e+00 -1.059215e-01 -7.340116e-01 +6.263947e+01 -4.246060e+03 -6.493042e+05 +1.402031e+09 +2.253544e+09 -1.215836e+11 +6.102384e+12 +1.711427e+14 +1.887388e+17 -3.224914e+20   +7.561363e-08 +1.193580e-04 -2.635941e-04 -1.809118e-02 -1.730467e+00 +1.077685e+01 +4.811883e+03 -3.807390e+05 -4.113425e+08 +3.124581e+09 -5.805533e+10 -7.535990e+11 -8.295249e+14 +1.198257e+17 +7.791234e+18   
S15-253   +1.299957e+02   +5.791140e-08 +7.255181e-05 -2.232159e+00 -4.392229e-02 -2.412790e+00 +1.624084e+01 -8.338922e+03 -1.283725e+05 +1.464058e+09 -6.617817e+08 +1.758120e+11 -2.402369e+11 +1.908236e+14 -5.095931e+15 -3.351559e+20   +6.468488e-08 +1.193045e-04 -4.183693e-04 -7.632768e-02 +2.514008e+00 +1.376930e+01 -2.271936e+03 +1.151260e+05 -3.162115e+08 +1.125364e+09 +1.116624e+11 +1.943558e+12 -2.730379e+14 +7.821528e+16 +3.742993e+18   
S15-256   +1.299966e+02   +6.540352e-09 +4.951405e-05 -2.238329e+00 -4.452683e-03 -3.554722e+00 +2.927060e+01 -9.776010e+03 -1.114154e+05 +1.342530e+09 +6.898040e+08 +1.253887e+11 -7.995778e+12 +1.002419e+15 +1.084435e+17 -3.046966e+20   -1.807750e-07 +1.303244e-04 -4.140668e-04 -2.249554e-03 +1.583474e-01 +2.796109e+01 +1.336899e+03 -4.357430e+05 -3.367241e+08 +1.232580e+08 -5.104388e+10 +2.020265e+10 -2.706912e+14 +1.141323e+17 +4.694627e+19   
S15-257   +1.299957e+02   +1.335986e-07 +7.621880e-05 -2.230919e+00 -3.976527e-02 -6.211870e+00 -2.154638e+02 -1.572127e+04 -1.904322e+05 +1.520737e+09 +1.930920e+08 +1.397630e+11 -8.736135e+12 +1.007799e+15 +1.357133e+17 -3.389272e+20   +1.679806e-07 +1.030056e-04 -7.552081e-04 +3.820617e-02 +2.507779e+00 +1.143436e+01 -3.871846e+03 +2.696640e+04 -2.976409e+08 +6.820327e+08 +8.675333e+10 -7.306729e+12 -6.353094e+14 +4.890728e+16 +8.082237e+18   
S15-258   +1.299958e+02   -6.005912e-08 +5.536791e-05 -2.232488e+00 -2.651913e-02 -5.421937e+00 +1.398891e+02 -2.383540e+03 -1.219032e+05 +1.464480e+09 +2.618424e+08 +2.089021e+11 -1.448035e+13 -2.274448e+14 +2.982257e+16 -3.281081e+20   -1.984355e-07 +1.233351e-04 -3.208140e-04 -6.365593e-02 +4.006253e+00 -3.224265e+00 -6.578215e+03 +2.588177e+05 -2.054833e+08 +2.338522e+08 +6.436762e+10 +3.207614e+12 -1.800858e+14 +5.868918e+16 +1.500685e+18   
S15-261   +1.299968e+02   +1.178101e-07 +4.918944e-05 -2.234363e+00 -4.241761e-02 -1.721507e+00 +1.210641e+01 -2.629896e+03 -3.384076e+05 +1.441203e+09 -1.511937e+09 -1.079495e+11 +6.597843e+11 +3.691038e+14 +3.779335e+16 -3.257049e+20   -1.004862e-07 +1.583309e-04 +3.857555e-04 -6.634396e-02 +3.465609e+00 -2.777142e+00 -6.703988e+03 -5.803631e+05 -1.479911e+08 +1.625264e+09 +5.187258e+10 +1.184268e+12 -2.680141e+14 +1.602209e+17 +9.433078e+18   
S15-263   +1.299957e+02   +1.951535e-07 +4.441552e-05 -2.234273e+00 -5.129944e-02 -1.557420e+00 +2.593594e+02 -4.746869e+03 +1.012107e+05 +1.438297e+09 +2.275372e+08 +7.713032e+09 -2.362687e+12 +4.799570e+14 -2.002449e+16 -3.247444e+20   -6.110031e-08 +1.230802e-04 +4.633156e-04 -4.037228e-03 +1.191557e+00 +1.442608e+00 +3.170444e+03 -3.670701e+05 -1.481390e+08 +7.793581e+08 +6.773374e+10 +3.084370e+12 -8.876817e+14 +1.422608e+17 +5.102141e+18   
S15-267   +1.299975e+02   +6.532937e-08 +6.764262e-05 -2.232748e+00 -2.257973e-02 -4.355048e+00 -2.978327e+01 -1.062410e+04 -5.652169e+04 +1.504251e+09 +9.251763e+08 +7.390228e+09 +5.892457e+12 +8.158849e+14 +2.482898e+16 -3.391134e+20   -4.871258e-08 +1.249059e-04 -6.610189e-05 -6.983834e-02 +2.123289e-01 -6.613358e+00 +4.046084e+03 -6.554068e+04 -2.233265e+08 +1.103307e+09 -1.510015e+10 +6.434273e+12 -1.037411e+15 +1.500183e+17 +1.126086e+19   
S15-271   +1.299965e+02   +1.577138e-07 +5.962024e-05 -2.231650e+00 -2.191928e-02 -6.975252e-01 +1.931338e+01 -5.269246e+03 -3.881363e+05 +1.465073e+09 +4.888355e+07 -6.920682e+10 +2.569934e+12 +9.001042e+14 +6.420494e+16 -3.514862e+20   -9.554780e-08 +9.759986e-05 -1.323636e-03 +4.870150e-02 +4.107584e+00 +2.643573e+00 -3.983999e+03 -5.943982e+05 -3.414667e+08 -8.060340e+07 -1.841316e+11 +3.055705e+12 -6.386640e+14 +1.630745e+17 +1.202084e+18   
S15-272   +1.299947e+02   +3.075740e-07 +4.868742e-05 -2.233368e+00 -6.433211e-02 -3.650487e+00 +1.564551e+01 -1.454116e+04 -2.428634e+05 +1.489026e+09 +1.554704e+09 +3.697463e+10 +8.728802e+12 +9.055085e+14 +4.299217e+15 -3.417677e+20   +7.600138e-08 +1.219055e-04 -5.152462e-04 -5.070010e-02 -3.644919e+00 +1.623890e+01 +9.841117e+03 -2.499477e+05 -3.234652e+08 -4.300624e+08 +1.158106e+09 +3.492725e+11 -3.417061e+14 +1.515313e+17 +1.666308e+19   
S15-274   +1.299955e+02   +2.045193e-07 +6.140784e-05 -2.232780e+00 -3.959931e-02 -5.024965e+00 -1.605202e+02 -1.582442e+04 -3.186012e+05 +1.503804e+09 +6.944998e+08 -4.376466e+10 +1.949943e+12 +4.817071e+14 +4.581097e+16 -3.355118e+20   +1.127831e-07 +9.219396e-05 -2.794946e-04 +8.112319e-02 +1.764176e+00 +4.681426e+01 -1.796420e+03 -6.883109e+05 -2.590805e+08 -2.243721e+09 +1.412214e+11 -1.756946e+12 +2.091932e+14 +1.899590e+17 +3.074648e+18   
S15-275   +1.299963e+02   +5.164924e-07 +6.513168e-05 -2.231679e+00 -5.044260e-02 -5.450217e-01 -1.710003e+02 -1.041944e+04 -8.247950e+04 +1.433229e+09 -9.675945e+08 +7.393310e+09 -1.487289e+12 +1.315090e+15 -1.001060e+17 -3.354846e+20   +1.159339e-07 +9.789702e-05 -1.403885e-03 -1.184816e-02 -1.401688e+00 +3.352978e+01 +1.756856e+03 -3.160299e+05 -3.567171e+08 +1.512552e+09 +1.651386e+10 -4.475600e+11 +7.647293e+14 +1.778548e+17 +7.874547e+18   
S15-276   +1.299965e+02   -9.613036e-08 +2.265232e-05 -2.238266e+00 -9.048282e-02 -6.304209e+00 +1.304409e+02 -9.200571e+03 -2.730910e+05 +1.484668e+09 +5.404723e+08 +8.733889e+10 -6.038463e+12 +1.024941e+15 +3.761205e+16 -3.340501e+20   -5.215455e-08 +8.627509e-05 -1.069596e-03 +1.839142e-04 -2.436184e-01 -1.243290e+01 +2.361036e+03 -5.079301e+05 -2.382349e+08 -6.066608e+08 +6.165880e+10 +1.169621e+12 -8.802822e+14 +1.352333e+17 -6.778857e+17   
S15-277   +1.299958e+02   +1.676733e-07 +4.564978e-05 -2.235217e+00 +1.648726e-02 -6.637604e-01 -7.197537e+01 -4.081561e+03 -7.729727e+04 +1.384992e+09 -3.626356e+08 -1.526448e+11 +3.660783e+12 +6.435989e+14 +6.821150e+16 -3.188212e+20   -4.057560e-08 +1.093705e-04 -5.526596e-04 -4.222395e-02 -2.834996e+00 +3.953067e-01 +5.247733e+03 -4.177703e+05 -1.970647e+08 +3.995794e+08 +1.260136e+11 +2.943092e+12 -1.747455e+14 +1.377448e+17 +2.483383e+19   
S15-278   +1.299958e+02   +1.267419e-08 +5.688322e-05 -2.235403e+00 -6.173952e-02 -4.088151e+00 +1.148082e+02 -6.859247e+03 -1.072818e+05 +1.481564e+09 +5.554707e+08 +1.212248e+11 -5.936223e+12 +5.306427e+14 +3.754311e+16 -3.417765e+20   -1.387691e-07 +8.959397e-05 -3.273410e-04 +3.099150e-03 +3.822197e+00 +1.752204e+01 -2.537361e+03 -1.444604e+05 -2.232032e+08 +5.731884e+08 -3.268832e+10 -1.033327e+13 -5.713291e+14 +1.459748e+17 +1.159543e+18   
S15-281   +1.299970e+02   +1.269232e-07 +1.803975e-05 -2.233965e+00 -9.346008e-02 +1.465132e+00 -1.410196e+01 -3.181613e+03 +5.387641e+04 +1.457174e+09 -6.524888e+08 +1.621858e+10 +3.630475e+12 +1.383673e+15 +3.162017e+15 -3.458194e+20   -1.906032e-07 +1.256437e-04 -2.429326e-04 -4.105515e-02 +1.725367e+00 +5.843182e+01 -2.982773e+03 -2.176505e+05 -3.307797e+08 +2.663173e+09 -2.033210e+10 -1.149380e+13 +2.200693e+13 +5.831076e+16 -6.035519e+18   
