# multipoles are divided by excitation current and units are [T], [m] and [A]
# harmonics (dipole n=0): 00 01 02 03 04 05 06 07 08 09 10 11 12 13 14 
# MAG_LABEL   CURRENT[A]   <NORMAL_MULTIPOLES/CURRENT>[T/m^(n-1)/A]   <SKEW_MULTIPOLES/CURRENT>[T/m^(n-1)/A]
S15-004   +1.677973e+02   +4.423531e-07 +7.890473e-05 -2.147765e+00 -1.349962e-02 +5.824314e-01 -1.078844e+02 -5.424434e+03 +7.947464e+04 +1.213108e+09 +5.305323e+08 -2.729584e+09 +1.202245e+13 +4.739066e+14 -7.222715e+15 -2.812636e+20   -9.166906e-08 +1.364711e-04 +6.470646e-04 -3.799507e-02 -9.816779e-01 +3.342871e+01 +4.968427e+03 -4.589509e+05 -4.180873e+08 +2.530718e+09 +9.945089e+10 -2.296915e+12 -4.314000e+14 +1.551060e+17 +6.827708e+19   
S15-006   +1.677977e+02   +1.459859e-07 +8.130624e-05 -2.160462e+00 -2.684882e-02 -6.824688e+00 +2.813411e+01 -1.777808e+04 -2.171784e+05 +1.247409e+09 -6.328954e+07 -4.083173e+10 +7.950788e+12 +1.379452e+15 +5.999856e+16 -2.867983e+20   +1.299054e-08 +9.917913e-05 +1.603316e-03 -5.296530e-02 -3.687092e-01 +7.248306e+00 +6.219769e+01 -1.190987e+05 -3.882342e+08 +3.260742e+09 -8.629576e+10 -8.445730e+12 -1.946420e+14 +6.737291e+16 +6.156264e+19   
S15-008   +1.677984e+02   +1.061226e-07 +3.892785e-05 -2.146541e+00 -4.557936e-02 -4.806256e+00 +4.570733e+01 -1.527285e+04 +8.406814e+04 +1.271383e+09 +1.434956e+08 +5.807221e+10 +3.885891e+12 +1.104755e+15 +2.793664e+16 -3.053011e+20   +1.722472e-07 +9.761762e-05 +4.414726e-04 +9.716523e-03 -7.693983e+00 +1.514045e+01 +1.192797e+04 -2.663627e+05 -1.630160e+08 -1.424927e+09 +9.147823e+10 -1.658497e+12 -3.795110e+14 +7.109192e+16 +1.644104e+19   
S15-009   +1.677974e+02   +2.250426e-07 +8.213453e-05 -2.147499e+00 -3.425191e-02 -5.027684e+00 -3.134622e+01 -1.323342e+04 -1.643509e+05 +1.271125e+09 +8.901407e+08 -2.235696e+10 +2.311027e+12 +6.252332e+14 +6.331594e+16 -3.054991e+20   -1.250180e-08 +9.653672e-05 -6.232594e-04 -2.100770e-02 +2.501700e+00 +3.497777e+01 -6.741338e+03 -1.900001e+05 -1.832831e+08 +4.550249e+08 +8.472372e+10 -2.256723e+11 +3.457931e+14 +3.455290e+16 +2.823122e+19   
S15-010   +1.677970e+02   +3.375031e-07 +1.058664e-04 -2.146609e+00 +1.171874e-02 -2.790881e-01 +6.348743e+01 -2.428641e+03 -8.189556e+04 +1.334145e+09 -2.007877e+08 -3.447706e+10 +3.397906e+12 +3.255020e+14 +8.594868e+16 -3.214257e+20   -5.472430e-08 +7.743917e-05 -8.769322e-05 +8.138381e-03 +4.521524e+00 -2.257223e+00 -8.500396e+03 +2.108026e+04 -1.359239e+08 -1.447622e+09 -1.021074e+11 +1.410961e+12 +9.217894e+13 +4.605497e+16 +9.178889e+18   
S15-014   +1.677976e+02   +2.426833e-07 +7.295420e-05 -2.141896e+00 -3.155951e-02 -1.204163e+01 -1.108746e+02 -3.377363e+04 -5.592679e+05 +1.330791e+09 -3.331939e+08 -6.699416e+10 +1.732223e+13 +4.008011e+15 +2.130216e+17 -3.075990e+20   -2.617877e-08 +1.233287e-04 -6.543401e-05 -2.037792e-02 -2.081604e-01 -6.404925e+01 -2.099587e+03 -7.362888e+05 -1.883991e+08 +1.119699e+09 +1.296934e+11 +3.759593e+13 +2.719619e+14 +2.290669e+16 +1.028825e+19   
S15-016   +1.677985e+02   -9.722584e-08 +6.713963e-05 -2.141423e+00 -7.571581e-02 -6.638134e+00 -6.788797e+01 -1.296431e+04 -1.786708e+05 +1.432292e+09 +7.906376e+08 +2.741365e+10 +1.366069e+12 +6.452602e+14 +7.123163e+16 -3.179952e+20   -9.166250e-09 +1.118384e-04 -8.533783e-04 -3.848044e-02 +8.582461e-02 +2.233590e+01 +3.390104e+03 -1.068171e+04 -3.454168e+07 -6.641204e+08 +4.684471e+10 -9.850708e+11 -6.643158e+14 +9.264231e+16 +5.521888e+16   
S15-017   +1.677974e+02   +1.768475e-07 +8.969597e-05 -2.141633e+00 -6.966270e-02 -2.004231e+00 -1.269278e+02 -4.440443e+03 -1.001188e+05 +1.434442e+09 -7.184623e+06 +5.517807e+10 +2.362346e+12 +2.096991e+14 +1.182436e+17 -3.145633e+20   +3.111711e-08 +1.270738e-04 -1.487096e-03 -4.220321e-02 +1.384127e+00 +3.302259e+01 -4.027917e+02 -3.786909e+04 -7.591828e+07 -1.396185e+09 +6.647022e+10 +5.044658e+11 -2.120766e+14 +8.100459e+16 -1.659032e+19   
S15-018   +1.677970e+02   +2.564740e-07 +1.133161e-04 -2.142721e+00 +2.483665e-02 +3.280923e-01 +7.870623e+01 -2.573865e+03 -8.217215e+04 +1.295504e+09 +3.984200e+08 +2.960592e+09 +6.150837e+11 +5.568274e+14 +1.217964e+17 -2.916152e+20   -2.431192e-07 +1.380056e-04 +7.250869e-04 -7.130360e-02 +1.438123e+00 -1.005994e+01 -8.209527e+01 +5.981060e+04 -2.772360e+08 -1.072427e+09 +2.437792e+10 +7.643408e+12 -7.284087e+14 +5.293015e+16 +3.882657e+19   
S15-021   +1.677980e+02   +6.925965e-08 +9.615323e-05 -2.143978e+00 -6.084679e-02 -4.675347e+00 +3.169222e+02 -1.130650e+04 -2.271822e+05 +1.452555e+09 +4.300648e+08 +3.408654e+10 -5.515762e+12 +7.073445e+14 +9.940208e+16 -3.221066e+20   -6.837900e-08 +1.000616e-04 -4.789098e-04 -2.540213e-02 +1.404078e+00 +4.319342e+00 -6.717082e+02 -1.842803e+05 -3.537458e+07 -2.734778e+08 +2.899794e+10 -3.031309e+11 -3.886017e+14 +1.007865e+17 -1.791594e+18   
S15-026   +1.677984e+02   +1.009960e-07 +1.296281e-04 -2.148090e+00 -3.707651e-02 -2.661497e+00 -8.017127e+01 -5.749922e+03 -3.490603e+05 +1.339994e+09 +8.095852e+08 +5.073104e+10 +1.216847e+13 +1.227925e+14 +1.243607e+17 -3.045658e+20   -1.289193e-07 +1.433876e-04 -1.114679e-03 -7.421298e-02 +7.222125e-01 -4.102092e+00 -1.627189e+02 -2.601225e+05 -2.556310e+08 +7.579000e+08 -2.746750e+10 +4.388047e+12 +8.088623e+13 +1.099096e+17 +3.880291e+19   
S15-027   +1.677962e+02   -1.062916e-07 +1.260443e-04 -2.145879e+00 -1.147128e-02 -3.349904e+00 -5.515946e+01 -8.579229e+03 -2.923324e+05 +1.483577e+09 +1.741730e+08 -9.126661e+08 +2.934077e+12 +1.015028e+15 +1.206054e+17 -3.326736e+20   +1.239979e-07 +1.459442e-04 -1.285809e-03 -1.146635e-01 +1.705505e+00 +3.138556e+01 -1.943262e+03 +1.575574e+05 -1.741887e+08 +4.460591e+08 +3.078486e+10 -9.456430e+12 -7.066435e+13 +5.569512e+16 -2.112944e+19   
S15-029   +1.677962e+02   +2.067571e-07 +2.029467e-05 -2.151284e+00 -7.361865e-02 -2.030446e+00 +6.850066e+01 -4.609940e+03 -2.596048e+05 +1.456255e+09 +3.913605e+08 -7.356174e+10 -2.440124e+12 -2.532226e+14 +8.030736e+15 -3.312920e+20   -3.009672e-07 +8.978749e-05 +1.394508e-05 -3.165140e-02 +1.573332e+00 -1.367199e+00 +2.901248e+03 -2.370721e+05 -2.048012e+08 +1.379265e+08 -5.595123e+10 +1.143563e+13 -4.318707e+14 +1.152744e+17 +2.819793e+18   
S15-030   +1.677969e+02   +1.390994e-07 +7.927912e-05 -2.145701e+00 -7.285439e-02 -5.694717e+00 -6.943221e+01 -1.414155e+04 -1.782405e+05 +1.335579e+09 +1.386404e+09 -5.327176e+10 -3.978558e+12 +1.144267e+15 +6.954056e+16 -2.994745e+20   +6.299461e-08 +1.234693e-04 +1.220894e-03 -4.984784e-02 -4.500631e+00 +2.096263e+01 +9.378671e+03 -8.474257e+04 -2.587648e+08 +1.074905e+09 +9.855128e+10 +1.267325e+12 +3.115111e+14 +7.565265e+16 +3.814592e+19   
S15-031   +1.677968e+02   -1.356107e-08 +5.278181e-05 -2.150514e+00 -2.570975e-03 -2.373481e+00 -8.452342e+01 -8.447944e+03 -1.435506e+05 +1.414535e+09 +2.648518e+08 +1.379483e+11 +7.839011e+11 +1.148142e+15 +4.435948e+16 -3.292255e+20   +3.413110e-08 +7.579239e-05 -2.612733e-04 -1.453028e-02 -6.622963e-01 +1.548338e+01 +9.057837e+02 +1.267424e+04 -1.730743e+08 +1.115964e+09 +3.599325e+10 +2.203330e+12 -5.862268e+14 +5.039750e+16 +1.276998e+19   
S15-032   +1.677968e+02   -3.860299e-08 +1.295279e-05 -2.151127e+00 -6.656694e-03 -2.289090e+00 +8.984313e+01 -5.577950e+03 +1.413565e+05 +1.426910e+09 -3.017316e+08 -2.495496e+10 -2.298648e+12 +7.307839e+14 +1.152446e+16 -3.298521e+20   -2.184615e-07 +8.991941e-05 -1.113543e-03 +1.479956e-02 +3.263881e+00 +2.090750e+01 -2.470988e+03 -5.303807e+05 -1.452083e+08 -6.423603e+07 +4.977307e+10 -3.208748e+12 -3.723318e+14 +1.300193e+17 +6.053828e+18   
S15-033   +1.677967e+02   +4.003053e-07 +4.796735e-05 -2.150042e+00 -3.368408e-02 -1.634310e+00 +4.902302e+01 -1.002948e+04 -2.419437e+05 +1.468113e+09 -7.376045e+08 -4.394638e+10 +1.378168e+13 +9.180729e+13 +7.006062e+16 -3.346001e+20   -1.363697e-07 +6.575308e-05 -1.088897e-03 +9.573806e-03 +1.934117e+00 +6.527232e+00 -1.139307e+03 -1.094648e+05 -2.302316e+08 +3.835331e+08 -5.524358e+10 +1.794931e+12 -4.497054e+14 +6.747022e+16 +1.249104e+19   
S15-034   +1.677973e+02   +1.404884e-07 +8.579125e-05 -2.140287e+00 -2.540522e-02 -3.464453e+00 -4.047788e+01 -8.480744e+03 -1.340063e+05 +1.343559e+09 -1.697553e+08 -9.791242e+09 +1.136908e+13 +4.019404e+14 +8.387108e+16 -3.041838e+20   +1.911732e-08 +1.154651e-04 +1.038076e-03 +2.171182e-05 +4.207590e-01 +2.339625e+01 -2.646455e+03 -4.116949e+05 -2.110568e+08 +1.064604e+09 +1.302287e+11 -4.319799e+12 -1.275661e+14 +8.733102e+16 +2.625593e+19   
S15-035   +1.677971e+02   +3.277912e-08 +6.360998e-05 -2.140951e+00 -5.996987e-03 -4.039029e+00 +1.913846e+02 -1.060621e+04 -1.860263e+04 +1.469899e+09 -2.355600e+08 -4.100578e+10 +1.301175e+12 +3.861430e+14 +5.503332e+16 -3.189159e+20   -4.183265e-08 +1.062459e-04 -1.692538e-03 +1.759430e-03 +4.116577e+00 +3.685542e+01 -7.000044e+03 -3.826678e+05 -5.036962e+07 +2.745726e+08 -6.593082e+10 +1.861735e+12 +1.879903e+14 +7.528348e+16 -3.371272e+18   
S15-036   +1.678007e+02   +2.385411e-07 +5.774477e-05 -2.140569e+00 -2.844332e-02 -2.612860e-01 +1.394366e+02 -5.786737e+03 -6.752689e+04 +1.458958e+09 +3.646146e+07 +2.609395e+09 -1.621996e+12 +3.388279e+14 +1.881434e+16 -3.172266e+20   -1.702869e-07 +1.038143e-04 -2.315030e-03 +2.597523e-02 +1.522871e+00 +4.833891e+01 +1.032844e+03 -2.927513e+05 -5.552662e+07 -2.059029e+08 +5.711780e+10 -1.262395e+12 -5.297933e+14 +1.255464e+17 -4.408030e+18   
S15-037   +1.677990e+02   +4.023712e-07 +1.008687e-04 -2.143437e+00 -2.805059e-02 -6.073129e-01 +1.707862e+02 -7.376409e+03 -2.882587e+05 +1.435872e+09 +1.429386e+08 -8.007867e+10 +1.414842e+12 +4.598498e+14 +1.064565e+17 -3.167210e+20   +5.368881e-10 +1.314008e-04 -1.878458e-03 -1.406191e-01 -4.321943e-02 +2.093655e+01 +4.222066e+03 +4.547383e+04 -4.281135e+07 +9.676661e+08 +4.414044e+10 +1.737883e+12 -5.663332e+14 +1.092877e+17 -5.720539e+17   
S15-038   +1.677968e+02   +3.910881e-07 +5.429590e-05 -2.147698e+00 -9.528799e-02 -6.355526e+00 +1.026575e+02 -1.707385e+04 -1.954655e+05 +1.456736e+09 -3.638353e+08 +7.624263e+09 +7.012017e+10 +1.951698e+14 +6.106797e+16 -3.196960e+20   -4.103836e-08 +1.013998e-04 +5.346809e-04 +3.100237e-02 -1.382814e+00 +3.232304e+01 +4.255341e+03 -2.927969e+05 -7.685266e+07 -5.949653e+08 +8.071590e+10 -1.828614e+12 -6.192126e+14 +1.636152e+17 +1.777436e+18   
S15-040   +1.677973e+02   +2.353496e-07 +1.331676e-04 -2.149874e+00 +1.370455e-02 -8.076107e+00 +6.704560e+01 -1.631402e+04 -2.171183e+05 +1.435754e+09 -2.906944e+08 +7.484012e+10 +3.709605e+11 +1.017476e+15 +1.304090e+17 -3.222583e+20   -1.335933e-07 +6.260881e-05 -1.159766e-03 +9.539105e-02 +3.811244e+00 +8.501758e+00 -5.222908e+03 -4.913848e+05 -5.740226e+07 -2.763602e+08 -2.859336e+09 -2.364540e+12 -4.680198e+14 +1.135530e+17 +4.899270e+17   
S15-041   +1.677970e+02   -1.640147e-07 +6.128840e-05 -2.149446e+00 -4.326847e-02 -5.370409e+00 +2.270284e+02 -9.517250e+03 -2.341771e+05 +1.423424e+09 +2.142720e+08 +6.885224e+10 -5.244078e+12 -7.702069e+13 +1.212961e+17 -3.163191e+20   +8.457428e-08 +1.071308e-04 -3.208679e-04 +3.123899e-02 -3.898698e+00 +3.598465e+01 +1.003902e+04 -4.567182e+05 -1.146029e+08 -6.380919e+08 +2.669537e+10 -9.119037e+12 -1.708292e+14 +1.485999e+17 +4.078472e+18   
S15-043   +1.677978e+02   +3.901565e-07 +1.107776e-04 -2.147877e+00 +6.644104e-03 -1.889102e+00 +9.431065e+01 -9.929355e+03 -7.186334e+04 +1.431459e+09 +4.310056e+08 +1.164808e+10 -8.067740e+11 +5.241780e+14 +5.514772e+16 -3.212614e+20   -7.613878e-08 +1.059041e-04 -5.854284e-04 -2.125449e-02 -1.080080e+00 +5.416088e+01 +5.987564e+03 -7.080969e+04 -4.451237e+07 +6.749195e+08 +4.860215e+10 -4.501009e+12 -7.254887e+14 +1.316520e+17 -4.176278e+18   
S15-044   +1.677976e+02   +1.979953e-07 +7.883831e-05 -2.152021e+00 +3.184956e-02 -1.418826e+00 +5.314424e+02 -6.987055e+03 -2.454436e+04 +1.444090e+09 -5.581808e+08 -2.583792e+10 -8.474591e+12 +2.429815e+14 +5.603345e+16 -3.185230e+20   -9.842864e-08 +9.994869e-05 -8.321293e-04 -1.455324e-02 +1.598871e+00 +6.111738e+01 -3.415369e+01 -9.934475e+04 -5.273456e+07 +6.735978e+08 +4.660454e+09 +3.822907e+12 -2.393998e+14 +8.666244e+16 -9.459831e+17   
S15-045   +1.677966e+02   +1.522250e-07 +7.884242e-05 -2.148243e+00 -2.696167e-02 -7.386759e+00 +1.728961e+00 -1.874899e+04 -3.169278e+04 +1.432813e+09 -1.183066e+09 +1.372868e+11 -3.531639e+12 +1.210515e+15 +5.022081e+16 -3.150263e+20   +7.554211e-09 +1.600845e-04 -6.560455e-04 -1.914250e-01 -1.927064e+00 -9.699928e+00 +5.692489e+03 +7.903903e+04 -9.810830e+07 +3.220499e+09 +4.106982e+10 +3.449432e+10 -7.785068e+14 +6.676119e+16 +6.776854e+18   
S15-046   +1.677976e+02   +1.450680e-08 +1.095418e-04 -2.140653e+00 -2.312532e-02 -2.527911e+00 +1.794628e+02 -6.774477e+03 -3.763177e+05 +1.439649e+09 -1.266147e+09 -1.956238e+11 -3.879090e+12 +2.374619e+14 +6.999772e+16 -3.165263e+20   -1.695080e-08 +1.191547e-04 -2.487033e-04 +9.613570e-03 -3.283340e+00 +3.225736e+00 +7.833616e+03 -5.851302e+05 -2.666176e+08 -9.403442e+08 +5.220497e+10 +3.241866e+12 +4.042130e+14 +8.974062e+16 +1.213058e+19   
S15-047   +1.677978e+02   +1.449974e-08 +1.005392e-04 -2.142474e+00 -4.583372e-02 -4.427305e+00 +5.801497e+01 -1.134949e+04 -3.608841e+05 +1.403459e+09 +8.008550e+08 -3.629634e+10 +3.888462e+11 +6.415692e+14 +1.041239e+17 -3.098455e+20   -5.403342e-09 +1.162546e-04 -8.132049e-04 -1.375181e-03 +1.745682e+00 +1.997844e+01 -3.817185e+03 -3.924196e+05 -2.381082e+08 +9.164620e+07 -7.644159e+10 -1.450021e+12 +4.593461e+14 +8.328876e+16 +8.088640e+18   
S15-048   +1.677973e+02   +2.268955e-07 +1.225452e-04 -2.143123e+00 -4.351333e-02 -1.752871e+00 -1.093218e+02 -6.279237e+03 -2.975086e+05 +1.413215e+09 +3.606085e+08 -3.171441e+10 +1.970348e+12 +5.584523e+14 +1.082790e+17 -3.199631e+20   +1.936461e-07 +1.267688e-04 -2.136765e-04 -3.621651e-02 -2.115428e-01 +1.348470e+01 -2.083794e+03 -1.639944e+05 -8.204971e+07 +1.414249e+09 +1.129267e+11 -2.300278e+12 -1.380559e+14 +1.324944e+17 +5.511444e+18   
S15-050   +1.677982e+02   +2.600267e-08 +1.012755e-04 -2.146584e+00 -2.197518e-02 -4.506952e+00 +1.737059e+02 -8.383451e+03 -2.641371e+05 +1.425633e+09 -4.198750e+08 -3.301252e+09 +1.345580e+12 +2.558867e+14 +1.113520e+17 -3.190234e+20   -2.028139e-08 +1.093472e-04 -1.979151e-03 +1.665836e-03 +3.017565e-01 +9.999571e+00 +1.574351e+03 -1.851891e+05 -5.495177e+07 -1.753843e+07 +3.686340e+10 +3.143987e+12 -3.769512e+14 +1.218775e+17 -3.117491e+18   
S15-051   +1.677980e+02   +1.173907e-07 +9.141420e-05 -2.139507e+00 -4.282016e-02 -4.788604e+00 +5.715038e+01 -1.315553e+04 -2.092562e+05 +1.449218e+09 -6.112546e+08 -3.886431e+10 +5.649114e+12 +5.729832e+14 +6.401673e+15 -3.220283e+20   -5.041028e-09 +1.202981e-04 -6.145973e-04 -3.548812e-02 +4.804902e-03 +9.609912e+00 +1.594524e+03 -5.465855e+05 -2.395164e+08 +1.489113e+08 -6.562468e+10 +6.668488e+12 -4.328586e+14 +2.002985e+17 +8.358842e+18   
S15-052   +1.677975e+02   +1.541829e-07 +1.086968e-04 -2.140277e+00 -8.103077e-02 -7.249214e+00 +1.632179e+02 -1.602573e+04 -6.471556e+05 +1.323625e+09 +1.484173e+08 -2.961778e+09 -6.941861e+12 +5.589443e+14 +2.153471e+17 -2.945487e+20   +1.431200e-07 +1.285937e-04 -2.990458e-04 -5.845667e-02 +8.279539e-01 +1.447309e+00 -5.085263e+03 -2.110575e+05 -2.909847e+08 +8.445716e+08 +1.803324e+11 +2.752375e+11 +7.086131e+14 +1.053432e+17 +4.016382e+19   
S15-053   +1.677969e+02   +1.695387e-08 +9.163215e-05 -2.141203e+00 -3.047721e-02 -9.525593e+00 +2.049298e+02 -2.020239e+04 -1.971051e+05 +1.424923e+09 +3.857550e+08 +1.189464e+11 -3.539303e+11 +9.605887e+14 +9.348766e+16 -3.155950e+20   -6.064874e-08 +1.149641e-04 -4.169262e-04 -5.023514e-02 -1.556708e+00 -1.658138e-01 +7.003866e+03 -3.934265e+04 -7.780626e+07 -2.547128e+07 +7.988241e+10 -4.017426e+10 -7.432313e+14 +1.093063e+17 +2.765708e+17   
S15-054   +1.677981e+02   +3.526576e-07 +6.234117e-05 -2.142869e+00 -1.705383e-02 -3.983928e+00 -8.380244e+01 -1.240069e+04 -6.252139e+04 +1.437944e+09 +1.260670e+08 -5.026969e+10 +9.249223e+12 +2.050170e+14 +5.803795e+16 -3.207991e+20   +1.250775e-07 +8.923313e-05 -1.790750e-04 -1.565950e-03 -1.375078e+00 +2.879483e+01 +3.040282e+03 -2.120637e+05 -5.849461e+07 -1.978285e+08 +7.682197e+10 +3.805724e+10 -2.698098e+14 +1.053569e+17 -3.595851e+18   
S15-055   +1.677960e+02   +1.014520e-07 +9.387667e-05 -2.147704e+00 +6.058899e-02 -1.290263e+00 -1.062909e+02 -3.480326e+03 -1.767279e+04 +1.424433e+09 -1.164417e+09 +1.394483e+10 +3.288400e+12 +3.545412e+14 +9.437895e+16 -3.204595e+20   +2.261450e-07 +1.022852e-04 -1.391746e-03 +1.826884e-02 -3.059395e+00 +3.158269e+01 +4.308655e+03 -2.512018e+05 -5.213881e+07 -6.669575e+08 +8.135611e+10 +6.542355e+11 -4.011895e+14 +1.089586e+17 -1.490105e+18   
S15-056   +1.677982e+02   +5.355840e-07 +1.065623e-04 -2.143394e+00 -3.084594e-02 +2.242487e+00 +6.405438e+01 -6.697158e+03 -2.159096e+05 +1.470541e+09 -6.841629e+08 -6.388454e+10 -1.842334e+12 +3.674271e+14 +1.375846e+17 -3.521196e+20   -6.179971e-08 +1.141787e-04 +5.584363e-04 -8.418988e-02 -9.758281e-01 +3.958534e+01 +5.287318e+03 +1.596878e+05 -3.652582e+08 +7.468334e+08 -1.446725e+10 -6.081531e+12 -6.285061e+14 -2.614252e+16 +2.518445e+19   
S15-057   +1.677982e+02   +1.157412e-07 +5.952962e-05 -2.143041e+00 -8.877193e-02 -6.395247e+00 +1.648255e+02 -1.629345e+04 -1.610599e+05 +1.395469e+09 -2.672071e+09 +3.095940e+08 -2.468416e+12 +5.037838e+14 +5.636663e+16 -2.935201e+20   +6.518044e-08 +1.012886e-04 +5.489644e-04 -2.139707e-02 -1.586210e+00 -2.001044e+01 +4.298943e+03 -3.193966e+04 -4.744367e+08 +2.304973e+08 +3.542610e+10 +7.365019e+12 -3.817272e+14 +2.452854e+16 +4.005870e+18   
S15-058   +1.677983e+02   +2.104423e-07 +7.574797e-05 -2.141678e+00 -3.072287e-02 -2.571978e+00 +3.453895e+02 -1.035657e+04 +1.030472e+05 +1.460759e+09 -1.350286e+09 -1.649957e+11 +6.752041e+12 +1.512957e+15 +1.142865e+16 -3.406267e+20   -3.648436e-08 +1.053117e-04 -1.055673e-03 -6.540007e-02 +3.968568e+00 +1.808973e+01 -5.217401e+03 -3.556187e+05 -3.441157e+08 +2.844124e+09 +4.111586e+10 -5.000616e+12 -1.296834e+15 +1.087668e+17 +1.116218e+19   
S15-059   +1.677968e+02   +2.243106e-07 +1.006609e-04 -2.139927e+00 -3.857019e-03 -7.589930e+00 +1.628909e+02 -2.273186e+04 -4.652381e+04 +1.434261e+09 -5.315394e+08 +1.209648e+09 +5.055844e+12 +2.850218e+15 +2.113360e+16 -3.397682e+20   +2.844803e-07 +8.986798e-05 +4.758288e-04 -1.932551e-02 -2.022248e+00 +4.954254e+01 +1.101926e+03 -1.246595e+05 -4.174099e+08 +1.567178e+09 +1.247202e+11 -5.780359e+12 -5.820123e+14 +6.186590e+15 +2.597002e+19   
S15-060   +1.677995e+02   +1.936787e-07 +7.807204e-05 -2.138309e+00 -6.747845e-03 -7.746400e+00 -7.709254e+01 -1.893270e+04 +7.455189e+04 +1.442228e+09 -5.549134e+08 +2.122573e+10 +2.246426e+12 +6.823673e+14 +2.422719e+16 -3.200973e+20   -3.136636e-09 +1.123710e-04 +4.788910e-04 -6.954246e-02 -2.110529e+00 +2.616339e+00 +7.182149e+03 -7.551077e+04 -6.922166e+07 +8.506223e+08 +8.315204e+10 +1.886465e+12 -8.589489e+14 +8.564537e+16 +2.023554e+15   
S15-061   +1.677991e+02   -1.398354e-08 +8.437560e-05 -2.140345e+00 -1.345578e-02 -8.647734e+00 +8.611709e+01 -1.796704e+04 -1.340299e+05 +1.416463e+09 -1.012230e+09 +3.068751e+10 +2.429175e+12 +5.395690e+14 +6.680471e+16 -3.118565e+20   +9.873980e-08 +8.759058e-05 -3.642138e-04 -1.778281e-04 -4.651197e+00 -1.416161e-01 +9.488865e+03 -3.261445e+05 -7.647514e+07 +5.867784e+07 +6.157983e+10 -9.594980e+11 -3.687480e+14 +1.117973e+17 -1.242602e+18   
S15-062   +1.677986e+02   -1.517112e-07 +8.256934e-05 -2.143576e+00 -1.974149e-02 -9.303653e+00 -2.559007e+01 -1.558490e+04 -2.233954e+05 +1.429529e+09 -5.333034e+08 +8.975873e+10 -1.489693e+12 +5.425394e+14 +8.589154e+16 -3.155000e+20   -4.620316e-07 +1.070110e-04 -3.658674e-05 -2.082212e-02 +1.594298e+00 +3.055961e+01 +7.885298e+03 -2.937383e+05 -9.463243e+07 -1.106208e+07 -1.835309e+10 -1.462375e+12 -7.613419e+14 +1.043401e+17 +2.869580e+18   
S15-070   +1.677975e+02   +2.561981e-07 +1.275253e-04 -2.142801e+00 -3.264173e-02 -1.118262e+00 +7.076560e+01 -9.747869e+03 -2.107042e+05 +1.224748e+09 +3.895302e+09 -6.852557e+10 +2.884924e+12 +7.044384e+14 +1.776554e+17 -2.799883e+20   -1.039990e-07 +1.579590e-04 +6.986451e-04 -6.430579e-02 +3.263166e+00 +4.575161e+00 -5.501499e+02 +4.085029e+05 -2.552884e+08 -8.823236e+07 -1.938425e+11 -2.409103e+12 -3.189549e+14 +5.188160e+16 +3.924168e+19   
S15-072   +1.677976e+02   +9.306605e-08 +1.005427e-04 -2.144762e+00 -3.322834e-02 -3.283391e+00 +3.590306e+01 -1.067115e+04 -3.243117e+05 +1.394081e+09 -9.766308e+08 -4.892246e+10 +5.526238e+11 +5.871340e+14 +1.204119e+17 -3.205647e+20   -1.589948e-07 +9.743894e-05 -1.738114e-04 +4.400529e-02 +2.359115e+00 +1.536076e+01 -6.604755e+02 -3.181633e+05 -2.361920e+07 -1.487312e+09 +8.764839e+09 +2.212209e+12 -1.848684e+14 +1.315459e+17 -1.810009e+18   
S15-076   +1.677983e+02   +3.867681e-07 +1.022260e-04 -2.140509e+00 -2.269089e-02 +2.237350e+00 +4.788469e+01 +1.437820e+03 -1.967730e+05 +1.399285e+09 -1.849667e+08 -7.451679e+10 +6.925690e+11 +2.639362e+14 +1.004101e+17 -3.217249e+20   +2.372027e-08 +1.091466e-04 -5.996342e-04 -2.007169e-02 +2.381376e-01 -5.212726e+01 +2.188190e+03 -3.497911e+05 -2.061284e+07 +1.867660e+08 +1.908170e+10 +1.989419e+12 -4.891817e+14 +1.376765e+17 -4.615852e+18   
S15-078   +1.677991e+02   +3.195887e-07 +1.039777e-04 -2.143702e+00 +2.155353e-02 -3.966609e-02 +4.142994e+00 -2.922419e+03 +8.268501e+04 +1.393146e+09 +6.336864e+08 -5.800879e+10 +3.235164e+12 +5.642402e+14 +9.552900e+16 -3.206997e+20   +5.668976e-08 +1.044419e-04 +6.019544e-04 +1.086736e-02 +5.019802e-01 +6.050676e+01 +8.173202e+02 -2.280888e+05 -4.014432e+07 -4.943928e+08 +6.035461e+10 -8.316135e+11 -3.602217e+14 +1.131266e+17 +4.822049e+18   
S15-079   +1.677983e+02   +1.298501e-07 +1.212780e-04 -2.144400e+00 -5.926640e-02 -3.473595e+00 -1.994048e+01 -1.000100e+04 -4.857964e+05 +1.406274e+09 +5.993517e+08 -2.827676e+10 +5.365814e+11 +7.197963e+14 +1.427843e+17 -3.195047e+20   +1.715076e-07 +1.172133e-04 -8.234058e-04 +1.614677e-02 +1.561965e+00 +2.983216e+01 -1.342968e+03 -2.838482e+05 -3.597933e+07 -3.628637e+08 +3.713835e+10 -4.048441e+12 -4.421849e+14 +1.061244e+17 -2.486610e+18   
S15-087   +1.677987e+02   +6.034415e-08 +1.359372e-04 -2.144728e+00 +2.345602e-02 -4.862625e+00 +2.375366e+01 -1.397761e+04 -1.582927e+05 +1.224086e+09 -1.365681e+09 -2.218930e+10 +1.413082e+12 +1.052941e+15 +1.173830e+17 -2.900770e+20   +9.387975e-08 +1.008897e-04 +2.490745e-04 +2.709809e-02 -1.894778e+00 +2.824964e+01 +2.670542e+03 -7.753105e+05 -2.794233e+08 +2.058317e+08 +1.775803e+10 +8.332973e+11 +3.697850e+14 +1.553009e+17 +3.456574e+19   
S15-091   +1.677987e+02   -4.605068e-07 -1.613539e-04 -2.143744e+00 +1.101397e-01 -2.974259e+00 -3.515668e+02 -3.942545e+03 +1.369403e+06 +1.371047e+09 -4.721761e+08 +7.653486e+10 +8.845772e+12 -1.920636e+14 -2.185588e+17 -3.144495e+20   +3.198978e-07 +5.089955e-05 -4.041425e-03 +1.006876e-01 -4.608670e+00 +1.088212e+02 +1.543192e+03 -6.670517e+05 -3.803668e+07 -4.191941e+08 +1.586370e+11 -2.798059e+12 -7.385462e+14 +7.755441e+16 -6.279637e+18   
S15-092   +1.677988e+02   +2.635738e-07 +1.390475e-05 -2.145312e+00 +2.633445e-02 -4.850152e+00 +1.132046e+02 -1.322432e+04 +7.317889e+04 +1.360713e+09 -1.147726e+09 -5.043348e+09 +3.438528e+10 +5.740232e+14 -5.062912e+15 -3.142155e+20   -1.544958e-08 +7.319039e-05 -1.607963e-03 -5.256896e-02 -2.049611e+00 +4.279982e+01 +5.524073e+03 +9.959070e+02 -5.106798e+07 +2.005557e+08 +9.218028e+10 -2.015073e+12 -4.117587e+14 +6.214788e+16 -7.688482e+17   
S15-093   +1.677994e+02   +1.750922e-07 +4.877595e-05 -2.147077e+00 -2.628453e-02 -4.821328e+00 +2.799031e+01 -1.227431e+04 -4.308737e+04 +1.376222e+09 -3.400965e+08 -2.604745e+10 +3.936496e+11 +1.387065e+15 +6.380106e+16 -3.180527e+20   -9.140825e-08 +5.522402e-05 -1.570409e-03 -2.791733e-02 +1.608276e+00 +1.601101e+01 -1.061341e+03 -7.904391e+03 -8.337342e+07 +7.449991e+08 +2.771709e+10 +6.577193e+12 -5.740349e+14 +4.940683e+16 -2.290464e+18   
S15-099   +1.677988e+02   +2.855122e-07 +7.585430e-05 -2.142753e+00 -1.293004e-02 -4.615463e-01 +2.170857e+02 +1.143013e+03 -1.252136e+05 +1.234107e+09 +6.910514e+08 -1.054584e+11 +9.449877e+12 -1.385484e+15 +2.978402e+16 -3.213467e+20   +1.733404e-07 +8.197055e-05 +7.766140e-05 +1.671821e-02 -1.144960e+00 -4.657080e+00 -2.386378e+03 -1.756637e+05 -5.978595e+08 -1.475745e+09 +9.195900e+10 -1.845938e+11 +1.730045e+14 -2.835360e+16 +9.315937e+18   
S15-100   +1.677996e+02   -1.768345e-08 +5.269681e-05 -2.142987e+00 -4.824414e-02 -4.665572e+00 -1.119383e+02 -5.915301e+03 -2.835959e+05 +1.299044e+09 -8.679770e+08 +1.703176e+11 +9.502448e+12 +9.105415e+14 +9.600976e+14 -3.161749e+20   +7.633475e-08 +8.327284e-05 +4.276455e-04 +7.391633e-03 +3.377493e-02 +3.415909e+00 +2.282890e+03 -8.934694e+05 -6.141695e+08 -1.507999e+09 +1.178822e+11 +5.975485e+12 +1.150988e+15 +2.066502e+17 +1.140764e+19   
S15-101   +1.677987e+02   -1.190122e-07 +2.803954e-05 -2.143381e+00 -5.809353e-02 -4.729913e+00 +1.823857e+02 +1.574923e+03 +2.241404e+05 +1.338932e+09 -1.589884e+09 +4.685812e+10 -2.955413e+12 -2.253793e+14 -7.138911e+16 -3.624582e+20   -1.090650e-07 +9.279482e-05 +8.172608e-04 -2.481944e-02 +2.293130e+00 -1.923757e+01 -4.856361e+03 -1.002027e+04 -5.299107e+08 -9.336318e+08 -1.750120e+10 -1.028159e+13 -1.432981e+15 -7.360134e+16 -2.949979e+17   
S15-102   +1.677988e+02   +5.881080e-08 +4.944805e-05 -2.144843e+00 -8.749443e-03 -4.435634e-01 +2.000923e+01 +4.007356e+03 +3.303372e+05 +1.288892e+09 -4.912115e+09 +1.598964e+11 -6.063446e+12 -3.395719e+14 +5.640434e+16 -3.473288e+20   +1.204705e-07 +9.234035e-05 +1.808698e-04 -2.882522e-02 -2.236574e+00 -2.374288e+01 +1.903040e+03 -3.139185e+05 -6.112112e+08 +1.191904e+09 +3.649353e+11 -2.535206e+12 -7.135379e+14 +7.336209e+16 +5.203142e+17   
S15-103   +1.677989e+02   +5.979592e-08 +3.362982e-05 -2.145536e+00 -3.028038e-02 -2.134460e+00 -1.640402e+02 -3.303051e+03 +3.015893e+05 +1.461271e+09 -2.617082e+09 +9.425908e+10 +1.946006e+13 -2.077696e+14 -8.504454e+16 -3.128149e+20   +3.365964e-08 +1.076838e-04 +4.257075e-04 -5.957544e-02 -2.736660e+00 -3.959803e+00 +1.130221e+04 -1.024846e+05 -2.574882e+08 +4.888632e+08 +8.889897e+10 +5.609756e+11 -1.759104e+15 +1.131700e+17 +4.069327e+18   
S15-104   +1.677983e+02   +3.528347e-07 +4.358615e-05 -2.142681e+00 -5.341132e-02 -3.174371e+00 +6.049668e+01 -1.305685e+04 -3.878601e+05 +1.344665e+09 +2.622364e+09 +5.535574e+10 -1.950882e+12 +7.926123e+14 +8.586356e+16 -3.028876e+20   +5.532684e-08 +1.088599e-04 +4.637933e-04 -5.483424e-02 +3.900643e-01 +4.247858e-01 -9.815701e+02 -1.540502e+05 -2.075322e+08 -3.343570e+08 +1.111049e+11 +1.841090e+12 -3.797873e+14 +5.883523e+16 +3.042193e+19   
S15-105   +1.677976e+02   +3.232393e-07 +4.508519e-05 -2.144078e+00 -4.388576e-02 -4.136963e+00 +1.983847e+02 -1.238646e+04 +6.796599e+03 +1.456969e+09 +6.776581e+07 +4.136847e+10 -3.435508e+12 +4.642127e+14 -2.962365e+16 -3.175062e+20   +1.624106e-07 +7.783657e-05 -3.841755e-04 -3.032645e-02 -9.822363e-01 +3.991181e+00 +9.397405e+02 -8.161267e+04 -1.965599e+08 -1.494442e+08 -1.027806e+11 -1.026865e+13 -4.128160e+14 +5.231053e+16 -6.264905e+18   
S15-106   +1.677978e+02   +7.426069e-08 +3.135141e-05 -2.145470e+00 -3.041274e-02 -3.063534e+00 -3.607632e+00 -6.510741e+03 -4.907113e+04 +1.481654e+09 -4.289546e+08 +3.857911e+10 -1.634111e+12 -2.562358e+13 +6.412319e+15 -3.146085e+20   +2.079748e-10 +7.389966e-05 -5.775196e-04 +5.792153e-03 +5.644644e-01 +4.735467e+00 +2.447951e+03 +6.989883e+04 -1.949784e+08 -3.806257e+07 -1.545590e+11 +5.026577e+12 -1.056327e+15 +1.873990e+16 -9.107914e+18   
S15-107   +1.677987e+02   +3.073849e-07 +3.465187e-05 -2.146282e+00 -3.596260e-02 -4.917524e-01 -1.926218e+00 -6.088909e+03 -8.990821e+04 +1.340965e+09 +9.439608e+08 -5.355835e+10 -8.309957e+11 +3.732699e+14 +3.689945e+16 -3.045942e+20   +1.039242e-07 +8.484458e-05 +2.163477e-04 +2.494037e-02 -1.409941e+00 +1.964311e+01 -2.888491e+02 -2.454661e+05 -2.209215e+08 +3.823829e+08 +1.303377e+11 -5.803504e+12 +2.406973e+14 +6.002490e+16 +2.837198e+19   
S15-109   +1.677977e+02   +3.358531e-07 +1.478212e-05 -2.145818e+00 -3.880104e-02 -2.020155e+00 +1.320549e+02 -9.809938e+03 -8.214433e+04 +1.422140e+09 +5.660377e+08 +2.314761e+10 -1.061187e+13 +9.528396e+14 +3.639045e+16 -3.222240e+20   +1.403344e-07 +6.169143e-05 -1.652633e-03 +4.114204e-02 -1.122439e+00 +1.695926e+01 +1.010511e+03 -9.041375e+04 -1.447356e+08 -1.944283e+08 +5.506992e+10 +3.445010e+12 -5.040980e+13 +1.725187e+16 +4.340308e+18   
S15-110   +1.677981e+02   +2.364765e-07 +9.572129e-06 -2.144837e+00 +3.773879e-03 -1.914341e+00 +9.107010e+01 -6.217049e+03 +9.339367e+04 +1.489801e+09 -1.115438e+09 -4.150859e+10 -5.207085e+12 +2.753322e+14 +6.859738e+15 -3.311533e+20   -1.495836e-08 +9.145396e-05 -1.778362e-04 -9.821994e-04 +1.438994e+00 +1.837197e+01 -2.715728e+03 -3.781550e+05 -1.125775e+08 -4.915730e+08 +3.853277e+10 +5.023052e+11 -5.985610e+14 +9.068386e+16 -1.268279e+19   
S15-111   +1.677982e+02   +2.522659e-07 +2.678083e-05 -2.143165e+00 -2.307282e-02 -3.736780e+00 -3.072286e+00 -1.164784e+04 -1.616256e+04 +1.494246e+09 -3.393209e+08 +4.422523e+10 +3.115457e+12 +2.840690e+14 +9.861971e+15 -3.202153e+20   -2.941508e-08 +8.916228e-05 -1.159986e-03 -5.072232e-03 +1.184429e-01 +6.909138e+01 -9.056206e+01 -2.159272e+05 -5.766530e+07 +1.474603e+08 +9.170146e+10 -3.903370e+12 -1.246561e+14 +1.289544e+17 -1.698839e+19   
S15-113   +1.677985e+02   +2.727456e-07 +6.511036e-05 -2.143348e+00 -4.252946e-02 -2.702863e+00 -7.906561e+00 -8.224990e+03 -2.644478e+05 +1.419029e+09 -4.065531e+08 -1.835856e+10 -1.263629e+12 +2.973446e+14 +6.848583e+16 -3.230175e+20   -1.394766e-08 +9.471432e-05 +3.550917e-04 -5.504463e-03 +2.955324e+00 +9.283301e+00 -4.314296e+03 -1.394570e+05 -2.040845e+08 -8.996165e+08 -1.176264e+10 -2.201212e+12 -5.846273e+14 +8.793577e+16 +1.928446e+19   
S15-116   +1.677976e+02   +5.793549e-08 +1.084612e-05 -2.145567e+00 -5.480572e-02 -2.788735e+00 +2.995996e+02 -9.215471e+03 -4.225220e+05 +1.320972e+09 +1.274626e+09 -1.750333e+11 -5.435515e+12 +1.134545e+15 +1.018773e+17 -2.992667e+20   +6.311813e-08 +1.249849e-04 +1.012016e-03 -4.402080e-02 -2.948463e+00 +2.252433e+01 +2.097849e+03 -8.690637e+04 -3.685279e+08 +6.753791e+08 +3.631193e+10 -2.924774e+12 +6.958806e+14 +3.941280e+16 +5.414279e+19   
S15-117   +1.677972e+02   +1.731954e-07 +3.942104e-05 -2.145264e+00 -1.745619e-02 -1.006516e+00 +2.647032e+02 +7.007423e+02 -7.258053e+04 +1.432706e+09 +4.445825e+07 +4.845022e+10 -5.769433e+12 +1.602777e+12 +5.415145e+16 -3.207646e+20   -2.627817e-07 +9.396069e-05 -3.869374e-04 +4.022199e-03 +1.013699e+00 -1.267319e+01 +3.395086e+03 -1.981442e+05 -2.837199e+07 -9.381766e+08 -5.431342e+10 -5.575011e+11 -6.175759e+14 +9.362534e+16 -1.676077e+18   
S15-118   +1.677976e+02   +1.322163e-07 +5.345043e-05 -2.146351e+00 -3.918287e-02 -4.464479e+00 +7.411203e+01 -1.057489e+04 +1.536285e+04 +1.470428e+09 -2.405474e+08 +2.495704e+10 -1.078324e+12 +8.686543e+14 +2.987036e+16 -3.247490e+20   -3.284546e-08 +1.103369e-04 +1.852999e-04 +2.487946e-03 +3.129196e+00 +2.778446e+01 -2.485225e+03 -3.180178e+05 -3.396560e+07 +3.488196e+08 +4.334838e+10 -1.135541e+12 -3.227441e+14 +9.894844e+16 -5.160054e+17   
S15-119   +1.677977e+02   +1.079435e-07 +7.230451e-05 -2.143220e+00 +1.327373e-03 -5.289540e+00 -7.577952e+01 -1.291061e+04 +2.508564e+05 +1.493888e+09 +3.472350e+07 -8.983419e+09 +4.874530e+12 +9.445839e+14 -8.188545e+16 -3.251641e+20   -1.480789e-08 +9.114988e-05 +2.169183e-05 +2.007847e-02 +2.652462e+00 -2.835482e+01 -5.177348e+03 -3.609881e+05 -2.970056e+08 -3.578698e+08 -2.589237e+10 +4.738041e+12 +8.192299e+13 +8.624618e+16 -3.796695e+18   
S15-120   +1.677957e+02   +2.193407e-08 +5.739876e-05 -2.143181e+00 -9.447107e-04 -5.028543e+00 +9.468592e+01 -7.058739e+03 +3.707230e+04 +1.474720e+09 -4.064013e+08 +2.087990e+10 +5.494985e+12 -3.757162e+13 +1.157641e+17 -3.277375e+20   +1.462745e-07 +9.378190e-05 -8.633559e-04 -7.688403e-03 -1.207371e-01 +4.343573e+00 -5.612638e+03 -2.550543e+05 -1.170126e+08 +7.299335e+06 +4.327026e+10 -2.707121e+12 +2.369636e+14 +8.717101e+16 -1.637040e+19   
S15-121   +1.677988e+02   +4.566692e-07 +2.016044e-05 -2.143230e+00 -3.086256e-02 +2.546041e+00 +9.668371e+01 -6.791378e+02 +2.799146e+04 +1.440700e+09 +3.863712e+08 -6.881968e+10 -1.948789e+12 +4.458054e+14 +4.721612e+15 -3.159540e+20   -2.477891e-07 +9.114398e-05 +2.851193e-04 -2.014601e-02 -1.167690e+00 +1.760449e+00 +8.124808e+03 -4.320678e+04 -8.369172e+07 -1.251828e+08 +1.086132e+10 +7.651366e+11 -1.141293e+14 +9.836828e+16 +1.822201e+18   
S15-122   +1.677973e+02   +1.109917e-07 +3.900453e-06 -2.146396e+00 -5.447021e-02 -4.345977e+00 +1.100578e+02 -1.173586e+04 +7.773903e+04 +1.461376e+09 +2.041266e+08 +1.959348e+10 -1.091171e+12 +5.083852e+14 +2.370452e+15 -3.245451e+20   +1.462076e-07 +8.982636e-05 -5.096890e-05 +3.878438e-02 -2.905824e-01 +3.308958e+01 -4.783871e+02 -3.857320e+05 -3.063292e+07 -6.702539e+08 +3.010684e+10 +1.020476e+12 -2.435314e+14 +1.105465e+17 -6.611298e+17   
S15-123   +1.677978e+02   +2.722554e-07 +5.592893e-05 -2.144383e+00 +3.918184e-02 -3.261680e+00 +1.157568e+01 -1.199844e+04 +4.179896e+04 +1.429287e+09 -1.246241e+09 +3.765778e+10 +6.923482e+12 +1.283705e+15 +2.284005e+16 -3.167360e+20   -1.046030e-07 +1.178912e-04 +2.318687e-04 -9.978730e-02 +1.954220e+00 +9.902752e+00 -1.155432e+03 +3.695904e+04 -1.220599e+08 +5.847293e+08 -6.530229e+09 +3.146455e+12 -3.177585e+14 +4.380223e+16 -2.085961e+18   
S15-124   +1.677978e+02   +4.563354e-08 +2.435593e-05 -2.144666e+00 -7.783493e-02 -2.868880e+00 -4.955986e+00 -5.728905e+03 -2.503132e+05 +1.426286e+09 +1.684132e+09 +3.505447e+10 +3.757285e+12 +7.279446e+14 +9.849068e+15 -3.173127e+20   -9.730789e-08 +9.621288e-05 +3.694572e-04 -2.996263e-02 +3.405228e-01 +3.412304e+01 +3.197547e+03 -2.614653e+05 -1.292459e+08 -8.513920e+08 -4.330450e+10 -3.320058e+12 -4.114479e+14 +1.166496e+17 +5.509670e+17   
S15-126   +1.677978e+02   -5.826705e-08 +3.326561e-05 -2.144618e+00 -2.851978e-03 -7.988913e+00 -5.538590e+00 -1.571708e+04 -1.821617e+05 +1.394365e+09 -5.210201e+08 +8.944760e+10 -1.749654e+12 +4.248698e+14 +3.517976e+16 -3.100536e+20   +1.413524e-07 +1.222619e-04 +2.170127e-04 -8.292314e-02 -2.813764e+00 +1.239172e+00 +6.019292e+03 +4.264306e+04 -1.899396e+08 -7.931057e+06 -1.599075e+10 +3.195308e+12 -5.526332e+14 +9.248810e+16 +1.469585e+19   
S15-127   +1.677975e+02   +1.579826e-07 +4.374979e-05 -2.142827e+00 +2.452708e-02 -4.093326e+00 +1.264743e+01 -9.520660e+03 +1.268176e+03 +1.470497e+09 -7.530666e+07 -4.632362e+10 +1.089019e+12 +3.746574e+14 +2.082504e+16 -3.284521e+20   -1.970978e-07 +9.862936e-05 +8.654634e-05 -2.930731e-02 -8.837301e-02 +2.550809e+01 +4.255331e+03 -2.384597e+05 -1.141184e+08 -6.777437e+08 +6.583215e+10 +7.312838e+11 -4.763880e+14 +1.183265e+17 -4.657873e+18   
S15-128   +1.677977e+02   +2.030742e-07 +5.299164e-05 -2.144097e+00 +4.477499e-02 -1.009857e+00 +1.950297e+02 -4.937716e+03 -2.423236e+05 +1.467072e+09 -3.002261e+09 -4.835306e+10 +3.821300e+12 -4.501716e+14 +1.528332e+17 -3.214706e+20   +1.445126e-08 +8.843739e-05 +1.328398e-05 +1.835880e-02 -1.820442e-01 +3.305187e+01 +1.490113e+02 -1.546316e+05 -1.258489e+08 -2.113970e+09 +1.308233e+11 -1.164443e+13 +8.835944e+14 +6.903515e+16 -5.941435e+17   
S15-130   +1.677986e+02   +7.002716e-08 +4.425492e-05 -2.145372e+00 -1.605959e-02 -3.129515e+00 -3.196964e+01 -9.905774e+03 -1.419383e+05 +1.454877e+09 -7.883218e+08 +5.299513e+09 +6.289534e+12 +1.211223e+15 +4.224180e+16 -3.252885e+20   -1.102177e-07 +7.570510e-05 -1.671939e-03 +4.370365e-02 +1.148832e+00 +3.084258e+01 -6.232537e+02 -3.118057e+05 -1.380094e+08 -9.547851e+08 -5.151203e+10 -5.338807e+12 -1.729979e+14 +6.691111e+16 +1.388037e+19   
S15-131   +1.677976e+02   +2.972166e-07 +5.747698e-05 -2.147274e+00 -7.477604e-03 -6.390217e-01 -5.191494e+01 -4.767692e+03 -1.147233e+05 +1.445525e+09 -2.219109e+08 -4.741267e+10 +7.130293e+11 +4.057255e+14 +6.479717e+16 -3.244245e+20   +3.802629e-08 +7.850059e-05 -6.499831e-04 +4.458549e-03 +1.778516e+00 -6.673498e+00 -2.070574e+03 -2.660070e+05 -9.029194e+07 +4.965095e+07 +1.119444e+10 +6.127757e+12 -6.722194e+14 +1.261643e+17 -2.038256e+18   
S15-132   +1.677982e+02   +7.498871e-08 +5.699314e-05 -2.144922e+00 -3.825975e-02 -6.661603e+00 -2.157200e+02 -1.328875e+04 -2.043719e+04 +1.417263e+09 -1.620724e+09 +4.779044e+10 +1.297624e+13 +9.012886e+13 -1.163768e+16 -3.224347e+20   -1.352725e-07 +1.011102e-04 -4.030953e-04 -2.999597e-02 +2.403091e+00 +3.136789e+01 -1.198527e+03 -2.121764e+05 -2.694427e+08 +9.474178e+08 +6.722188e+10 -2.999084e+12 -3.310987e+14 +1.631519e+17 +9.159294e+18   
S15-133   +1.677976e+02   +5.613058e-08 +3.925308e-05 -2.144319e+00 -9.296289e-02 -3.021672e+00 -6.695555e+00 -7.008259e+03 -1.919417e+05 +1.452985e+09 +1.405823e+09 +6.031183e+10 +5.115263e+12 +1.418909e+14 +5.667129e+16 -3.181663e+20   +1.367405e-07 +9.315556e-05 -4.750851e-04 +1.296265e-02 +5.299646e-01 +7.986300e-01 -5.687444e+02 -2.457739e+05 -9.579624e+07 +1.869387e+08 +8.081623e+10 +1.627191e+11 -6.875361e+14 +9.168933e+16 +9.727124e+17   
S15-134   +1.677976e+02   +8.578162e-09 +3.996242e-05 -2.143342e+00 -8.055926e-02 -4.760867e+00 +4.937345e+01 -9.352005e+03 -2.896185e+05 +1.335179e+09 -1.671292e+09 -1.267584e+11 -9.556978e+12 +3.080412e+14 -2.549028e+16 -3.029143e+20   -1.996344e-08 +9.337458e-05 -8.623043e-04 -1.242356e-02 -3.043891e-01 +1.509054e+01 +6.438012e+03 +5.329110e+04 -3.869399e+08 -1.941345e+09 -1.522461e+11 -3.541844e+12 -2.347708e+14 +9.163153e+15 +1.106107e+19   
S15-136   +1.677991e+02   +3.084070e-08 +3.693261e-05 -2.146428e+00 -9.894088e-03 -1.205254e+00 +4.399965e+01 -2.358339e+03 -1.063983e+05 +1.437709e+09 +6.321530e+08 -1.818190e+10 +3.236461e+12 +1.098202e+13 +8.183268e+16 -3.248711e+20   -3.276864e-08 +9.833843e-05 -1.109835e-03 +2.863284e-04 +9.149239e-01 +6.325940e+00 +1.345610e+03 -2.250258e+05 -1.353520e+08 +1.302706e+09 -4.236945e+10 +3.426707e+11 -4.403803e+14 +8.950137e+16 +2.125148e+19   
S15-137   +1.677982e+02   +1.452351e-07 +3.730426e-05 -2.148565e+00 -1.473659e-02 -3.907928e+00 +1.312456e+02 -6.185954e+03 +3.740034e+04 +1.372305e+09 +3.422339e+09 +6.886337e+10 +1.543780e+12 -1.102564e+15 -4.111038e+16 -3.112790e+20   +8.755410e-08 +9.737363e-05 -1.070785e-03 -5.504908e-02 -2.899386e+00 +1.976946e-01 +6.076734e+03 +1.994919e+05 -1.901442e+08 -1.328596e+09 +1.963376e+11 -6.241497e+11 -7.771889e+14 -3.645960e+15 +5.493075e+18   
S15-138   +1.677977e+02   -2.795094e-08 +4.099956e-05 -2.145739e+00 -2.589131e-02 -3.995181e+00 +4.479266e+01 -9.007239e+03 +2.348729e+04 +1.468703e+09 +3.428848e+08 -2.725260e+09 +1.647564e+12 +2.662982e+14 +3.888795e+16 -3.296705e+20   +8.455664e-09 +8.284613e-05 -1.204905e-03 -8.229547e-03 +2.940926e+00 +1.654903e+00 -5.156053e+03 -1.680376e+05 -7.435954e+07 -5.077232e+08 +1.488343e+10 +5.461873e+12 -4.804704e+13 +1.072846e+17 -2.250968e+19   
S15-139   +1.677978e+02   +2.138411e-07 +4.133166e-05 -2.145826e+00 -4.931785e-02 -5.568074e+00 +4.913904e+01 -1.442763e+04 -2.734460e+05 +1.449250e+09 -1.768745e+08 -4.585071e+10 -2.118488e+12 +6.320989e+14 +2.654655e+16 -3.163536e+20   +2.315050e-07 +7.488114e-05 -4.103368e-04 +5.345494e-02 -5.436609e+00 +8.696044e+00 +9.485685e+03 -3.049631e+05 -1.269554e+08 -8.518878e+08 +1.727224e+11 +3.142902e+12 -1.789983e+14 +1.237664e+17 +1.801643e+18   
S15-140   +1.677981e+02   -1.526124e-07 +4.299151e-05 -2.147286e+00 -3.995466e-02 -8.267120e+00 +1.013313e+02 -1.428393e+04 -4.515164e+05 +1.328490e+09 -1.703915e+09 +6.935686e+10 -9.252280e+12 +1.164216e+15 +1.029816e+17 -3.101182e+20   -8.880619e-08 +1.006135e-04 -3.734835e-04 +1.152565e-03 +1.690643e+00 +2.749053e+01 -2.619238e+02 -2.798085e+05 -5.378370e+08 -1.774036e+09 +1.228206e+11 +2.243452e+12 -4.834303e+14 -2.351972e+16 +1.860206e+19   
S15-141   +1.677977e+02   +3.796537e-08 +1.872916e-05 -2.146522e+00 -7.018785e-02 -4.098573e+00 +5.840364e+01 -7.657447e+03 -1.403650e+05 +1.435806e+09 -8.685781e+07 +9.108122e+09 +1.756570e+11 +2.697103e+14 -2.565145e+15 -3.233286e+20   +2.236235e-07 +1.190091e-04 -1.128860e-03 -5.082714e-02 +9.147855e-01 +1.340095e+01 -3.230217e+03 -2.399182e+05 -1.132821e+08 +3.061513e+08 +4.868141e+10 -3.555398e+12 -3.768605e+13 +8.394555e+16 +4.998976e+18   
S15-142   +1.677985e+02   +4.363830e-07 +5.671443e-05 -2.148142e+00 +7.083877e-02 -1.432698e+00 +6.474891e+01 -6.762981e+03 +1.576605e+05 +1.331874e+09 -2.120018e+09 -9.151292e+09 -7.468106e+12 -3.563566e+14 +1.580034e+17 -3.012045e+20   -3.089975e-08 +9.259683e-05 -1.352588e-04 +1.858319e-02 -1.960593e+00 +2.618851e+01 +3.748533e+03 -2.220581e+05 -4.716824e+08 -1.411047e+09 -4.094104e+10 -1.356780e+12 -7.064759e+14 +2.524947e+16 +1.865020e+19   
S15-143   +1.677990e+02   +3.171206e-07 +3.719911e-05 -2.147591e+00 -8.770809e-02 -5.698992e-01 -1.713525e+02 -6.108040e+03 -9.978081e+04 +1.437835e+09 -4.972534e+08 -4.392511e+10 +5.600917e+11 +3.838009e+14 +7.520408e+16 -3.199852e+20   +1.682753e-07 +8.621172e-05 -1.237573e-04 +1.574113e-02 +1.900223e+00 -1.365028e+00 -6.370801e+03 -2.749268e+05 -8.210770e+07 +2.560624e+08 +1.773893e+10 +1.866935e+12 +1.843175e+14 +7.683520e+16 +1.297884e+18   
S15-145   +1.677987e+02   -9.288946e-08 +4.640654e-05 -2.147995e+00 -2.976233e-03 -4.678891e+00 +1.038332e+01 -8.850122e+03 -1.354425e+05 +1.452140e+09 -4.480543e+08 +1.944627e+10 +3.890906e+12 +5.421710e+14 +6.113629e+16 -3.223078e+20   -1.074080e-07 +9.531325e-05 -1.021346e-04 -3.826535e-02 +1.146586e-01 +1.187566e+01 +3.323224e+03 -1.829309e+05 -7.812307e+07 +7.338644e+07 -2.558337e+09 -2.957171e+12 -7.078976e+14 +1.089038e+17 -2.393659e+18   
S15-146   +1.677983e+02   +3.321673e-07 +4.283382e-05 -2.146177e+00 +2.823200e-02 -4.942805e-01 +2.089763e+02 -4.675599e+03 +1.761570e+03 +1.455765e+09 -6.842739e+08 -7.245747e+09 +2.500758e+12 +5.321279e+14 +4.120141e+16 -3.277549e+20   -1.155620e-07 +1.068087e-04 +4.119005e-04 -4.667652e-02 +2.860179e+00 +9.167447e+00 -1.906526e+03 -9.687154e+04 -9.191607e+07 +3.340575e+08 +4.522039e+10 -2.362033e+11 -4.623447e+14 +7.549665e+16 -1.570731e+18   
S15-148   +1.677971e+02   +2.904658e-07 +4.331434e-05 -2.144505e+00 +1.471815e-03 -3.606499e+00 +1.445588e+01 -9.784537e+03 +3.545054e+04 +1.463611e+09 -8.729174e+08 -4.775919e+10 -4.664483e+12 -1.191797e+14 -9.932246e+15 -3.313940e+20   -5.532309e-08 +6.941759e-05 -1.271021e-03 +1.879726e-02 +9.469526e-01 -1.612026e+00 +1.606946e+03 -3.832595e+05 -1.215047e+08 -5.464283e+08 +1.216966e+11 +2.509939e+12 -5.911568e+14 +1.115497e+17 -1.434285e+19   
S15-149   +1.677978e+02   -3.241597e-09 +5.422649e-05 -2.147242e+00 -6.778867e-02 -1.273972e+00 -8.995321e+01 -2.347898e+03 -4.042187e+05 +1.327138e+09 +7.470599e+08 -1.976228e+10 +1.222721e+13 +6.421473e+14 +8.168617e+16 -3.031587e+20   +1.562928e-08 +1.033133e-04 -2.873460e-04 -3.717936e-02 -5.595387e-01 +3.949420e+00 +2.863229e+03 -7.134206e+04 -1.923518e+08 +1.157438e+08 -5.170262e+10 -4.099545e+12 -8.135601e+13 +7.679707e+16 +2.304604e+19   
S15-154   +1.677968e+02   +6.948512e-07 +1.645621e-05 -2.143696e+00 -3.896705e-02 +7.091685e-01 +3.435166e+01 -9.895439e+03 +4.062882e+05 +1.443758e+09 -6.896884e+08 -1.325738e+11 +8.227451e+12 +1.174474e+15 -2.394754e+16 -3.234642e+20   -3.317109e-07 +7.788778e-05 -4.837567e-04 -2.675794e-02 +3.314507e+00 +5.182934e+00 -1.163636e+02 -8.837737e+04 -1.506730e+08 +2.407530e+09 -1.465899e+11 +9.468625e+12 -7.019764e+14 +1.175993e+17 -1.938256e+19   
S15-155   +1.677987e+02   +1.789598e-07 +5.546032e-05 -2.146054e+00 -5.103902e-02 -1.133393e+00 +5.692711e+01 -3.977201e+03 -8.639912e+05 +1.373170e+09 -1.203886e+09 +9.609407e+09 +2.172730e+11 -2.302207e+14 +1.106065e+17 -3.290933e+20   +5.418184e-08 +7.620572e-05 -7.216778e-04 +3.519155e-02 -9.567094e-01 -3.054982e+00 +6.660165e+03 -3.751804e+05 -5.425490e+08 -2.777949e+09 +2.291120e+11 +1.388806e+12 -8.718196e+14 +5.296160e+16 +9.620015e+18   
S15-156   +1.677989e+02   +1.371225e-07 +5.657544e-05 -2.143309e+00 -1.144089e-02 -2.444778e+00 +3.324764e+01 -6.815420e+03 -1.728046e+05 +1.387404e+09 -4.371120e+09 +1.382734e+11 -1.731787e+12 +1.324925e+13 +8.376056e+16 -3.300323e+20   -5.121956e-08 +1.155993e-04 -4.836040e-04 -9.083826e-02 +9.252731e-01 -6.493803e+01 +3.251555e+03 +1.068586e+05 -5.860556e+08 +1.659610e+09 -1.100620e+11 +2.521462e+13 +2.667210e+13 +1.399695e+17 +1.329695e+19   
S15-157   +1.677980e+02   +3.529416e-07 +4.837669e-05 -2.145581e+00 -9.119966e-03 -6.341613e+00 +1.201634e+02 -1.639445e+04 -1.077618e+05 +1.287950e+09 -4.787272e+08 +2.007653e+10 +7.079840e+12 +2.391917e+14 +5.337989e+16 -2.896526e+20   -9.705259e-08 +1.089368e-04 -6.143965e-04 -3.580857e-02 -1.103750e+00 +4.096436e+00 +2.738253e+03 -3.277242e+05 -3.172397e+08 +1.119164e+09 -8.889641e+09 +1.991658e+12 +1.834510e+14 +8.791368e+16 +4.135677e+19   
S15-159   +1.677978e+02   +1.273620e-07 +7.733498e-05 -2.144685e+00 +4.166047e-02 -3.666387e+00 +3.210670e+02 -8.900957e+03 -1.581419e+05 +1.327868e+09 +5.700186e+07 +1.459205e+11 -5.772308e+12 +5.952217e+14 +9.227672e+16 -2.953480e+20   +1.445723e-07 +1.195982e-04 -7.583073e-04 -1.913774e-02 -2.151121e+00 -3.417190e+01 +2.683353e+03 -2.499012e+05 -2.278468e+08 -1.734313e+09 +4.808796e+10 +3.825206e+12 -2.411874e+14 +6.531820e+16 +2.707682e+19   
S15-162   +1.677980e+02   +5.207128e-08 +3.094601e-06 -2.144610e+00 -3.036305e-02 -1.001942e+00 +2.086360e+01 -3.224052e+03 +8.193644e+04 +1.454973e+09 +2.429164e+08 +1.262675e+10 +8.249896e+11 -8.651492e+12 +5.221965e+15 -3.201299e+20   +2.009302e-08 +1.059868e-04 -1.829555e-03 +9.035281e-03 -1.930350e+00 -5.211896e+00 +3.568864e+03 -3.367410e+05 -2.219367e+07 -7.906739e+08 +1.007173e+11 +4.744542e+12 -4.725832e+14 +9.869736e+16 -5.426651e+18   
S15-164   +1.678003e+02   -1.603908e-08 +8.132477e-05 -2.145229e+00 -2.704745e-02 -6.291669e+00 +5.036960e+01 -1.305784e+04 -2.101680e+05 +1.453115e+09 +1.789038e+08 -8.939078e+09 -4.008245e+11 +4.165544e+14 +8.120415e+16 -3.197958e+20   -2.078816e-07 +1.174676e-04 -1.049014e-03 -1.230969e-02 +4.057314e-01 +3.859728e+01 +2.797285e+03 -3.051669e+05 -1.492009e+07 -2.663036e+08 +4.315709e+10 +9.791484e+11 -5.525069e+14 +1.280183e+17 -6.153094e+18   
S15-165   +1.677981e+02   -3.354087e-08 +4.068702e-05 -2.144251e+00 -3.401151e-02 -4.448647e+00 +1.539508e+02 -8.734217e+03 -1.278322e+05 +1.442593e+09 +2.140568e+08 -1.462632e+10 +2.391898e+12 +4.889210e+14 +3.259600e+16 -3.194025e+20   -2.836533e-08 +1.033124e-04 -4.932934e-04 -3.852793e-02 -7.123031e-01 +1.669260e+01 +3.597301e+03 -1.060673e+05 -2.557655e+07 +3.547328e+08 +4.444875e+10 +2.613960e+10 -4.649575e+14 +9.306828e+16 -2.407710e+18   
S15-166   +1.677978e+02   +5.118161e-08 +6.179783e-05 -2.146836e+00 -4.420556e-02 -2.272187e+00 -1.176254e+01 -4.754621e+03 -2.481579e+05 +1.435748e+09 +3.059376e+08 +2.889423e+10 +1.946889e+12 +2.826638e+14 +5.363002e+16 -3.181374e+20   +2.513374e-07 +1.063519e-04 -2.466235e-04 -2.926678e-02 -3.920938e+00 +1.063579e+01 +6.760649e+03 -9.806440e+04 -1.621384e+07 -3.439743e+08 +1.095387e+11 +9.253673e+11 -6.087350e+14 +1.090376e+17 -4.527463e+18   
S15-167   +1.677982e+02   +3.997228e-07 +7.474282e-05 -2.144354e+00 -1.720383e-02 -4.057361e+00 -1.994930e+02 -1.365684e+04 +4.761595e+04 +1.395654e+09 +5.802860e+08 -1.355714e+11 +6.852880e+12 +8.623758e+14 -7.873392e+15 -3.112335e+20   -7.173802e-09 +1.173592e-04 +4.339474e-05 -3.023547e-02 +5.245715e-01 -4.234082e+00 +2.919989e+03 -3.624499e+05 -1.162136e+08 -2.479075e+08 +2.539427e+10 +6.282052e+12 -1.358401e+15 +1.576118e+17 -2.465184e+18   
S15-168   +1.677984e+02   +1.792441e-07 +5.124925e-05 -2.144000e+00 -3.092268e-02 -1.264571e+00 +7.334075e+01 -4.278218e+03 -5.269718e+03 +1.419444e+09 -1.052174e+09 +6.283564e+10 -3.669753e+11 -1.981382e+13 +2.912603e+16 -3.152929e+20   +4.357990e-08 +1.093223e-04 +3.411680e-05 +2.059284e-02 -9.198997e-01 +1.172107e+01 +4.471778e+03 -3.883219e+05 -1.132968e+08 -4.374156e+08 +8.461517e+10 +7.664733e+11 -7.541997e+14 +1.785974e+17 +3.116697e+18   
S15-170   +1.677981e+02   +3.460035e-07 +5.224808e-05 -2.145186e+00 -7.691291e-02 -2.844388e+00 +3.146728e+02 -1.221494e+04 -2.564688e+05 +1.442952e+09 +2.337102e+08 -1.239694e+10 -6.472248e+12 +6.916640e+14 +5.405283e+16 -3.216283e+20   +1.504515e-07 +9.982300e-05 -3.846730e-04 +5.955603e-02 -3.078527e+00 +1.626845e+01 +5.501468e+03 -4.495090e+05 -1.960662e+07 -2.639989e+08 +6.222859e+10 +1.163696e+12 -2.671048e+14 +1.003048e+17 -3.189137e+18   
S15-171   +1.677985e+02   +1.978917e-07 +3.177938e-05 -2.144668e+00 -3.694085e-02 +1.523436e+00 -1.661641e-01 -1.443692e+03 -3.352263e+04 +1.436111e+09 +4.270870e+08 -5.260619e+10 +2.838807e+11 +2.525861e+14 +1.687781e+16 -3.197704e+20   +1.124478e-07 +1.233496e-04 -6.342506e-04 -5.095758e-02 -4.748806e-01 +1.071597e+01 +4.480127e+02 -1.041598e+05 -2.016743e+07 +3.084050e+06 +8.184757e+10 -5.373928e+11 -2.697969e+14 +1.190673e+17 -4.009253e+18   
S15-172   +1.677976e+02   +7.108397e-08 +7.591581e-05 -2.144752e+00 -5.688165e-02 -2.791083e+00 -9.797548e+00 +1.274305e+01 -1.108345e+05 +1.410291e+09 +1.798758e+08 +1.090709e+11 -9.516072e+11 -3.960626e+14 +7.881680e+16 -3.190817e+20   +3.369178e-07 +1.274592e-04 -3.428147e-04 -5.974263e-02 +7.021292e-01 -1.608049e+01 -7.839165e+03 -4.735161e+04 -1.210525e+08 -4.116759e+08 +7.810124e+10 +4.607616e+12 +1.702058e+14 +1.129862e+17 +1.356183e+18   
S15-174   +1.677978e+02   -5.611980e-08 +5.817597e-05 -2.145133e+00 -3.384423e-02 -1.930460e+00 +1.185534e+02 -1.787301e+03 -2.101620e+05 +1.422204e+09 +7.756419e+08 +9.366124e+08 +5.048199e+12 -2.041586e+14 +8.057370e+16 -3.200548e+20   +6.921789e-08 +1.379597e-04 +9.627653e-05 -2.809750e-02 -2.003927e+00 +3.678919e+01 +3.542749e+03 -2.473564e+05 -1.709996e+08 +3.432941e+08 +1.245375e+11 -8.464855e+12 -3.977299e+14 +1.322927e+17 +1.191273e+19   
S15-175   +1.677967e+02   +2.074136e-07 +6.791463e-05 -2.145479e+00 -1.373905e-02 -2.944075e+00 -5.484589e+01 -9.790610e+03 -7.156935e+04 +1.456556e+09 +1.401391e+08 -6.598294e+10 +1.578462e+12 +4.006755e+14 +7.331825e+16 -3.214228e+20   +1.572516e-07 +1.088169e-04 -1.479144e-03 -2.185768e-03 -1.671812e+00 +4.216147e+01 +4.447328e+03 -2.592489e+05 -1.723204e+07 -2.189794e+08 +5.810183e+10 -1.039810e+12 -6.010118e+14 +1.394197e+17 -7.733388e+18   
S15-176   +1.677988e+02   +2.078316e-07 +3.620327e-05 -2.144652e+00 -4.139059e-02 +4.731365e-01 -1.457622e+01 -3.352673e+03 -2.118323e+05 +1.477990e+09 -6.488700e+08 -1.714478e+11 -3.445220e+12 +5.691404e+14 +5.237987e+16 -3.321803e+20   -2.799105e-07 +1.160633e-04 -5.669483e-04 -2.743940e-02 +1.657279e+00 -1.385577e+00 +1.252799e+03 -4.286655e+05 -9.475527e+07 +5.554425e+08 +4.487384e+10 +3.054263e+11 -3.156164e+14 +1.392910e+17 -1.523100e+19   
S15-177   +1.677987e+02   +2.124959e-07 +8.572552e-05 -2.146768e+00 -5.799736e-03 -3.660289e+00 -7.615190e+01 -1.177565e+04 -1.463122e+05 +1.329063e+09 +3.080754e+08 -6.859088e+10 +5.055754e+12 +9.298660e+14 +5.574756e+16 -2.939321e+20   -2.149837e-07 +1.185988e-04 -1.697750e-04 +6.969011e-03 +4.220086e+00 +7.472179e+00 -6.536457e+03 -3.833158e+05 -2.817373e+08 +4.732960e+08 -9.314393e+10 -1.803082e+12 -6.473560e+13 +1.181102e+17 +3.399374e+19   
S15-179   +1.677978e+02   -2.887541e-08 +7.707026e-05 -2.145825e+00 +4.280159e-02 -3.360085e+00 -2.638374e+01 -8.505499e+03 -1.615854e+05 +1.309254e+09 +1.061808e+09 +6.057660e+09 +1.005461e+13 +6.543799e+14 +1.058433e+17 -2.943176e+20   +2.944955e-08 +1.472969e-04 +5.682969e-04 -4.991192e-02 -1.848415e+00 +8.398882e+00 +2.858183e+03 -4.664045e+05 -2.990690e+08 -1.614571e+08 +1.972800e+10 -8.070720e+12 -2.851475e+14 +1.428138e+17 +4.205063e+19   
S15-180   +1.677966e+02   +2.960594e-07 +4.403809e-05 -2.145216e+00 -3.607746e-02 +1.730155e+00 -2.208545e+01 -2.828413e+03 -6.136632e+04 +1.459009e+09 +6.590801e+07 -3.572050e+10 -9.093992e+11 +4.152199e+14 +7.224366e+16 -3.278839e+20   +5.894379e-08 +1.218027e-04 -6.196323e-04 -3.761393e-02 -1.119936e+00 +2.391516e+01 -9.344158e+01 -2.702201e+05 -1.455501e+08 -1.624948e+09 +9.641453e+10 -1.112564e+12 +1.461481e+14 +1.369600e+17 -1.278190e+19   
S15-181   +1.677979e+02   +2.554276e-07 +8.322631e-05 -2.144856e+00 +1.317619e-02 -9.823270e-01 +6.606495e+01 +3.620239e+01 -2.014460e+05 +1.340542e+09 +6.882130e+08 +8.352280e+10 +1.281849e+12 +2.736042e+14 +8.442680e+16 -3.058644e+20   -3.060199e-08 +1.351177e-04 -1.401534e-04 -4.214515e-02 -2.828706e-01 -2.028072e+01 +3.306593e+02 -3.588961e+05 -1.754428e+08 +4.257703e+08 -1.686905e+10 +5.208317e+12 +2.334890e+14 +1.523352e+17 +2.191497e+19   
S15-183   +1.678011e+02   +2.164805e-07 +2.394297e-05 -2.145241e+00 -6.944323e-02 -1.331264e+00 -2.957925e+02 -4.378478e+03 -4.407144e+04 +1.440778e+09 -6.982046e+08 -7.374809e+10 +1.668409e+13 +6.253523e+14 +5.302650e+16 -3.265080e+20   -1.768909e-07 +1.366576e-04 -1.015026e-03 -3.303247e-02 -3.127204e+00 +1.104745e+01 +1.056018e+04 -4.074134e+05 -1.652915e+08 -2.275327e+09 +1.004081e+11 +5.302618e+12 -8.623954e+14 +1.588021e+17 -6.424034e+18   
S15-184   +1.677978e+02   +1.669287e-07 +6.219664e-05 -2.147320e+00 -2.093924e-02 -2.701252e+00 +2.283340e+02 -9.275354e+03 -7.830121e+04 +1.276888e+09 +1.487880e+09 -1.723966e+10 -4.598339e+12 +1.011109e+15 +1.017681e+16 -2.850372e+20   +3.692228e-08 +1.515016e-04 +2.195147e-05 -4.482142e-02 -2.833281e+00 -1.187141e+01 +3.896329e+03 -3.772839e+05 -3.399711e+08 +2.145052e+09 +4.763494e+10 +5.452446e+12 -6.561933e+13 +1.123639e+17 +3.766863e+19   
S15-185   +1.677981e+02   +9.402335e-08 +8.136493e-05 -2.143987e+00 -2.595624e-02 -2.250379e+00 +1.731720e+02 -9.214264e+03 -1.947712e+05 +1.289690e+09 -4.292867e+08 -4.599759e+09 -8.158740e+12 +1.807230e+15 +9.630598e+16 -2.821353e+20   -2.215730e-08 +1.327955e-04 +5.702780e-04 -5.410980e-02 -3.184813e-01 +9.676707e+00 +3.543635e+03 -3.046753e+05 -3.078552e+08 +1.143056e+09 -5.970491e+10 +5.343309e+12 -1.016861e+15 +1.411961e+17 +3.892133e+19   
S15-186   +1.677979e+02   +1.015180e-07 +4.205624e-05 -2.146479e+00 -1.160698e-02 -1.983113e+00 +1.192703e+02 -7.032365e+03 -7.599535e+04 +1.339290e+09 +4.736489e+08 -1.152646e+11 -2.710352e+12 +5.837515e+14 +6.782206e+16 -3.046337e+20   +2.174314e-07 +1.244024e-04 +1.396293e-04 -3.457358e-02 -3.235254e+00 +1.984229e+01 +8.889760e+02 -2.799890e+05 -2.441586e+08 +1.053479e+09 +4.644728e+10 +1.832874e+10 +5.283043e+14 +1.220157e+17 +3.088942e+19   
S15-187   +1.677976e+02   -1.572276e-07 +6.750698e-05 -2.146292e+00 -1.049964e-02 -5.460077e+00 +2.405260e+02 -1.081903e+04 -2.456655e+05 +1.353814e+09 +8.160397e+08 +5.813187e+10 -3.933106e+12 +6.136536e+14 +1.194379e+17 -2.984290e+20   +2.981824e-07 +1.225541e-04 -6.254666e-04 +1.590370e-02 -5.632992e+00 -8.752801e+00 +6.782171e+03 -4.771636e+05 -1.916771e+08 -5.176330e+08 +1.580713e+11 +2.375460e+12 -2.135382e+14 +1.179332e+17 +2.436184e+19   
S15-188   +1.677979e+02   +1.170218e-07 +7.783268e-05 -2.146367e+00 -5.209136e-02 -1.622224e+00 -2.673415e+01 -3.877559e+03 -3.019130e+05 +1.329564e+09 +1.114753e+08 +2.548781e+10 -4.377862e+12 +2.168585e+14 +1.011883e+17 -2.979008e+20   +2.156440e-09 +1.266716e-04 +1.669514e-04 -3.081958e-02 +1.496344e+00 +1.756357e+00 -2.418155e+03 -2.183977e+05 -2.179677e+08 -3.125083e+08 +6.437178e+10 +2.810504e+12 -6.252802e+14 +8.355343e+16 +2.470888e+19   
S15-189   +1.677989e+02   +3.814500e-07 +5.877553e-05 -2.144719e+00 -6.786880e-02 -1.586210e+00 -7.606754e+01 -6.145600e+03 -4.714525e+05 +1.427982e+09 -6.734079e+08 -2.996173e+10 +6.899586e+12 +4.848127e+14 +1.322611e+17 -3.148089e+20   +1.682867e-07 +1.337352e-04 +7.297724e-04 -7.818639e-02 -2.229575e+00 +1.297109e+00 +3.728149e+03 -9.650832e+04 -3.182137e+08 +3.064636e+09 +1.390789e+11 +2.726349e+12 -8.208898e+14 +5.736846e+16 +1.347053e+19   
S15-190   +1.677991e+02   -8.856049e-08 +6.794089e-05 -2.143741e+00 -3.105859e-02 -5.959662e+00 -1.106070e+01 -6.689803e+03 -2.643544e+05 +1.425607e+09 +1.039792e+09 +2.458346e+11 -2.189169e+12 -2.695645e+14 +1.091054e+17 -3.138329e+20   +1.927495e-07 +1.207427e-04 +6.233853e-04 +2.476227e-02 -4.058102e-02 +3.791306e+01 -2.875435e+03 -3.684369e+05 -2.835637e+08 -7.047642e+08 +5.749422e+10 -5.884185e+12 +1.043497e+14 +1.636911e+17 -7.602544e+17   
S15-191   +1.677996e+02   -1.839483e-08 +5.219975e-05 -2.144173e+00 -8.427904e-02 -7.234546e+00 +7.556949e+01 -7.885055e+03 -3.500678e+05 +1.425310e+09 -1.321148e+08 +2.363092e+11 +4.722365e+12 -2.612557e+14 +9.263425e+16 -3.065124e+20   -3.156264e-07 +1.179832e-04 -1.023465e-04 -3.639553e-02 +5.092994e+00 +1.166508e+01 -4.813655e+03 -2.595566e+05 -1.611417e+08 +1.226515e+09 -5.672257e+10 +1.197621e+12 -4.186349e+14 +8.494728e+16 +3.508064e+18   
S15-192   +1.677980e+02   +2.589033e-07 +1.046005e-04 -2.143837e+00 +5.832748e-03 -2.279891e+00 -2.057770e+02 -7.754508e+03 -2.876367e+05 +1.345692e+09 +4.455558e+08 -6.521144e+09 +4.882736e+12 +7.221212e+14 +9.344211e+16 -2.980671e+20   +6.550900e-08 +1.363488e-04 +8.639656e-04 -1.910860e-02 +7.147034e-03 +1.429664e+01 -2.146108e+03 -3.634124e+05 -2.857181e+08 +2.917529e+08 +1.323139e+10 -4.673256e+12 -1.095713e+14 +1.158244e+17 +3.765671e+19   
S15-193   +1.677976e+02   +3.227990e-07 +4.918019e-05 -2.143635e+00 +1.677573e-02 -3.761483e+00 +1.997980e+01 -1.235889e+04 -8.648503e+03 +1.437022e+09 -4.918086e+08 -5.795172e+10 +2.623803e+12 +7.446727e+14 +1.258542e+16 -3.258491e+20   +2.759753e-09 +1.304997e-04 +6.213241e-04 -5.638066e-02 +9.601204e-02 +1.923494e+01 +6.168211e+03 -6.579004e+04 -2.686319e+08 +3.769602e+08 -2.584468e+10 +1.992835e+12 -1.607916e+15 +4.014087e+16 +1.565205e+19   
S15-194   +1.677980e+02   +1.697880e-07 +3.053852e-05 -2.144143e+00 +1.023024e-03 -2.458529e+00 +5.534798e+01 -3.637854e+03 +9.328985e+04 +1.337179e+09 -6.041419e+08 +4.587615e+10 +4.718808e+12 +2.194738e+13 +1.296285e+16 -3.016717e+20   -9.887812e-08 +1.193628e-04 +3.692432e-04 -5.714899e-03 -1.579306e+00 -2.447172e+01 +6.210789e+03 -4.268256e+05 -2.084174e+08 +2.089347e+08 -1.349759e+11 +5.397543e+12 +2.615394e+13 +9.549750e+16 +2.698010e+19   
S15-195   +1.677993e+02   +2.656200e-07 -6.494532e-06 -2.144336e+00 -5.475007e-02 -4.191587e+00 +6.797668e+01 -1.568191e+04 +1.867467e+05 +1.408107e+09 -2.843796e+09 -2.392339e+10 -1.072933e+13 +9.266159e+14 -1.299177e+17 -3.375720e+20   +4.767966e-08 +1.506941e-04 -2.679266e-04 +6.482774e-03 -2.637760e+00 +4.311239e+00 +9.710595e+03 -3.737291e+05 -4.329371e+08 +7.280787e+08 -7.510681e+09 -8.575280e+12 -9.178244e+14 +1.320908e+17 +5.342576e+18   
S15-197   +1.677985e+02   +2.254595e-07 +2.908037e-05 -2.143977e+00 -4.315451e-02 -5.229397e+00 +1.084923e+02 -9.779724e+03 -2.777682e+05 +1.355701e+09 -8.908852e+08 -1.080618e+11 -1.002457e+11 +1.346969e+15 +1.901863e+16 -3.389406e+20   -2.442612e-07 +9.620718e-05 -3.826827e-04 +1.688844e-02 -9.349577e-02 +1.617011e+01 +6.760609e+02 -5.588350e+05 -4.831159e+08 +2.502864e+09 +1.188489e+11 +8.784918e+12 -5.864276e+14 +1.211429e+17 -1.859763e+19   
S15-199   +1.677985e+02   -1.946408e-08 +6.539004e-05 -2.144068e+00 -5.117039e-02 -4.121810e+00 -3.651306e+01 -5.478569e+03 -4.729722e+05 +1.410219e+09 +2.031171e+09 -2.307402e+11 -1.413510e+13 -2.350246e+13 +1.943750e+17 -3.807633e+20   +1.613367e-07 +1.039223e-04 +4.782648e-04 -2.904494e-02 -9.952681e-01 -6.171396e+00 +8.935956e+01 +5.705283e+03 -6.258888e+08 +2.978390e+09 +1.133170e+11 +9.067292e+12 -6.952851e+14 +9.228759e+16 +3.550747e+19   
S15-206   +1.677974e+02   -8.502110e-08 +8.031757e-05 -2.143877e+00 -2.761818e-02 -4.681835e-01 -1.603738e+02 -2.696507e+03 -1.373151e+04 +1.374676e+09 -1.334887e+09 +3.877145e+10 +1.137046e+13 +9.442006e+14 +1.019194e+17 -3.316159e+20   +6.896972e-08 +1.176416e-04 -2.914532e-04 -7.350895e-03 +1.241475e+00 +2.195884e+01 +2.749012e+03 +1.245190e+05 -4.847111e+08 +4.025217e+09 +9.111428e+10 -6.500518e+12 -5.979664e+14 +1.124392e+17 +1.040039e+19   
S15-207   +1.677987e+02   +2.572287e-07 +6.861978e-05 -2.144981e+00 -4.746130e-03 -3.048394e+00 -5.435533e+01 -1.084691e+04 -2.187159e+04 +1.464464e+09 -6.871150e+08 +8.591509e+09 +1.647587e+12 +4.501221e+14 +6.119088e+16 -3.227785e+20   +2.749585e-07 +1.052433e-04 -1.013749e-03 +4.715577e-02 -3.057170e+00 +2.634204e+01 +3.181380e+03 -4.123289e+05 -1.757443e+07 -5.386138e+08 +8.675580e+10 -9.785034e+09 -4.744290e+14 +1.195639e+17 -5.229335e+18   
S15-209   +1.677993e+02   +8.213497e-08 +5.878145e-05 -2.144164e+00 -7.027371e-02 -4.852159e+00 -2.478410e+02 -1.111733e+04 -4.411320e+05 +1.414135e+09 +1.406956e+09 +3.641270e+10 -1.405304e+13 +1.602664e+15 -7.980516e+16 -3.654933e+20   +1.437781e-07 +1.166155e-04 +4.190256e-04 -3.322010e-03 -3.254002e+00 -3.379203e+01 +9.745964e+03 -3.871874e+04 -6.055758e+08 -5.110220e+09 +4.038193e+11 +8.176512e+11 -5.473585e+14 +8.111935e+16 -1.934273e+19   
S15-210   +1.677991e+02   +2.211971e-07 +7.261809e-05 -2.144702e+00 -3.255696e-02 -3.527671e+00 +4.838083e+01 -1.088977e+04 -2.733898e+05 +1.457886e+09 -1.451265e+09 +1.195256e+10 -1.266705e+13 -4.704764e+14 +1.015766e+17 -3.796256e+20   +1.160080e-07 +1.096307e-04 +8.627633e-04 +6.454272e-03 +2.891990e-01 +2.286439e+01 +3.876414e+03 -1.673750e+05 -6.618641e+08 -1.022911e+09 -1.967663e+10 -6.075861e+12 -2.087975e+15 -4.887962e+16 +1.438375e+18   
S15-212   +1.677985e+02   +5.622243e-07 +4.434368e-05 -2.145133e+00 -7.296704e-02 -1.046961e+00 +8.691204e+01 -6.675769e+03 +3.866788e+04 +1.440332e+09 +1.858949e+09 +5.025984e+09 +8.509945e+12 +4.565276e+14 +1.896376e+16 -3.222333e+20   -8.305372e-08 +1.257656e-04 -6.828631e-04 -6.398657e-02 +1.077490e+00 -7.444232e+00 -1.027866e+02 -8.547603e+04 -2.835746e+08 +1.183752e+09 -2.407519e+11 -5.321996e+12 -6.307524e+14 +1.388742e+17 -1.907281e+18   
S15-213   +1.677973e+02   +1.083961e-07 +5.705072e-05 -2.144855e+00 -4.522069e-02 -2.496711e+00 -8.005778e+01 -1.239841e+04 -2.539141e+05 +1.453320e+09 +1.104829e+08 -9.719239e+10 -5.089473e+11 +8.720623e+14 +5.277314e+16 -3.284765e+20   -9.507853e-08 +8.117669e-05 -6.906112e-04 +5.617264e-02 +1.282922e+00 +1.027285e+01 -3.585481e+01 -5.111145e+05 -8.077573e+07 -7.381752e+08 +7.429792e+10 +2.389273e+12 -2.222672e+14 +1.482145e+17 -1.165531e+19   
S15-215   +1.677979e+02   +1.362520e-07 +6.488264e-05 -2.139378e+00 -2.871614e-02 -7.380349e+00 +3.388368e+00 -1.495681e+04 -1.102613e+05 +1.408295e+09 -3.165429e+09 -2.934291e+10 +8.061805e+12 +1.085396e+15 +1.170974e+17 -3.033867e+20   +1.443186e-07 +1.425573e-04 +4.813436e-05 -5.409286e-02 -4.695323e+00 -4.916680e+01 +5.933441e+03 -4.328486e+05 -3.505395e+08 +4.362160e+08 +1.810104e+11 +1.328553e+13 -3.632479e+14 +7.363775e+16 -1.282237e+19   
S15-216   +1.677975e+02   +6.918995e-08 +4.962727e-05 -2.142485e+00 -6.909406e-02 -4.092741e+00 -1.613717e+01 -1.250313e+04 -1.735802e+05 +1.453430e+09 +2.576711e+08 -4.874521e+10 -4.265752e+09 +8.083613e+14 +9.028084e+15 -3.262859e+20   -4.825983e-08 +9.376636e-05 -9.443579e-04 +2.530607e-02 -1.228542e+00 +2.063071e+01 +4.883871e+03 -3.591859e+05 -8.800155e+07 -1.004089e+09 +1.785016e+11 -6.482576e+12 -3.041976e+14 +1.089205e+17 -1.134541e+19   
S15-218   +1.677995e+02   +1.178145e-07 +6.289774e-05 -2.143673e+00 +2.382414e-02 -4.119111e-01 +1.173455e+02 -7.499647e+03 -3.856897e+05 +1.325807e+09 +6.934490e+07 -1.941764e+11 +2.403499e+12 -8.338601e+13 +5.545924e+16 -2.968401e+20   +2.257137e-08 +1.343574e-04 -3.339493e-05 -4.220542e-02 -3.225348e+00 +4.998718e+01 +6.794484e+03 +8.149619e+04 -3.925804e+08 -7.857449e+08 -2.509102e+11 -4.936260e+12 +6.279357e+14 +2.515073e+16 -2.015375e+18   
S15-219   +1.677971e+02   +1.770043e-07 +9.063852e-05 -2.144514e+00 +3.993928e-02 -3.287342e+00 +8.348374e+01 -1.320595e+04 -7.165297e+04 +1.351430e+09 +3.292848e+09 -5.058021e+10 -5.153352e+12 +3.575909e+14 -1.775842e+16 -3.290103e+20   -2.245134e-08 +1.299845e-04 -3.124895e-04 -6.261813e-02 +8.876280e-01 -1.392279e+01 -1.949956e+02 +3.003019e+05 -4.508045e+08 +1.703521e+09 -2.394416e+09 +1.717316e+13 -2.059002e+14 +1.273886e+17 +8.889129e+18   
S15-220   +1.677969e+02   -1.366965e-07 +6.301565e-05 -2.146393e+00 -5.549690e-02 -2.795869e+00 +7.766234e+01 -2.930381e+03 -4.015633e+05 +1.457089e+09 -2.723262e+08 +9.180700e+10 +5.651014e+12 +8.860795e+13 +6.919651e+16 -3.351400e+20   +1.368788e-07 +1.000157e-04 -5.791362e-04 -1.461978e-02 -6.863101e-01 +1.776167e+01 +8.211862e+02 -1.861516e+05 -1.648609e+08 -2.267840e+08 -3.887485e+10 -1.441501e+12 -4.192822e+14 +5.027994e+16 -7.461151e+18   
S15-221   +1.677968e+02   +1.634301e-07 +2.297577e-05 -2.149482e+00 +2.013875e-03 -2.247959e+00 -9.217947e+01 -7.213272e+03 +3.597206e+04 +1.419088e+09 +4.996542e+08 +9.348694e+09 +7.887719e+11 +1.220185e+14 +3.328537e+16 -3.198065e+20   +1.653253e-07 +1.000450e-04 -1.520859e-04 -5.182845e-02 +5.778537e-01 +2.634402e+01 -4.227709e+03 -1.212274e+05 -1.280958e+08 +2.483606e+08 +5.218746e+10 -7.374485e+11 -2.277622e+14 +6.986021e+16 +1.354040e+18   
S15-222   +1.677995e+02   -8.020530e-08 +8.146550e-05 -2.143808e+00 -3.420346e-02 -3.882198e+00 +4.743171e+01 -2.661056e+03 -1.902534e+05 +1.421696e+09 -3.146202e+09 +1.293080e+11 -8.907094e+12 -9.257560e+13 +1.776281e+17 -3.208157e+20   +1.805063e-08 +9.034109e-05 -3.657432e-04 +7.215993e-02 +1.260744e+00 +1.451107e+01 +1.034253e+03 -1.090524e+06 -4.904578e+08 -1.991204e+09 +2.173038e+11 -3.676214e+12 +3.547096e+14 +1.367541e+17 +6.121168e+18   
S15-223   +1.677984e+02   +4.091236e-07 +6.150345e-05 -2.144347e+00 -5.681357e-02 -1.558756e+00 -8.653837e+00 -1.160596e+04 -2.359596e+05 +1.428597e+09 +9.923313e+08 -1.819581e+11 +1.917681e+13 +3.895096e+14 +5.125489e+16 -3.250678e+20   -1.798775e-08 +1.234162e-04 -3.047169e-04 -2.004281e-02 +1.533232e-01 +1.649284e+01 +2.347826e+03 -2.506877e+05 -3.563573e+08 +2.427421e+08 +7.402156e+10 +6.906466e+11 -7.175009e+14 +1.344954e+17 -1.687463e+18   
S15-227   +1.677972e+02   +1.234791e-07 +4.883306e-05 -2.144672e+00 -4.777623e-02 -3.666444e+00 -1.054904e+01 -9.721646e+03 -1.369064e+05 +1.413376e+09 -1.005212e+09 +9.559075e+09 +5.828566e+12 +8.830862e+14 +4.559828e+16 -3.354571e+20   +1.103717e-07 +1.300364e-04 -7.623822e-04 -1.659657e-02 -1.583152e+00 -4.266676e+01 +4.160527e+03 -4.990356e+05 -3.569001e+08 -3.638728e+08 +5.611697e+10 +1.742688e+12 -9.747576e+13 +1.026763e+17 -4.750856e+18   
S15-228   +1.677983e+02   -7.117563e-08 +4.203375e-05 -2.144170e+00 -1.107386e-01 -7.604749e+00 -3.079324e+01 -1.407918e+04 -2.974450e+05 +1.427576e+09 +3.238248e+08 +1.130415e+11 +1.746875e+12 +6.651307e+14 +3.034693e+16 -3.234265e+20   -4.636023e-08 +1.271555e-04 -4.344840e-04 -4.278858e-02 +1.047080e+00 -1.436407e+00 +5.280626e+02 -1.576880e+05 -2.696124e+08 +5.060031e+08 +2.041341e+10 +4.917207e+12 -6.950845e+14 +7.905718e+16 -1.436391e+19   
S15-229   +1.677990e+02   +1.986923e-07 +5.208141e-05 -2.145054e+00 -6.182885e-02 -1.857358e+00 -1.128805e+01 -4.502947e+03 -3.727243e+05 +1.453683e+09 +1.319274e+09 +1.033103e+11 +2.042951e+12 +5.601252e+14 +2.673223e+16 -3.222276e+20   +3.577933e-08 +9.677483e-05 -5.245856e-05 +4.537782e-02 +1.117371e+00 +2.826574e+01 -2.788685e+03 -2.879608e+05 -3.291683e+08 -7.812329e+08 +6.260776e+10 +1.050722e+13 -3.198592e+14 +1.091184e+17 +1.858844e+19   
S15-230   +1.677987e+02   +7.953566e-08 +4.235872e-05 -2.145052e+00 -8.442372e-02 -1.625433e+00 -3.238081e+00 -5.861093e+03 -8.772285e+04 +1.442986e+09 +7.448568e+08 +3.771479e+10 +9.679616e+12 -3.307495e+14 +1.378408e+16 -3.064821e+20   +1.772580e-07 +1.183387e-04 +3.354646e-04 -3.668143e-02 +1.825379e-01 +3.235899e+01 -2.216832e+03 -3.383547e+05 -2.750288e+08 +2.225870e+09 -1.580856e+10 -1.090069e+12 +4.467719e+13 +1.421595e+17 +1.712516e+19   
S15-231   +1.677970e+02   +1.333750e-07 +3.478246e-05 -2.144720e+00 -1.184831e-02 -3.683186e+00 -1.878944e+01 -1.144144e+04 -7.081140e+04 +1.319060e+09 -3.795144e+08 -2.008163e+11 +5.563790e+12 +1.868793e+14 -2.749702e+16 -3.466576e+20   +3.832302e-08 +1.318438e-04 +8.952407e-04 +2.147302e-02 -6.373654e-01 +7.300053e+01 +1.366850e+03 -1.536982e+05 -6.550040e+08 -2.496229e+08 +1.127621e+11 -5.387814e+12 -8.084781e+14 +9.516904e+16 -7.610845e+18   
S15-232   +1.677985e+02   +1.579566e-07 +4.255524e-05 -2.144517e+00 -5.562854e-02 -1.998213e-01 -3.636421e+01 -3.478965e+03 +3.337760e+05 +1.447037e+09 -3.035329e+09 -4.993443e+10 -1.676717e+13 +5.934513e+14 -2.747435e+16 -3.163292e+20   -6.795549e-09 +1.204219e-04 +3.693325e-04 -1.714835e-02 -4.622012e-01 +1.162295e+01 -5.309046e+02 -3.112676e+05 -3.629472e+08 +8.083565e+07 +5.738485e+10 +2.976947e+11 +5.007409e+13 +1.158217e+17 +2.354294e+19   
S15-234   +1.677980e+02   +2.394486e-07 +6.986067e-05 -2.142427e+00 +9.072373e-03 -2.551534e+00 +1.477519e+02 -1.178487e+04 -3.596541e+05 +1.277142e+09 -2.269863e+08 -1.551084e+11 +4.192735e+12 +4.892894e+14 +4.379791e+16 -3.094643e+20   +1.219323e-07 +1.071223e-04 -3.700980e-05 +4.552437e-02 -1.145827e+00 +6.538898e+00 +1.521231e+03 -9.652654e+05 -5.828163e+08 -8.659567e+08 +6.505817e+10 +1.875673e+12 -1.427932e+13 +2.462096e+17 +1.043275e+19   
S15-236   +1.677982e+02   +2.807162e-07 +5.415506e-05 -2.145087e+00 -2.297863e-02 -2.884315e+00 +9.521735e+00 -1.000983e+04 -3.780867e+05 +1.307180e+09 +1.574511e+09 -2.577762e+10 +6.745281e+12 +5.480069e+14 +1.358039e+17 -2.953293e+20   -1.610836e-07 +1.186214e-04 -8.072160e-04 +9.285862e-03 +1.817817e-01 +2.910018e+01 +5.180141e+02 -4.555988e+05 -2.796482e+08 -1.105697e+09 +8.021987e+10 -7.857712e+12 -1.504660e+14 +8.826358e+16 +2.996589e+19   
S15-237   +1.677976e+02   +2.885206e-07 +4.616309e-05 -2.142352e+00 -4.586457e-02 +5.086739e-01 +1.610040e+02 -3.884194e+03 -7.030232e+04 +1.470482e+09 +2.009446e+09 +7.069362e+10 -1.830617e+13 +1.296445e+14 -1.354687e+17 -3.148531e+20   -1.226930e-07 +1.005865e-04 +5.221012e-05 +3.463662e-02 -1.933990e+00 -3.532219e+00 +6.162520e+03 -5.389233e+05 -2.705040e+08 +2.318885e+09 +7.401959e+10 +1.609185e+12 +1.846486e+14 +1.174085e+17 -1.065530e+19   
S15-238   +1.677995e+02   +3.132096e-08 +6.999842e-05 -2.145882e+00 -9.141142e-03 -2.999515e+00 -2.772049e+01 -7.157781e+03 -7.335457e+04 +1.448562e+09 -1.881373e+09 +8.410544e+09 +1.693203e+11 +3.874728e+14 +2.475689e+16 -3.160992e+20   -9.009699e-09 +1.375566e-04 -2.478077e-04 -4.055124e-02 -2.198172e+00 +2.602665e+01 +2.757084e+03 -3.196032e+05 -2.626178e+08 -8.604912e+08 +4.597659e+10 -3.814109e+12 +1.733182e+14 +1.219651e+17 +3.281085e+18   
S15-239   +1.677968e+02   +2.208505e-07 +8.622727e-05 -2.146256e+00 -2.764255e-02 -1.985835e+00 -4.555852e+01 -6.984454e+03 -1.259363e+05 +1.469551e+09 -2.408877e+09 -7.486555e+10 +1.577448e+13 +2.964347e+14 +8.300701e+16 -3.178716e+20   +6.960621e-08 +9.517619e-05 +8.980088e-05 +3.039751e-02 +2.074724e+00 +5.069610e+00 -1.434436e+03 -6.567092e+05 -3.350244e+08 -1.005637e+09 +1.400215e+11 +4.391088e+12 -6.417637e+14 +1.391212e+17 -8.628192e+17   
S15-240   +1.677981e+02   +2.167443e-07 +9.485817e-05 -2.146085e+00 -1.530814e-02 -1.042958e+00 -9.133840e+01 -6.502374e+03 -2.496196e+05 +1.303164e+09 +6.805977e+08 -1.373583e+11 +7.450567e+11 +5.241845e+14 +8.314027e+16 -2.941334e+20   +6.731530e-08 +1.289204e-04 +1.766118e-05 -5.444282e-02 -6.301311e-01 +2.043944e+01 +7.174235e+02 -2.621865e+05 -2.877299e+08 +8.750695e+08 +1.347575e+11 -1.008779e+13 -3.517257e+14 +1.356766e+17 +3.011358e+19   
S15-242   +1.677987e+02   +1.300588e-07 +6.386152e-05 -2.143578e+00 +9.566993e-03 -1.975930e+00 +1.521611e+02 -6.895763e+03 +2.307098e+05 +1.454835e+09 -1.304533e+09 -8.379344e+10 +1.339987e+13 +4.784275e+13 +2.725388e+16 -3.174162e+20   +8.823370e-08 +1.106557e-04 +2.363539e-04 +3.898451e-03 -1.827343e+00 +3.561855e+01 +3.156439e+03 -3.697402e+05 -1.584080e+08 +1.360300e+09 +1.101306e+11 -7.271969e+12 -6.165876e+14 +9.385555e+16 -8.016832e+18   
S15-244   +1.677984e+02   +7.744782e-08 +6.834344e-05 -2.144880e+00 -3.506172e-02 -3.459607e+00 +1.468777e+02 -9.116058e+03 -2.321156e+05 +1.506618e+09 -4.597174e+09 -1.507731e+11 -1.136934e+12 +3.896541e+14 +1.361129e+17 -3.344622e+20   +2.274055e-08 +1.187624e-04 +3.811641e-04 -3.156235e-02 +2.297433e+00 +6.378529e+00 -6.944244e+03 -3.102079e+05 -3.365241e+08 +3.591851e+08 -6.121358e+09 +9.555842e+11 +7.238627e+14 +1.383929e+17 +8.015506e+18   
S15-245   +1.677985e+02   +1.786068e-07 +4.574190e-05 -2.143755e+00 -6.466577e-02 -1.003055e+00 +4.493193e+01 -4.505314e+03 -2.204626e+05 +1.477183e+09 +3.870530e+07 -1.135260e+11 -3.926038e+12 +5.239091e+13 +4.504810e+16 -3.217079e+20   -1.352990e-07 +1.040963e-04 -4.892870e-04 +2.398302e-02 +1.098022e+00 +2.087488e+01 +6.531650e+02 -3.856984e+05 -1.816771e+08 +5.799883e+08 +1.521574e+10 -3.779724e+12 -5.669678e+14 +1.603274e+17 -8.303739e+18   
S15-246   +1.677967e+02   +1.584903e-07 +5.977853e-05 -2.148348e+00 -1.886636e-02 -4.393253e+00 +9.241952e+01 -1.090576e+04 -8.012744e+04 +1.453606e+09 +1.148816e+08 +2.079679e+10 -4.795740e+11 +7.284309e+14 +5.486601e+16 -3.233617e+20   -7.330245e-08 +9.069231e-05 -1.043730e-03 +6.233049e-02 -5.495168e-01 +1.799510e+01 +3.261778e+03 -3.894737e+05 -2.749018e+07 -7.870965e+08 +3.555104e+10 -1.316829e+12 -7.846638e+14 +1.055392e+17 -1.362304e+18   
S15-248   +1.677982e+02   -2.435958e-08 +8.207019e-05 -2.146264e+00 +4.453959e-02 -2.627761e+00 -6.509140e+01 -5.447819e+03 -3.330948e+05 +1.298810e+09 +1.696261e+08 -3.424854e+10 +2.161071e+12 +1.041465e+14 +1.244622e+17 -2.872034e+20   -1.215925e-07 +1.233056e-04 -2.944898e-04 -2.501072e-02 +2.723967e+00 -2.428084e+01 -3.814757e+03 -2.717643e+05 -3.197112e+08 +2.468938e+08 -6.196229e+10 +7.729690e+12 +1.250069e+14 +6.622216e+16 +3.668346e+19   
S15-249   +1.677973e+02   +1.221623e-07 +5.572013e-05 -2.143982e+00 -5.996342e-02 -2.566308e+00 -6.897060e+01 -5.300811e+03 -5.900839e+05 +1.445486e+09 +1.227830e+09 -2.425355e+09 +3.857369e+12 +3.319969e+14 +5.749387e+16 -3.035166e+20   +1.049036e-07 +1.167046e-04 +6.854222e-04 +5.342788e-02 -2.767608e+00 +3.919208e+01 +6.393971e+03 -5.420725e+05 -3.713578e+08 -2.195613e+09 +1.817560e+11 -2.810147e+12 -8.125178e+14 +1.630477e+17 -1.432330e+19   
S15-251   +1.677983e+02   +1.614466e-07 +4.105125e-05 -2.143339e+00 -1.102194e-01 -1.159177e+00 +8.231669e+01 -2.579275e+03 -4.823752e+05 +1.356076e+09 +1.462438e+09 -3.057775e+10 +1.059361e+11 -6.242995e+14 +1.239527e+17 -3.004476e+20   +2.966042e-08 +1.105993e-04 +1.179735e-04 -3.893077e-03 -1.025697e+00 +1.169091e+01 +3.561414e+03 -4.523440e+05 -4.003814e+08 +2.994695e+09 -8.631977e+10 +5.863801e+12 -2.591675e+14 +9.924683e+16 -2.268377e+19   
S15-253   +1.677977e+02   +1.435507e-07 +7.857325e-05 -2.143339e+00 +1.984045e-03 -8.936040e-01 -1.524371e+01 -6.735086e+03 +1.501482e+04 +1.377447e+09 -5.437592e+08 +1.256616e+11 +1.622228e+13 +6.826285e+14 +4.421825e+16 -3.052933e+20   +7.930401e-08 +1.107206e-04 -8.330662e-05 -5.875936e-02 +1.555300e+00 +2.064550e+01 +2.103074e+02 -3.917544e+04 -3.364465e+08 -1.884730e+08 +1.059541e+11 -4.781529e+12 -4.675420e+14 +9.271957e+16 -6.936418e+18   
S15-256   +1.677980e+02   -8.678077e-09 +5.083185e-05 -2.148667e+00 +1.110070e-02 -3.661164e+00 +2.685244e+01 -8.963396e+03 -9.961764e+04 +1.304657e+09 +3.108995e+08 +9.840201e+10 -6.271499e+12 +7.910273e+14 +9.289074e+16 -2.918605e+20   -1.567069e-07 +1.282047e-04 -3.775409e-04 -1.710762e-02 +5.791510e-03 +1.901173e+01 +1.633912e+03 -3.606250e+05 -3.248169e+08 +4.563090e+08 -6.793543e+10 +4.945453e+10 -3.573243e+14 +9.181695e+16 +4.669937e+19   
S15-257   +1.677977e+02   +9.994178e-08 +7.494215e-05 -2.143337e+00 -2.396386e-02 -6.179733e+00 -2.043203e+02 -1.441105e+04 -1.123682e+05 +1.495117e+09 -6.966681e+08 +5.040189e+10 -8.947131e+12 +6.758180e+14 +1.056371e+17 -3.287518e+20   +1.741549e-07 +1.021670e-04 -4.309022e-04 +2.028769e-02 +1.962450e+00 -4.467911e+00 -3.385978e+03 +2.490096e+05 -3.222771e+08 +1.327950e+09 +9.811100e+10 -1.007647e+13 -2.766730e+14 +4.596145e+16 +4.294229e+18   
S15-258   +1.677968e+02   -2.834994e-08 +5.079497e-05 -2.143449e+00 -3.572156e-02 -4.748638e+00 +1.433134e+02 -3.682049e+03 -2.577712e+05 +1.441671e+09 +5.143385e+08 +1.906472e+11 -1.755954e+13 +1.977660e+14 +7.081142e+16 -3.099772e+20   -1.507873e-07 +1.119296e-04 -5.087888e-05 -3.659507e-02 +2.998738e+00 +1.309765e+01 -2.609971e+03 +2.873305e+05 -2.343274e+08 +2.230464e+07 +1.256612e+10 -2.946672e+12 -7.256598e+14 -3.314482e+15 -3.664627e+18   
S15-261   +1.677993e+02   +1.359111e-07 +5.116337e-05 -2.144624e+00 -1.834441e-02 -1.296467e+00 +3.138795e+00 -3.901687e+03 -2.417799e+05 +1.381292e+09 -2.286802e+09 -4.996495e+10 +1.748618e+12 +4.530621e+14 +6.781184e+16 -3.126502e+20   -1.024807e-07 +1.465094e-04 +5.084418e-04 -4.563446e-02 +3.119829e+00 +2.309125e+00 -7.355102e+03 -6.711649e+05 -1.667595e+08 +1.712679e+09 -5.057670e+08 +2.778717e+12 -4.666810e+13 +1.554757e+17 +9.999875e+18   
S15-263   +1.678002e+02   +2.608084e-07 +4.297560e-05 -2.146046e+00 -4.559211e-02 -6.780445e-01 +2.498679e+02 -4.263832e+03 +3.188270e+04 +1.387532e+09 +9.770334e+08 -5.627325e+09 -3.709150e+12 +2.814967e+14 +2.699945e+16 -3.113793e+20   -1.781649e-07 +1.244041e-04 +5.390835e-04 -3.157588e-02 +2.798669e+00 -3.524782e+00 +1.429131e+03 -3.035684e+05 -1.627368e+08 +1.087065e+09 +2.914201e+10 +5.788569e+12 -1.202080e+15 +1.063170e+17 +9.392253e+18   
S15-267   +1.677993e+02   +4.589025e-08 +6.081605e-05 -2.142707e+00 -4.409922e-02 -4.435276e+00 -3.333599e+01 -1.141912e+04 -2.298634e+05 +1.450713e+09 -3.814064e+08 +1.132936e+11 +4.989137e+12 +1.182876e+15 +4.433998e+16 -3.241090e+20   -5.261136e-08 +1.239815e-04 +1.772338e-04 -8.322526e-02 +2.101314e-01 -4.829519e+00 +4.048601e+03 -1.553383e+05 -2.585581e+08 +1.264669e+09 +2.425638e+10 +2.526718e+12 -8.465578e+14 +1.695853e+17 +1.502648e+19   
S15-271   +1.677991e+02   +1.982118e-07 +6.363038e-05 -2.140625e+00 +4.305472e-03 -4.206511e-01 +3.488305e+00 -4.273922e+03 -4.867581e+05 +1.467131e+09 +6.467502e+08 +6.852444e+10 +3.838060e+12 +1.256717e+15 +3.880078e+16 -3.371663e+20   -1.166970e-07 +8.975704e-05 -6.042208e-04 +6.139067e-02 +4.131737e+00 +7.588289e+00 -1.254926e+03 -4.178616e+05 -3.722333e+08 -6.139842e+08 -2.194011e+10 +7.623182e+12 -9.975661e+14 +5.620492e+16 -1.450157e+19   
S15-272   +1.677960e+02   +2.849188e-07 +4.935021e-05 -2.141589e+00 -5.385216e-02 -3.665788e+00 +1.080559e+01 -1.490824e+04 -3.114966e+05 +1.460348e+09 +1.683485e+09 +8.737991e+10 +1.299454e+13 +7.683526e+14 +6.054578e+16 -3.316536e+20   +1.446282e-07 +1.179889e-04 -7.920922e-05 -5.697334e-02 -4.557867e+00 +1.568502e+01 +1.128566e+04 -1.599746e+05 -3.538973e+08 -8.470506e+08 +3.328502e+10 +1.460126e+12 -6.687347e+14 +1.387382e+17 +4.062733e+18   
S15-274   +1.677973e+02   +2.102486e-07 +5.037818e-05 -2.142559e+00 -7.351894e-02 -4.615416e+00 -1.543620e+02 -1.753317e+04 -2.944761e+05 +1.452725e+09 +1.624611e+09 -1.476055e+11 -2.691413e+12 +7.828118e+14 +1.829620e+16 -3.370677e+20   +1.869373e-07 +8.269054e-05 +6.804865e-05 +9.808549e-02 +6.296246e-01 +6.426659e+01 +1.334371e+03 -6.911988e+05 -2.978189e+08 -1.859823e+09 +1.445549e+11 -8.299019e+12 -4.486910e+14 +1.361757e+17 +2.422618e+18   
S15-275   +1.678011e+02   +4.652042e-07 +5.963328e-05 -2.140814e+00 -5.395506e-02 -5.929056e-01 -1.797573e+02 -1.071705e+04 -1.931129e+04 +1.399199e+09 +3.034238e+08 +4.917392e+08 +4.164401e+12 +2.225615e+15 -7.258099e+16 -3.338499e+20   +1.481128e-07 +9.481922e-05 -7.797625e-04 -1.624612e-02 -2.289916e+00 +8.074047e+00 +2.849866e+03 -3.300036e+05 -3.874007e+08 +1.276570e+09 +8.420749e+10 +1.315185e+13 +2.098806e+14 +9.400671e+16 -1.316499e+19   
S15-276   +1.677993e+02   -2.078084e-07 +2.561516e-05 -2.147759e+00 -6.627167e-02 -7.619430e+00 +1.167737e+02 -8.023800e+03 -3.665901e+05 +1.448694e+09 -1.539481e+09 +1.783354e+11 +2.900574e+12 +1.711416e+14 +4.404266e+16 -3.214751e+20   -6.158732e-08 +7.709782e-05 -5.279426e-04 +2.440948e-02 -4.280043e-01 +1.689235e+00 +3.225089e+03 -5.469480e+05 -3.023847e+08 -1.248853e+09 +1.518967e+11 +3.936155e+11 -1.325196e+15 +9.621369e+16 -1.103599e+19   
S15-277   +1.677981e+02   +1.919402e-07 +4.237590e-05 -2.145006e+00 +1.072192e-02 -2.335507e-01 -8.358819e+01 -3.999384e+03 -8.051098e+04 +1.340714e+09 -4.001569e+08 -1.283717e+11 +1.882842e+12 +4.918358e+14 +6.023805e+16 -3.061712e+20   -2.164881e-08 +1.069189e-04 -5.267753e-04 -5.037226e-02 -3.012197e+00 +4.898068e+00 +5.430573e+03 -3.209073e+05 -1.896666e+08 +4.185185e+08 +1.427117e+11 +9.540942e+11 -2.989144e+14 +1.186741e+17 +2.296421e+19   
S15-278   +1.677980e+02   -1.650082e-08 +4.965068e-05 -2.145719e+00 -7.655794e-02 -4.138753e+00 +1.186016e+02 -5.416825e+03 -3.486556e+05 +1.436153e+09 -1.410070e+08 +4.169951e+10 -2.427311e+12 +2.083986e+14 +1.106088e+17 -3.291353e+20   -2.518907e-07 +8.350707e-05 +2.631936e-05 +1.353550e-02 +5.177510e+00 +5.458428e+00 -4.343723e+03 -7.238102e+04 -2.677899e+08 -8.444725e+08 +2.607489e+10 -1.076416e+13 -2.154440e+14 +6.672565e+16 -1.111374e+19   
S15-281   +1.677993e+02   +4.820371e-08 +1.611758e-05 -2.143467e+00 -9.644230e-02 +3.589207e-02 -5.795936e+00 -3.813453e+03 -5.378939e+04 +1.402885e+09 -3.050562e+08 -3.548888e+10 +3.091611e+12 +7.601379e+14 +6.471904e+16 -3.246713e+20   -1.754728e-07 +1.221148e-04 +3.056674e-04 -4.605712e-02 +1.219366e+00 +4.602139e+01 -4.647990e+03 -1.322424e+04 -3.438162e+08 +1.041144e+09 +1.006533e+11 -4.952028e+12 -8.457503e+14 +1.006973e+17 -2.950215e+19   
