# multipoles are divided by excitation current and units are [T], [m] and [A]
# harmonics (dipole n=0): 00 01 02 03 04 05 06 07 08 09 10 11 12 13 14 
# MAG_LABEL   CURRENT[A]   <NORMAL_MULTIPOLES/CURRENT>[T/m^(n-1)/A]   <SKEW_MULTIPOLES/CURRENT>[T/m^(n-1)/A]
S15-004   +8.999790e+01   +4.312023e-07 +7.599402e-05 -2.255186e+00 -3.268874e-02 -9.395850e-01 -1.279810e+02 -7.534669e+03 +5.058441e+04 +1.242946e+09 +9.436385e+08 -2.510140e+10 +1.316468e+13 +5.609878e+14 -2.721010e+16 -2.920265e+20   -4.245309e-08 +1.410825e-04 +6.408582e-04 -2.470150e-02 -2.055940e+00 +4.005341e+01 +6.432535e+03 -5.622518e+05 -4.342934e+08 +1.693553e+09 +9.632843e+09 -4.284817e+11 -9.533436e+14 +1.696037e+17 +7.167967e+19   
S15-006   +8.999805e+01   +1.591793e-07 +8.612877e-05 -2.257100e+00 -2.451291e-02 -7.393882e+00 +2.200719e+01 -1.807797e+04 -2.883820e+05 +1.268327e+09 -3.895610e+08 -6.380753e+09 +1.162530e+13 +1.391006e+15 +1.232676e+17 -2.990318e+20   -3.639136e-08 +1.035553e-04 +1.574660e-03 -5.580268e-02 +3.149290e-01 +6.972427e-01 -1.306761e+03 -1.561914e+05 -3.810689e+08 +2.041615e+09 +9.646550e+09 -6.269760e+12 -1.020962e+14 +7.840464e+16 +6.665003e+19   
S15-008   +8.999825e+01   -5.175421e-08 +4.711861e-05 -2.255547e+00 -2.075561e-02 -7.570123e+00 +5.870301e+01 -1.786176e+04 +1.954921e+05 +1.302280e+09 +1.827798e+08 +3.522553e+10 -1.023605e+12 +8.673253e+14 +1.751784e+16 -3.186286e+20   +1.791596e-07 +1.112515e-04 +4.665436e-04 -2.217410e-02 -7.541987e+00 +1.922230e+01 +1.236510e+04 -2.805727e+05 -1.842407e+08 -1.677659e+09 +8.435064e+10 -2.559058e+12 -4.659612e+14 +1.301919e+17 +1.899367e+19   
S15-009   +8.999840e+01   +1.432377e-07 +9.625847e-05 -2.257736e+00 +3.758230e-03 -7.507308e+00 -4.141770e+01 -1.610212e+04 -7.041132e+04 +1.303419e+09 +8.757930e+07 +5.597388e+10 -4.538887e+10 +9.069257e+14 +7.252601e+16 -3.195293e+20   +2.456348e-09 +9.978048e-05 -6.786190e-04 -1.325124e-02 +2.836656e+00 +4.191235e+01 -7.599772e+03 -2.802628e+05 -1.887571e+08 +7.902539e+08 +9.379683e+10 -8.151733e+12 +2.448956e+14 +2.986272e+16 +2.654012e+19   
S15-010   +8.999795e+01   +3.283395e-07 +1.016199e-04 -2.257987e+00 -2.913703e-02 -1.693229e+00 +6.962089e+01 -3.928031e+03 -1.779212e+05 +1.368222e+09 -2.786907e+08 +2.412884e+10 +7.488432e+12 +1.948375e+14 +1.065725e+17 -3.310873e+20   -9.649974e-08 +8.181233e-05 -3.251821e-04 +1.089936e-02 +5.678948e+00 -1.895142e+01 -1.034112e+04 +7.529954e+04 -8.929851e+07 -1.696776e+09 -8.211323e+10 +5.596396e+12 +4.491173e+14 +3.833952e+16 +6.729843e+18   
S15-014   +8.999825e+01   +1.265321e-07 +8.487433e-05 -2.252235e+00 -3.156235e-02 -1.498085e+01 -1.019064e+02 -3.817172e+04 -6.782599e+05 +1.367424e+09 +9.185164e+07 +1.643640e+10 +1.952801e+13 +4.144819e+15 +2.539714e+17 -3.195617e+20   -3.965727e-08 +1.304539e-04 -8.234621e-05 -2.958516e-02 -1.015630e-01 -7.169415e+01 -1.525847e+03 -7.423913e+05 -1.945946e+08 +1.668099e+09 +2.544095e+10 +4.436707e+13 +3.878429e+14 -4.115809e+15 +6.553459e+18   
S15-016   +8.999840e+01   -1.440148e-07 +6.958096e-05 -2.254599e+00 -8.330464e-02 -7.271780e+00 -6.634409e+01 -1.255642e+04 -1.977244e+05 +1.476472e+09 +9.189432e+08 +5.252284e+10 +1.182463e+12 +4.136504e+14 +8.771427e+16 -3.320168e+20   +3.569257e-08 +1.142019e-04 -9.849834e-04 -1.708046e-02 -4.330256e-01 +2.625850e+01 +3.928173e+03 -8.136218e+04 -4.423509e+07 -1.173259e+09 +5.229817e+10 -1.546234e+12 -9.043624e+14 +1.028805e+17 -5.215823e+17   
S15-017   +8.999810e+01   +1.325861e-07 +9.914223e-05 -2.255240e+00 -6.663360e-02 -2.867031e+00 -1.141670e+02 -5.308603e+03 -5.680177e+04 +1.474806e+09 +6.013794e+08 +8.102694e+09 -1.874552e+12 -1.171817e+14 +7.541670e+16 -3.341058e+20   +3.132912e-08 +1.329133e-04 -1.789011e-03 -3.734726e-02 +1.565314e+00 +3.810956e+01 -1.498189e+03 -6.577212e+03 -7.103347e+07 -9.625897e+08 +1.677497e+10 -3.294886e+12 -2.293125e+14 +9.416399e+16 -9.401780e+18   
S15-018   +8.999785e+01   +2.916549e-07 +1.096427e-04 -2.257224e+00 -1.159299e-02 +4.174104e-01 +7.409874e+01 -2.381989e+03 -1.764660e+05 +1.333271e+09 +8.557606e+08 -4.099682e+10 +2.609641e+12 +5.469177e+14 +1.464721e+17 -3.066853e+20   -2.277429e-07 +1.454395e-04 +7.368888e-04 -7.114592e-02 +1.299015e+00 -1.180676e+01 +6.684864e+02 +8.587307e+04 -2.782754e+08 -9.687738e+08 +1.187871e+11 +5.508260e+12 -6.434963e+14 +5.017808e+16 +3.883318e+19   
S15-021   +8.999790e+01   +1.579651e-07 +1.092522e-04 -2.255887e+00 -3.359538e-02 -4.099190e+00 +3.394983e+02 -1.070837e+04 -2.227645e+05 +1.503871e+09 +3.669797e+08 -3.257644e+09 -3.103231e+12 +7.175481e+14 +1.023542e+17 -3.364032e+20   -1.782434e-07 +9.867504e-05 -5.983285e-04 +2.943010e-03 +3.130239e+00 +5.841319e+00 -2.076590e+03 -2.288443e+05 -4.084750e+07 +2.039788e+05 -6.743165e+09 -2.305250e+12 -3.899154e+14 +1.116109e+17 -2.717256e+18   
S15-026   +8.999855e+01   +6.701701e-08 +1.416748e-04 -2.253662e+00 -1.685447e-02 -3.263438e+00 -7.626451e+01 -5.786374e+03 -3.078317e+05 +1.374801e+09 +9.852174e+08 +6.014850e+10 +6.559085e+12 +2.509416e+14 +1.453359e+17 -3.159659e+20   -1.748937e-07 +1.393614e-04 -1.207234e-03 -2.655126e-02 +1.272308e+00 +9.651341e+00 -1.587220e+03 -3.025768e+05 -2.572245e+08 +7.199093e+08 -6.192842e+10 +3.769905e+11 +2.375466e+14 +1.072677e+17 +3.941565e+19   
S15-027   +8.999775e+01   +1.710589e-07 +1.165204e-04 -2.252715e+00 -9.208307e-02 +2.860790e+00 -5.153111e+01 +2.771003e+03 -3.766276e+05 +1.524338e+09 -2.177824e+08 -8.164820e+10 +2.027275e+12 +5.157704e+14 +1.289767e+17 -3.476926e+20   +4.223447e-09 +1.444924e-04 -1.757651e-03 -4.925710e-02 +3.951370e+00 +1.262990e+01 -4.189837e+03 -1.333759e+05 -1.196715e+08 +5.180766e+08 +7.492595e+10 +2.199325e+12 -7.148285e+13 +9.784089e+16 -4.115058e+18   
S15-029   +8.999765e+01   +1.612560e-07 +2.101407e-05 -2.259776e+00 -7.030788e-02 -3.057960e+00 +6.856535e+01 -7.986273e+03 -1.975070e+05 +1.477724e+09 +4.389146e+08 +1.903146e+10 -2.575258e+11 +3.847465e+14 +4.282237e+16 -3.389525e+20   -2.901297e-07 +8.625020e-05 -3.617848e-04 +1.714259e-04 +8.757080e-01 +3.235821e+01 +3.482330e+03 -2.955896e+05 -1.480565e+08 -1.950984e+08 +5.101855e+10 -3.771097e+12 -1.284797e+14 +1.033111e+17 +1.184446e+19   
S15-030   +8.999770e+01   +8.350555e-08 +8.486722e-05 -2.252173e+00 -7.086418e-02 -7.426843e+00 -6.295861e+01 -1.515805e+04 -1.746937e+05 +1.381238e+09 -2.436213e+08 -8.003308e+10 -4.161400e+12 +8.085016e+14 +9.318404e+16 -3.132845e+20   +1.460498e-07 +1.297979e-04 +1.275038e-03 -4.535480e-02 -5.529455e+00 +2.443156e+01 +1.171644e+04 -4.961272e+04 -2.555764e+08 +2.010974e+09 +6.240516e+10 +1.710780e+12 -3.026041e+14 +8.387625e+16 +3.924296e+19   
S15-031   +8.999770e+01   +8.017349e-09 +4.858029e-05 -2.260410e+00 -2.377325e-02 -1.604977e+00 -7.706480e+01 -5.002652e+03 -2.001631e+05 +1.472439e+09 +3.020963e+08 +2.428781e+10 +9.961580e+11 +6.098055e+14 +8.364137e+16 -3.384445e+20   +1.209308e-07 +7.770680e-05 -5.843820e-04 -4.257009e-03 -2.034750e+00 +2.320092e+01 +2.862239e+03 -2.204431e+05 -8.797665e+07 +5.259580e+08 +7.762174e+10 -4.734065e+12 -5.549943e+14 +9.815210e+16 -2.415735e+18   
S15-032   +8.999770e+01   -1.561499e-08 +1.201735e-05 -2.260593e+00 -1.890535e-02 -2.524722e+00 +9.849228e+01 -4.248953e+03 +9.480986e+04 +1.488130e+09 -4.512896e+08 +4.267796e+10 -8.274167e+12 +2.833797e+14 +4.645175e+16 -3.430353e+20   -1.580195e-07 +9.900695e-05 -1.477891e-03 -3.073896e-03 +2.872000e+00 +2.790248e+01 -1.516215e+03 -4.124651e+05 -8.315627e+07 +1.354242e+09 +1.100571e+10 -8.417141e+12 -7.016728e+14 +1.301739e+17 -3.838835e+18   
S15-033   +8.999790e+01   +4.361571e-07 +3.938646e-05 -2.258724e+00 -8.242843e-02 -1.658566e+00 +7.484842e+01 -9.473783e+03 -2.248388e+05 +1.491163e+09 -8.294082e+07 -1.813599e+09 +2.497336e+11 +6.373845e+14 +4.091984e+16 -3.416039e+20   -1.490034e-07 +7.626815e-05 -1.483119e-03 -1.988490e-02 +2.273845e+00 +9.557465e+00 +2.189419e+02 -8.310348e+04 -1.820066e+08 +4.652386e+08 -7.261429e+10 +2.474448e+12 -5.376295e+14 +8.694017e+16 +2.085635e+19   
S15-034   +8.999785e+01   +1.816142e-08 +9.160681e-05 -2.248727e+00 -2.824810e-02 -5.829635e+00 -3.147655e+01 -1.032665e+04 -1.557533e+05 +1.386191e+09 -3.512576e+08 -3.597220e+10 +1.020690e+13 +5.628737e+14 +1.065074e+17 -3.145616e+20   +7.720256e-08 +1.246276e-04 +1.079872e-03 -6.664626e-03 -4.154737e-02 +3.055039e+01 -2.337874e+03 -4.207758e+05 -2.193487e+08 +1.418434e+09 +1.511644e+11 -2.904362e+12 -1.197355e+14 +9.427601e+16 +2.617298e+19   
S15-035   +8.999865e+01   +7.500987e-09 +7.018212e-05 -2.248354e+00 +3.971178e-03 -4.608822e+00 +2.338103e+02 -9.510110e+03 -1.526471e+04 +1.518783e+09 -4.045971e+08 +8.087035e+09 -3.874445e+11 +9.723028e+14 +6.143788e+16 -3.302876e+20   +3.178522e-08 +9.609936e-05 -1.841708e-03 +6.743830e-02 +3.576804e+00 +3.687848e+01 -6.341940e+03 -5.232436e+05 -5.124457e+07 +1.130703e+08 -3.020696e+10 +6.044676e+12 +2.877203e+14 +1.116548e+17 -3.620809e+18   
S15-036   +8.999720e+01   +2.355799e-07 +5.866263e-05 -2.248823e+00 -3.028175e-02 -1.187536e+00 +1.490576e+02 -7.601782e+03 -1.425228e+05 +1.504163e+09 -3.356188e+08 -8.504062e+10 +2.060945e+12 +2.010049e+14 +2.255454e+16 -3.277200e+20   -2.374372e-07 +1.111335e-04 -2.493002e-03 +2.087177e-02 +2.503691e+00 +4.578389e+01 -1.371567e+02 -2.291818e+05 -3.280833e+07 +6.400349e+07 +9.238842e+10 -4.337243e+12 -2.110472e+14 +1.467656e+17 -5.332550e+18   
S15-037   +8.999865e+01   +2.651273e-07 +1.073080e-04 -2.250369e+00 -2.211977e-02 -3.878319e+00 +2.077367e+02 -1.070216e+04 -3.068176e+05 +1.490865e+09 -3.949793e+08 +3.365996e+10 +4.720282e+12 +8.085569e+14 +1.333567e+17 -3.297535e+20   +5.964816e-08 +1.252860e-04 -2.016198e-03 -8.868387e-02 -9.274235e-01 +2.864160e+01 +5.173789e+03 -1.796021e+04 -3.423405e+07 +4.516507e+08 +5.065976e+10 +1.413470e+12 -3.510946e+14 +9.813924e+16 -2.225669e+18   
S15-038   +8.999780e+01   +3.164735e-07 +6.713927e-05 -2.252066e+00 -5.362353e-02 -8.586305e+00 +1.449470e+02 -2.075240e+04 -1.258919e+05 +1.498309e+09 -9.456217e+08 +6.930662e+10 +9.227828e+11 +7.068007e+14 +5.779509e+16 -3.337532e+20   -6.345576e-08 +1.147584e-04 +4.248838e-04 +3.748068e-03 -8.761925e-01 +3.273164e+01 +3.671586e+03 -2.050183e+05 -6.501753e+07 +3.390244e+07 +4.947980e+10 -1.831096e+12 -7.564506e+14 +1.279769e+17 +1.747455e+18   
S15-040   +8.999795e+01   +1.246471e-07 +1.438308e-04 -2.255912e+00 +3.295947e-02 -1.104769e+01 +5.645320e+01 -1.908220e+04 -2.038982e+05 +1.474954e+09 -5.445012e+08 +1.227000e+11 +1.138373e+12 +1.001914e+15 +1.397983e+17 -3.325162e+20   -1.630063e-07 +7.501111e-05 -1.281807e-03 +6.613616e-02 +4.837912e+00 +1.345585e+01 -6.123371e+03 -5.192413e+05 -4.951621e+07 -1.837312e+08 -3.048921e+10 -3.527438e+12 -5.204331e+14 +1.392838e+17 -4.195148e+18   
S15-041   +8.999785e+01   -2.685280e-07 +6.585130e-05 -2.254228e+00 -3.548727e-02 -6.822603e+00 +2.477830e+02 -1.164468e+04 -1.475444e+05 +1.457850e+09 +3.054419e+08 +7.120865e+10 -3.119479e+12 +2.164041e+14 +1.189537e+17 -3.259178e+20   +2.744391e-08 +1.275803e-04 -4.778493e-04 -2.553975e-02 -3.086323e+00 +2.865972e+01 +9.220460e+03 -3.607556e+05 -1.012895e+08 -5.845234e+08 -2.401211e+10 -4.390326e+12 -1.417871e+14 +1.515915e+17 +5.049646e+18   
S15-043   +8.999835e+01   +3.034202e-07 +1.122845e-04 -2.255930e+00 -6.128505e-03 -4.254891e+00 +9.309933e+01 -1.255460e+04 -1.165421e+05 +1.479102e+09 +3.031862e+08 +1.529887e+10 -1.177152e+12 +6.178455e+14 +8.114181e+16 -3.333087e+20   -1.617096e-08 +1.090808e-04 -7.044000e-04 -1.002781e-02 -2.071012e+00 +6.182700e+01 +6.374982e+03 -4.022456e+04 -4.894413e+07 +4.243561e+08 +7.400797e+10 -3.675318e+12 -5.814800e+14 +1.212450e+17 -3.964872e+18   
S15-044   +8.999810e+01   +2.101789e-07 +7.324232e-05 -2.256293e+00 +4.491317e-03 -2.143404e+00 +5.527650e+02 -7.690437e+03 -2.034003e+04 +1.480183e+09 -3.523051e+07 -1.433119e+10 -6.959986e+12 +5.578490e+14 +4.121065e+16 -3.312097e+20   -9.975311e-08 +1.162803e-04 -9.164522e-04 -5.800080e-02 +1.493172e+00 +6.713032e+01 +6.375917e+02 -8.842428e+03 -4.593595e+07 +8.245446e+08 -1.780480e+10 +2.811166e+12 -4.439427e+14 +9.441800e+16 -3.711251e+18   
S15-045   +8.999765e+01   +8.338892e-08 +8.541429e-05 -2.253038e+00 -1.362891e-02 -9.072888e+00 -2.055087e+01 -1.893496e+04 -1.624979e+04 +1.474630e+09 -9.225938e+08 +1.117139e+11 -1.451058e+12 +8.141214e+14 +6.266169e+16 -3.266493e+20   -3.887849e-08 +1.429523e-04 -8.290976e-04 -9.173958e-02 -1.257743e+00 +1.305067e-01 +5.029569e+03 -2.304127e+05 -8.492856e+07 +1.608664e+09 +3.269902e+10 -9.453502e+10 -9.260580e+14 +9.202131e+16 +6.191119e+18   
S15-046   +8.999800e+01   +7.570600e-08 +1.152736e-04 -2.250184e+00 -1.398324e-02 -2.396421e+00 +1.637002e+02 -7.172190e+03 -2.285123e+05 +1.472125e+09 -4.127907e+08 -3.864598e+10 -1.206537e+12 +6.522415e+14 +1.154146e+17 -3.439804e+20   -6.934180e-10 +1.282793e-04 -1.108751e-03 -2.764160e-03 -3.297239e+00 +1.222260e+01 +8.223142e+03 -4.347938e+05 -9.456811e+07 -3.810770e+07 +7.368250e+10 +4.678457e+12 -9.200617e+14 +1.248274e+17 +3.411516e+18   
S15-047   +8.999825e+01   -4.139368e-08 +1.025374e-04 -2.252199e+00 -5.527836e-02 -5.823074e+00 +1.215606e+01 -1.092397e+04 -2.785207e+05 +1.467580e+09 +2.028368e+07 +1.075705e+11 +1.375710e+12 +4.229659e+14 +1.156265e+17 -3.372971e+20   -1.493628e-08 +1.237400e-04 -1.513506e-03 -6.598806e-03 +1.607227e+00 +3.245608e+00 -1.262778e+03 -4.340798e+05 -1.364832e+08 -7.449900e+07 -8.767937e+09 +3.300684e+12 -4.218846e+14 +1.867380e+17 +1.458776e+19   
S15-048   +8.999790e+01   +2.282331e-07 +1.342901e-04 -2.250597e+00 -2.528010e-02 -2.262043e+00 -1.265356e+02 -7.816689e+03 -3.063930e+05 +1.470191e+09 +2.745410e+08 -3.428788e+10 +4.084194e+12 +7.675810e+14 +1.312304e+17 -3.309857e+20   +1.888474e-07 +1.324346e-04 -3.801785e-04 -2.767037e-02 +3.609732e-01 +1.835971e+01 -1.924573e+03 -1.757440e+05 -8.363200e+07 +5.438101e+08 +4.390318e+10 -3.634409e+12 -1.478140e+14 +1.288800e+17 +8.935901e+18   
S15-050   +8.999970e+01   +1.664747e-08 +1.038040e-04 -2.255358e+00 -3.491376e-02 -5.478847e+00 +2.008802e+02 -9.619018e+03 -2.365058e+05 +1.466703e+09 -1.542841e+08 +4.795492e+10 -1.472632e+11 +4.118779e+14 +1.155723e+17 -3.312352e+20   -3.025122e-08 +1.149905e-04 -2.129694e-03 +4.911480e-03 +4.059417e-01 +1.419423e+01 +2.135682e+03 -2.530918e+05 -4.432687e+07 -8.231075e+08 +2.606088e+10 +2.293894e+12 -3.537225e+14 +1.337829e+17 -7.360196e+18   
S15-051   +8.999840e+01   -9.966052e-10 +9.600697e-05 -2.248970e+00 -4.122809e-02 -6.975180e+00 +8.903995e+01 -1.436124e+04 -2.353313e+05 +1.470777e+09 +5.773016e+08 +6.122083e+10 -3.693551e+12 +5.867761e+14 +7.662691e+16 -3.402822e+20   -3.229403e-08 +1.279176e-04 -1.395325e-03 -4.137125e-02 +4.982319e-01 +2.599598e+01 +1.582834e+03 -2.381271e+05 -9.646757e+07 +1.168213e+09 +5.746345e+10 +1.747678e+12 -6.383183e+14 +1.273639e+17 +5.996908e+18   
S15-052   +8.999790e+01   +9.174041e-08 +1.154184e-04 -2.249269e+00 -8.937387e-02 -8.926324e+00 +1.935774e+02 -1.797102e+04 -7.030651e+05 +1.355236e+09 +3.277016e+08 -5.150870e+10 -9.162799e+12 +5.446659e+14 +1.899782e+17 -3.053341e+20   +1.986242e-07 +1.381172e-04 -3.537620e-04 -6.387649e-02 +4.506600e-01 -4.304155e+00 -4.722776e+03 -1.459233e+05 -2.923242e+08 +1.692112e+08 +2.321684e+11 +5.418158e+12 +7.669020e+14 +6.938005e+16 +3.854200e+19   
S15-053   +8.999725e+01   -4.078058e-08 +9.738513e-05 -2.249767e+00 -2.078591e-02 -1.061707e+01 +2.229686e+02 -2.072570e+04 -1.939509e+05 +1.481969e+09 -9.770209e+07 +1.191562e+11 +2.709209e+12 +8.839081e+14 +8.872131e+16 -3.286308e+20   +5.028897e-08 +1.270600e-04 -5.546377e-04 -6.495037e-02 -3.236452e+00 +1.587291e+00 +9.179219e+03 -1.799483e+04 -7.417597e+07 +1.955466e+06 +1.212448e+11 +6.181373e+11 -8.726948e+14 +1.050270e+17 +2.822111e+18   
S15-054   +8.999805e+01   +3.213606e-07 +7.266004e-05 -2.248854e+00 +1.311115e-03 -5.210262e+00 -9.267619e+01 -1.409443e+04 -9.614854e+04 +1.471334e+09 +2.229353e+08 -3.542049e+09 +5.649735e+12 +3.826747e+14 +8.927149e+16 -3.308742e+20   +2.093665e-07 +1.009540e-04 -3.338718e-04 -2.402683e-02 -2.524640e+00 +2.745673e+01 +4.146625e+03 -1.565323e+05 -5.978313e+07 +2.853763e+08 +7.554424e+10 +5.079863e+11 -4.188629e+14 +1.096304e+17 +1.636350e+18   
S15-055   +8.999735e+01   +1.501166e-07 +8.588310e-05 -2.253662e+00 +1.513296e-02 -7.300498e-01 -1.121440e+02 -2.591293e+03 -7.737558e+04 +1.461982e+09 -3.875083e+08 +2.817626e+10 +2.468745e+12 +4.487830e+14 +8.756364e+16 -3.318043e+20   +1.712052e-07 +1.077475e-04 -1.557897e-03 +2.168025e-02 -1.988682e+00 +2.856353e+01 +3.492830e+03 -3.033085e+05 -5.466110e+07 -4.226502e+08 +4.812354e+10 -3.142958e+11 -4.165125e+14 +1.077367e+17 -2.538825e+17   
S15-056   +8.999865e+01   +4.209374e-07 +1.182154e-04 -2.250673e+00 -2.503908e-03 -4.232593e-01 +6.378510e+01 -7.810850e+03 -4.345174e+05 +1.456029e+09 -1.688705e+09 +3.838296e+10 +8.097769e+11 +5.783015e+14 +2.346484e+17 -3.380653e+20   -6.336797e-08 +1.274892e-04 -1.377535e-04 -1.075940e-01 -9.631224e-01 +1.397214e+01 +6.257596e+03 +1.348337e+05 -2.425976e+08 +1.006613e+09 +3.050542e+10 +1.305446e+13 -1.445061e+15 +7.667418e+16 +1.491425e+19   
S15-057   +8.999885e+01   +1.853890e-07 +6.744220e-05 -2.251290e+00 -8.050872e-02 -6.503010e+00 +1.519906e+02 -1.712311e+04 -1.702177e+05 +1.432141e+09 -6.096052e+08 +2.832022e+10 -2.749345e+12 +8.731720e+14 -4.775152e+15 -3.421311e+20   +1.088086e-08 +1.019095e-04 -8.216089e-04 +1.105575e-03 -8.268647e-01 -2.266153e+01 +2.671220e+03 -8.737119e+04 -2.501729e+08 -5.849605e+08 +7.269403e+09 +8.464456e+12 -2.425255e+14 +8.996297e+16 +1.144647e+19   
S15-058   +8.999845e+01   +1.486811e-07 +8.448962e-05 -2.250372e+00 -2.332960e-02 -3.953803e+00 +3.389992e+02 -1.069625e+04 +1.071895e+04 +1.444696e+09 -6.319141e+08 -4.513320e+10 -1.600202e+13 +1.115534e+15 +9.548002e+15 -3.331706e+20   -2.352388e-07 +1.016928e-04 -1.864789e-03 -2.017140e-02 +7.602095e+00 +1.739524e+01 -1.105042e+04 -2.878177e+05 -2.518878e+08 +1.480471e+09 +6.221087e+10 -2.011008e+12 -4.031258e+14 +8.307824e+16 +2.531639e+19   
S15-059   +8.999800e+01   +1.352022e-07 +1.116068e-04 -2.248790e+00 +4.457035e-03 -9.297163e+00 +1.614115e+02 -2.100934e+04 -1.405381e+05 +1.426296e+09 +2.918405e+08 -1.577085e+10 +9.652456e+11 +1.542098e+15 +7.904428e+16 -3.316394e+20   +3.230698e-07 +8.610126e-05 -3.372958e-04 +2.188383e-02 -2.060599e+00 +3.570500e+01 -6.862046e+02 -6.912784e+04 -2.611706e+08 +1.327833e+09 +6.227487e+10 -5.385373e+12 -3.839788e+14 -6.755030e+15 +2.063271e+19   
S15-060   +8.999920e+01   +1.773588e-07 +8.126362e-05 -2.245569e+00 -9.217422e-03 -8.622438e+00 -1.031937e+02 -2.079666e+04 -4.393379e+04 +1.470403e+09 -6.229840e+08 +3.344725e+10 +2.975664e+12 +7.640915e+14 +5.526534e+16 -3.280146e+20   -1.208147e-08 +1.199642e-04 +3.701145e-04 -6.944577e-02 -2.268935e+00 +1.018993e+01 +7.645739e+03 -1.097592e+05 -7.248790e+07 +6.512002e+08 +1.205781e+11 +2.758526e+12 -8.064533e+14 +1.019280e+17 +5.935379e+18   
S15-061   +8.999925e+01   -1.020481e-07 +9.406251e-05 -2.247113e+00 +1.064381e-02 -1.073653e+01 +9.264957e+01 -1.970081e+04 -2.192486e+04 +1.466499e+09 -1.267087e+09 +2.176393e+10 +1.451165e+11 +3.712461e+14 +7.951638e+16 -3.286154e+20   +1.599940e-07 +9.184578e-05 -5.403081e-04 +6.112740e-03 -5.340101e+00 +2.488135e+00 +9.405322e+03 -3.310966e+05 -7.464711e+07 +1.155265e+08 +7.991298e+10 +1.917016e+12 -2.935628e+14 +1.027102e+17 +3.962854e+18   
S15-062   +8.999900e+01   -3.517822e-08 +8.851037e-05 -2.249429e+00 -1.257421e-02 -8.351669e+00 -1.527349e+01 -1.573512e+04 -1.929439e+05 +1.467321e+09 +5.264526e+07 +7.913298e+10 +1.524816e+12 +7.766461e+14 +8.686577e+16 -3.286007e+20   -1.197340e-07 +1.049467e-04 -1.691779e-04 +8.652555e-03 -4.403791e+00 +3.411260e+01 +1.442194e+04 -3.722615e+05 -9.499532e+07 -5.190668e+08 +6.653028e+10 -1.576245e+12 -6.621124e+14 +9.029059e+16 +8.263655e+18   
S15-070   +8.999800e+01   +1.906539e-07 +1.335510e-04 -2.250329e+00 -3.422429e-02 -2.585053e+00 +7.855769e+01 -1.144588e+04 -1.732217e+05 +1.257592e+09 +4.077031e+09 -5.176154e+10 +7.422418e+12 +9.816345e+14 +1.407504e+17 -2.928071e+20   -1.215384e-07 +1.739775e-04 +7.003721e-04 -9.077906e-02 +3.858307e+00 +6.779068e+00 -7.952976e+02 +5.069035e+05 -2.627728e+08 +7.959748e+07 -2.271443e+11 -3.598637e+12 -1.789708e+14 +5.841866e+16 +4.126505e+19   
S15-072   +8.999810e+01   -2.797867e-08 +1.063775e-04 -2.251702e+00 -2.698433e-02 -5.837247e+00 +3.397254e+01 -1.369522e+04 -3.268206e+05 +1.434549e+09 -6.876464e+08 -3.859064e+09 +1.441107e+11 +5.754685e+14 +1.179442e+17 -3.335083e+20   -1.183995e-07 +1.050233e-04 -2.406027e-04 +3.975164e-02 +1.993930e+00 +1.630027e+01 -1.590127e+02 -3.058512e+05 -1.659018e+07 -1.313198e+09 +1.101564e+10 +2.471059e+12 -2.537820e+14 +1.414572e+17 -2.444122e+18   
S15-076   +8.999840e+01   +4.233327e-07 +1.054765e-04 -2.249660e+00 -4.514916e-02 +1.682435e+00 +3.387306e+01 +1.177344e+03 -2.219514e+05 +1.431533e+09 +2.493062e+08 -5.290749e+10 +2.875903e+12 +4.179629e+14 +1.144254e+17 -3.347528e+20   +3.806528e-08 +1.198825e-04 -7.119048e-04 -3.922085e-02 +6.622223e-01 -4.838513e+01 +1.755228e+03 -3.252851e+05 -2.032383e+07 +2.936613e+08 +2.480579e+10 +1.441206e+12 -5.035826e+14 +1.246602e+17 -1.256907e+18   
S15-078   +8.999870e+01   +2.634225e-07 +1.157294e-04 -2.253286e+00 +5.497919e-02 -1.490532e+00 +8.926436e+00 -4.341726e+03 +2.045867e+05 +1.432722e+09 -2.600871e+08 -3.151017e+10 +2.839224e+11 +5.783435e+14 +9.276056e+16 -3.335964e+20   +1.024939e-07 +1.058934e-04 +5.486709e-04 +2.909349e-02 -3.293221e-02 +7.043913e+01 +1.415310e+03 -2.773290e+05 -2.594613e+07 -9.272242e+08 +6.107008e+10 -4.105468e+12 -2.197431e+14 +1.075998e+17 -9.595603e+16   
S15-079   +8.999830e+01   +1.179526e-07 +1.282314e-04 -2.252250e+00 -6.192459e-02 -4.354764e+00 -2.151606e+01 -1.195653e+04 -5.194789e+05 +1.444807e+09 +3.181912e+08 -1.697084e+10 +2.016647e+12 +8.209751e+14 +1.427744e+17 -3.333139e+20   +9.124793e-08 +1.307506e-04 -9.514005e-04 -1.165488e-02 +3.376446e+00 +4.185057e+01 -2.681898e+03 -3.384354e+05 -3.137768e+07 -1.900757e+08 +1.052725e+10 -3.837216e+12 -4.613944e+14 +1.305986e+17 -1.787347e+18   
S15-087   +8.999830e+01   +1.302202e-07 +1.310350e-04 -2.252250e+00 -1.461969e-02 -4.098970e+00 +3.808026e+01 -1.257567e+04 -2.302617e+05 +1.260380e+09 -1.238971e+09 -7.608127e+10 +3.140318e+12 +1.154567e+15 +1.350666e+17 -3.026139e+20   +1.495230e-07 +1.042746e-04 +2.386633e-04 +3.492376e-02 -2.631930e+00 +3.375787e+01 +3.732964e+03 -8.286777e+05 -2.853805e+08 +3.625013e+08 -2.002497e+10 +9.614244e+11 +2.060767e+14 +1.472129e+17 +3.601929e+19   
S15-091   +8.999900e+01   -4.892409e-07 -1.666872e-04 -2.252858e+00 +1.183694e-01 -3.045466e+00 -3.656227e+02 -3.148926e+03 +1.399872e+06 +1.407883e+09 -5.104659e+08 +6.463251e+10 +1.078847e+13 -8.393928e+13 -1.700457e+17 -3.284483e+20   +3.533113e-07 +4.397761e-05 -4.399866e-03 +1.530535e-01 -5.111577e+00 +1.066875e+02 +3.786404e+02 -8.131563e+05 +4.031420e+05 -9.767193e+08 +1.509675e+11 +1.665622e+12 -1.845671e+14 +7.519408e+16 -8.433961e+18   
S15-092   +8.999910e+01   +2.132410e-07 +1.432827e-05 -2.255586e+00 +2.899602e-02 -7.044414e+00 +1.343438e+02 -1.608371e+04 +1.114589e+05 +1.398152e+09 -1.047511e+09 +1.425049e+10 -1.425984e+11 +8.232807e+14 -1.920438e+16 -3.255277e+20   -6.643693e-08 +7.301960e-05 -1.739102e-03 -3.737274e-02 -1.318978e+00 +4.495668e+01 +5.133649e+03 -5.251931e+04 -4.356461e+07 -1.255720e+08 +7.802058e+10 -9.424798e+11 -6.032349e+14 +6.721465e+16 -1.786177e+18   
S15-093   +8.999910e+01   +1.806488e-07 +4.852462e-05 -2.257220e+00 -3.948475e-02 -5.785561e+00 +1.316119e+01 -1.179070e+04 -8.611479e+04 +1.402415e+09 +6.549751e+08 -2.895339e+09 +1.770070e+12 +6.816298e+14 +4.449501e+16 -3.305612e+20   -6.587851e-08 +5.969409e-05 -1.890489e-03 -2.942718e-02 +1.418493e+00 +3.239011e+01 -9.990025e+02 +3.323745e+04 -3.084971e+07 +4.131966e+08 +2.604493e+10 -2.045118e+12 -1.867916e+14 +2.707832e+16 -3.935466e+18   
S15-099   +8.999900e+01   +1.557948e-07 +7.478122e-05 -2.252333e+00 -2.505738e-02 -2.630353e+00 +3.092239e+02 -5.535200e+03 -8.775505e+04 +1.333990e+09 +2.573513e+08 -1.651159e+11 -1.197694e+13 -2.510352e+14 -3.568082e+16 -3.472563e+20   +1.076298e-07 +8.481253e-05 -1.449274e-03 +3.164727e-02 +3.008470e-01 -4.023145e+00 -6.252673e+02 -4.919582e+05 -4.083195e+08 +1.712197e+08 +5.560963e+10 -5.802076e+12 -6.643673e+14 +6.970210e+16 +3.211971e+19   
S15-100   +8.999955e+01   +1.304833e-08 +6.150647e-05 -2.252796e+00 -3.116176e-02 -3.502898e+00 -9.927785e+01 -6.336228e+03 +2.209617e+05 +1.387807e+09 -8.075799e+08 +6.524666e+10 -7.897869e+10 +3.010691e+14 -3.150638e+16 -3.368390e+20   +9.141272e-08 +9.146140e-05 -1.304111e-03 -1.245750e-02 -6.464003e-03 +1.197999e+01 +2.334028e+03 -4.880744e+05 -3.224444e+08 -1.076429e+09 +1.127468e+11 +5.817919e+12 -4.155981e+14 +1.950583e+17 +3.219832e+18   
S15-101   +8.999875e+01   -1.337169e-07 +3.544198e-05 -2.253180e+00 -4.834425e-02 -5.154222e+00 +1.906235e+02 -3.234824e+03 +1.115935e+05 +1.429510e+09 -2.204984e+08 -1.598588e+10 -6.535689e+12 +2.914545e+14 -1.879789e+16 -3.499137e+20   -7.383726e-08 +9.735864e-05 -7.713825e-04 -2.633210e-02 +2.042538e+00 -7.234140e+00 -4.269932e+03 -8.129625e+03 -3.250152e+08 -1.225883e+09 -2.989306e+10 +2.097460e+12 +5.160656e+14 -3.674858e+16 -8.994480e+17   
S15-102   +8.999895e+01   -2.820534e-08 +4.933379e-05 -2.253571e+00 -3.899988e-02 -1.573732e+00 +3.264770e+01 +4.745033e+03 +3.911080e+05 +1.397791e+09 -2.373370e+09 +5.693820e+10 -2.630565e+12 -1.075405e+15 -1.517242e+16 -3.427113e+20   +1.454034e-07 +1.007106e-04 -1.392888e-03 -2.936865e-02 -1.416044e+00 +1.929153e+01 +2.137646e+03 -2.754251e+05 -4.359900e+08 +1.344969e+09 +9.152217e+10 -5.955421e+12 -1.811031e+15 +4.562938e+16 +1.209164e+19   
S15-103   +8.999885e+01   -3.045927e-08 +3.730629e-05 -2.252370e+00 -4.339592e-02 -3.330477e+00 -1.830891e+02 -4.580571e+03 +1.297382e+05 +1.468122e+09 -1.318688e+09 +8.346112e+10 +2.024805e+13 +3.575218e+13 -9.436257e+15 -3.331016e+20   +1.016273e-07 +1.221712e-04 -2.379580e-04 -9.326697e-02 -3.764993e+00 -4.171303e+00 +1.020030e+04 +6.662517e+04 -1.622871e+08 +9.506106e+08 +1.614163e+11 +3.056718e+11 -1.422606e+15 +1.000366e+17 +1.574463e+19   
S15-104   +8.999820e+01   +4.033505e-07 +5.177986e-05 -2.249538e+00 -4.801565e-02 -3.070921e+00 +6.753247e+01 -1.293376e+04 -3.880871e+05 +1.388623e+09 +2.221900e+09 -4.873395e+10 +4.461160e+11 +8.798500e+14 +9.267005e+16 -3.168106e+20   +7.532542e-08 +1.103693e-04 +4.679879e-04 -3.652072e-02 +5.463959e-01 +3.311247e-01 -1.453852e+03 -1.584568e+05 -2.127525e+08 -5.112409e+08 +8.882988e+10 +1.632680e+12 -2.229657e+14 +4.433645e+16 +3.030343e+19   
S15-105   +8.999815e+01   +3.456796e-07 +4.468434e-05 -2.252765e+00 -8.149485e-02 -4.195148e+00 +1.940474e+02 -1.403890e+04 -2.627042e+05 +1.471116e+09 -3.021563e+08 +3.935726e+10 -6.751003e+12 +6.661030e+14 +5.626670e+16 -3.350031e+20   +2.032153e-07 +7.179400e-05 -9.989929e-04 +1.274026e-02 -1.830974e+00 +1.339575e+01 +2.254967e+03 -8.036211e+04 -1.204941e+08 +5.841783e+08 +8.020887e+09 -3.606889e+12 -2.190729e+14 +6.683505e+16 +4.133316e+18   
S15-106   +8.999835e+01   -8.957795e-09 +3.077793e-05 -2.254034e+00 -5.372314e-02 -4.494472e+00 +4.276552e+01 -8.539538e+03 -1.775625e+05 +1.466404e+09 -1.041473e+08 +6.630883e+10 +4.898582e+12 +6.287365e+14 +5.325597e+16 -3.358827e+20   +6.474019e-08 +7.506114e-05 -1.242659e-03 +2.533845e-02 -2.726663e-01 +2.541740e+01 +1.861796e+03 -1.022324e+05 -1.228313e+08 -7.287320e+07 -4.579725e+09 -2.190711e+12 -5.207269e+14 +5.092771e+16 +5.093181e+18   
S15-107   +8.999860e+01   +2.427027e-07 +3.430469e-05 -2.254955e+00 -5.774233e-02 -1.528436e+00 -4.649303e+00 -7.160849e+03 -1.327481e+05 +1.382888e+09 +1.084968e+09 -4.002332e+10 -1.136122e+12 +6.361458e+14 +3.610427e+16 -3.123063e+20   +9.011309e-08 +8.948403e-05 +1.455278e-04 +3.228449e-02 -1.075427e+00 +2.154247e+01 -8.595899e+02 -2.944284e+05 -2.226905e+08 +7.944230e+08 +4.194646e+10 -7.698183e+12 +1.800291e+14 +6.247707e+16 +2.713136e+19   
S15-109   +8.999810e+01   +3.422442e-07 +1.233272e-05 -2.254561e+00 -7.226514e-02 -2.136603e+00 +1.444936e+02 -9.492717e+03 -1.636581e+05 +1.466484e+09 +4.816655e+08 +4.551226e+10 -2.391484e+12 +6.620734e+14 +4.357578e+16 -3.289348e+20   +1.237411e-07 +6.536496e-05 -2.015845e-03 +4.469811e-02 -6.553735e-01 +5.598443e+00 +1.425043e+03 -2.007639e+04 -8.987072e+07 -8.347368e+08 +5.036526e+10 +1.191394e+12 -2.740499e+14 +1.061774e+16 +9.739277e+18   
S15-110   +8.999830e+01   +1.569001e-07 +1.493365e-05 -2.254354e+00 -1.522932e-03 -3.230240e+00 +8.095125e+01 -7.501223e+03 +2.113487e+05 +1.515488e+09 -8.969903e+08 -6.191448e+09 -1.993652e+10 +3.369514e+14 -2.798181e+16 -3.387040e+20   -1.084148e-07 +9.504792e-05 -4.679504e-04 +1.202219e-02 +3.270508e+00 +2.367951e+01 -4.015699e+03 -3.434036e+05 -8.233373e+07 +8.583214e+07 +2.786858e+10 +1.321411e+12 -2.424007e+13 +9.031789e+16 -4.998539e+17   
S15-111   +8.999825e+01   +8.600818e-08 +2.661731e-05 -2.251599e+00 -3.501167e-02 -6.543874e+00 -8.191083e+00 -1.366667e+04 +1.082052e+03 +1.502126e+09 +1.587196e+08 +4.981901e+10 +4.132149e+12 +5.340103e+14 +5.585442e+15 -3.351906e+20   +6.796559e-08 +9.657342e-05 -1.417821e-03 -8.829759e-03 -1.047173e+00 +5.651689e+01 +1.304831e+03 -1.146573e+05 -4.355344e+07 +4.499114e+08 +1.139322e+11 -9.985496e+11 -2.074717e+14 +9.144324e+16 -9.201379e+18   
S15-113   +8.999860e+01   +3.033053e-07 +8.159528e-05 -2.253465e+00 -1.188832e-02 -2.817222e+00 -3.550757e+01 -8.676628e+03 -2.365652e+05 +1.481426e+09 -3.741628e+08 -4.635165e+09 +6.060699e+12 +3.792677e+14 +1.017766e+17 -3.308101e+20   -1.056329e-07 +9.303840e-05 -9.842829e-06 +2.216532e-02 +4.806149e+00 +1.000716e+01 -6.533419e+03 -2.418024e+05 -1.344302e+08 -1.002680e+09 +7.443871e+09 +7.394793e+11 -1.385980e+14 +1.263753e+17 +6.491614e+18   
S15-116   +8.999815e+01   -8.185463e-08 +2.101159e-05 -2.253174e+00 -3.959944e-02 -4.429465e+00 +3.146416e+02 -1.118166e+04 -5.470219e+05 +1.365628e+09 +1.919083e+09 -2.757641e+10 -7.313445e+12 +8.849549e+14 +1.222793e+17 -3.143654e+20   +1.918895e-07 +1.280806e-04 +1.041404e-03 -2.817086e-02 -5.000041e+00 +3.892099e+01 +4.206765e+03 -1.931384e+05 -3.863411e+08 +1.094575e+08 +9.378661e+10 -2.711649e+12 +5.033746e+14 +1.240890e+16 +5.545901e+19   
S15-117   +8.999830e+01   +1.931076e-07 +3.896716e-05 -2.254829e+00 -3.568243e-02 -1.083359e+00 +2.857235e+02 +9.643214e+02 -1.007314e+05 +1.489545e+09 +3.245964e+08 +6.017205e+10 -6.220027e+12 -1.702292e+13 +5.987039e+16 -3.361463e+20   -3.208632e-07 +1.098875e-04 -4.811075e-04 -3.236923e-02 +1.930015e+00 -9.901406e+00 +2.365422e+03 -1.508787e+05 -2.072186e+07 -2.895615e+08 -5.801555e+10 +1.031808e+12 -6.471429e+14 +8.723438e+16 -4.186762e+18   
S15-118   +8.999845e+01   +6.883980e-08 +6.136436e-05 -2.257229e+00 -2.734763e-02 -5.696735e+00 +7.992582e+01 -1.062386e+04 -1.208469e+04 +1.516043e+09 -3.735624e+08 +4.305646e+10 +1.103821e+12 +5.759510e+14 +5.375831e+16 -3.379584e+20   +7.215341e-08 +1.269537e-04 +1.404672e-04 -3.252533e-02 +2.078780e+00 +3.210655e+01 -2.289773e+03 -3.056583e+05 -2.734260e+07 +7.900006e+08 +3.629199e+10 +5.809890e+09 -5.026359e+14 +1.272339e+17 -1.385904e+18   
S15-119   +8.999815e+01   +1.071822e-07 +8.474819e-05 -2.253735e+00 +1.578454e-02 -5.691819e+00 -1.114464e+02 -1.362218e+04 -4.258408e+04 +1.488562e+09 -1.293228e+09 -3.545825e+10 -7.936744e+11 +7.759042e+14 +7.578708e+16 -3.404487e+20   +1.951348e-08 +9.433376e-05 -8.646224e-04 +3.067247e-02 +2.440741e+00 -1.514521e+01 -4.631110e+03 -2.565235e+05 -1.405833e+08 -1.273934e+08 +9.068773e+10 +3.353059e+12 -9.489013e+13 +9.355407e+16 +8.775990e+18   
S15-120   +8.999790e+01   -1.300467e-07 +6.752016e-05 -2.253419e+00 +2.691657e-02 -7.703606e+00 +1.648067e+02 -1.042227e+04 +2.014124e+05 +1.499569e+09 -1.121305e+09 +2.028108e+11 -1.589475e+13 -4.840166e+14 +4.109424e+16 -3.400659e+20   +5.622340e-08 +1.013155e-04 -1.257542e-03 -8.502024e-03 +1.422204e+00 +2.809408e+01 -2.967250e+03 -2.208463e+05 -1.000927e+08 -7.989524e+08 -3.291521e+10 -4.387733e+12 -4.121642e+14 +8.127291e+16 +4.635473e+18   
S15-121   +8.999915e+01   +3.182725e-07 +2.984860e-05 -2.253467e+00 -5.507294e-03 -3.606881e-02 +1.059663e+02 -3.292796e+03 +5.448833e+04 +1.479511e+09 -2.836509e+08 -2.457451e+10 -1.537082e+11 +1.057809e+14 +3.875693e+16 -3.321578e+20   -2.437209e-07 +8.744876e-05 +1.724083e-04 +1.794505e-02 -1.575440e+00 -1.395538e+00 +9.163698e+03 -1.619414e+05 -8.760386e+07 -1.684024e+08 -2.565683e+10 +2.077331e+12 -5.027697e+14 +9.878610e+16 +6.771750e+18   
S15-122   +8.999840e+01   +7.481909e-08 +1.173948e-05 -2.256048e+00 -2.993967e-02 -4.970502e+00 +1.299152e+02 -1.178505e+04 +1.732616e+05 +1.515617e+09 -9.423404e+07 +3.979715e+10 -1.072667e+12 +4.542823e+14 +8.448670e+15 -3.385549e+20   +1.080895e-07 +9.768257e-05 -1.233683e-04 +3.802951e-02 +5.160731e-01 +3.435482e+01 -1.532313e+03 -4.433920e+05 -1.458198e+07 -8.800051e+08 +1.002464e+10 -1.138919e+11 -2.729832e+14 +1.098401e+17 -2.810210e+18   
S15-123   +8.999850e+01   +1.867831e-07 +7.124947e-05 -2.254706e+00 +8.325575e-02 -5.296287e+00 +1.898669e+01 -1.356199e+04 +1.238943e+05 +1.479605e+09 -1.399067e+09 +6.724943e+09 -3.132070e+11 +7.364374e+14 +6.034176e+16 -3.297391e+20   -9.337563e-08 +1.219084e-04 -3.435958e-05 -8.768153e-02 +1.713047e+00 +1.409123e+01 -3.809009e+02 -1.194015e+05 -9.947478e+07 +4.061107e+08 +1.966699e+10 +1.991133e+12 -2.182626e+14 +9.966253e+16 +1.760245e+18   
S15-124   +8.999790e+01   +1.301516e-08 +2.812758e-05 -2.254829e+00 -8.677445e-02 -3.341558e+00 +1.169658e+01 -5.183690e+03 -2.825477e+05 +1.483705e+09 +7.310034e+08 -7.990739e+09 -8.238898e+10 +1.917221e+14 +5.904402e+16 -3.293619e+20   -1.463760e-07 +1.086300e-04 +1.208126e-04 -4.893340e-02 +1.193440e+00 +2.480050e+01 +2.580827e+03 -1.589517e+05 -9.978747e+07 +1.957571e+08 -7.041949e+09 -6.571233e+11 -6.041869e+14 +7.770037e+16 +2.245238e+18   
S15-126   +8.999830e+01   -2.694750e-08 +3.450655e-05 -2.254776e+00 -1.406545e-02 -7.820254e+00 -1.371903e+01 -1.628715e+04 -7.497315e+04 +1.442905e+09 +3.395492e+08 +1.360132e+11 -1.859316e+12 +1.165881e+15 +5.424282e+15 -3.228470e+20   +1.398466e-07 +1.358703e-04 -2.879053e-05 -1.046816e-01 -2.685732e+00 -3.120845e+00 +4.150371e+03 +5.960840e+04 -1.328957e+08 +1.984965e+08 +2.503325e+10 +4.387226e+12 -5.536187e+14 +8.515042e+16 +3.042621e+18   
S15-127   +8.999810e+01   +1.544706e-07 +4.231740e-05 -2.252538e+00 +2.679321e-02 -4.650950e+00 +8.150510e+00 -1.009189e+04 +5.097491e+04 +1.495176e+09 -6.168976e+08 -6.153507e+10 -6.164102e+11 +4.529658e+14 +3.433802e+16 -3.292578e+20   -6.287452e-08 +1.135030e-04 -1.097406e-04 -5.278301e-02 -2.453547e+00 +3.743505e+01 +7.339771e+03 -1.965933e+05 -1.007566e+08 +1.548599e+08 +7.278688e+10 -2.654060e+12 -3.815463e+14 +1.178255e+17 +3.404330e+18   
S15-128   +8.999820e+01   +1.478421e-07 +4.184080e-05 -2.254197e+00 -1.384867e-02 -2.590244e+00 +2.010780e+02 -6.797775e+03 -3.625193e+05 +1.510196e+09 -2.357916e+09 +5.019311e+08 +4.111118e+12 -6.392616e+14 +1.830732e+17 -3.340825e+20   +3.195986e-08 +1.046873e-04 -2.207451e-04 -2.072900e-02 -4.141435e-01 +3.164922e+01 +2.446197e+02 -5.172603e+04 -8.530902e+07 -1.348167e+09 +1.705523e+11 -1.334460e+13 +3.440632e+14 +8.409547e+16 -4.864708e+18   
S15-130   +8.999825e+01   -2.964237e-09 +5.332143e-05 -2.253370e+00 -2.414304e-02 -4.461375e+00 -4.196377e+01 -8.181550e+03 -3.005308e+05 +1.501178e+09 -1.793125e+08 +4.991064e+10 +3.580504e+12 +3.045394e+14 +8.091343e+16 -3.345575e+20   -6.727777e-08 +8.526100e-05 -2.053012e-03 +3.201522e-02 +3.470703e-01 +2.917977e+01 +1.294396e+03 -3.051077e+05 -6.449220e+07 -3.449498e+08 +9.329451e+09 -2.108650e+12 -2.399114e+14 +8.745018e+16 +5.661486e+18   
S15-131   +8.999795e+01   +3.177391e-07 +6.394115e-05 -2.254509e+00 -7.077267e-03 -6.454500e-01 -6.136676e+01 -6.183102e+03 -5.081475e+04 +1.482114e+09 -6.344475e+08 -3.717807e+10 +5.801649e+12 +6.935059e+14 +4.892095e+16 -3.314870e+20   +6.474502e-08 +7.733006e-05 -8.460113e-04 +2.835923e-02 +1.649966e+00 +1.337017e+01 -3.260088e+03 -2.256941e+05 -7.405114e+07 -2.768803e+08 +3.748873e+10 -1.189668e+12 -2.989244e+14 +7.968429e+16 +7.069934e+18   
S15-132   +8.999810e+01   -6.780902e-09 +6.327907e-05 -2.251846e+00 -3.628820e-02 -7.840074e+00 -2.182996e+02 -1.586040e+04 -1.491556e+05 +1.460014e+09 -2.248145e+07 -4.572217e+09 +7.918538e+12 +2.627775e+14 +5.634078e+16 -3.338324e+20   -3.187098e-08 +1.058550e-04 -1.066330e-03 -2.311312e-02 +8.568275e-01 +4.189772e+01 +1.647721e+03 -2.632031e+05 -1.658835e+08 -7.781128e+08 +2.117201e+10 -1.998941e+12 -6.186044e+14 +1.032892e+17 +1.853066e+19   
S15-133   +8.999815e+01   -4.879285e-08 +5.125193e-05 -2.250675e+00 -5.893019e-02 -4.745026e+00 -2.574572e+01 -8.248556e+03 -2.456914e+05 +1.496151e+09 +8.209081e+08 -1.587080e+09 -9.394489e+11 +6.506938e+14 +6.905642e+16 -3.325731e+20   +2.245107e-07 +1.052947e-04 -5.874420e-04 -6.352616e-03 -4.397015e-01 -4.619064e+00 -4.836649e+02 -2.241893e+05 -1.055061e+08 -3.004216e+07 +5.877937e+10 -1.133054e+12 -3.515691e+14 +1.177871e+17 -1.350998e+18   
S15-134   +8.999815e+01   +1.330195e-07 +4.329752e-05 -2.252349e+00 -8.159287e-02 -3.440284e+00 -1.932919e+00 -7.715707e+03 -1.368504e+05 +1.402063e+09 +1.108993e+08 -9.713796e+10 -6.486910e+11 -2.152390e+14 +2.204771e+16 -3.238072e+20   +1.437193e-07 +9.986452e-05 -1.881463e-03 -1.217753e-02 -2.913365e+00 -2.401938e+00 +6.943235e+03 +1.686947e+05 -2.556464e+08 -2.238888e+09 +5.551860e+10 -1.097932e+12 -9.080819e+14 +4.027477e+16 +8.883635e+18   
S15-136   +8.999915e+01   +6.605961e-08 +3.888379e-05 -2.255571e+00 -1.567455e-02 -8.091620e-01 +3.690728e+01 -2.387824e+03 -1.690810e+04 +1.486823e+09 +6.176672e+08 -3.359158e+10 +2.719321e+12 +6.320637e+14 +3.083301e+16 -3.341313e+20   +3.324061e-08 +1.058924e-04 -1.346796e-03 +1.474604e-03 +1.714698e-01 +1.266899e+01 +1.077069e+03 -1.447707e+05 -9.261969e+07 +5.381105e+08 +4.797939e+09 -2.126783e+12 -2.267548e+14 +5.848765e+16 +1.432671e+19   
S15-137   +8.999835e+01   +1.796166e-07 +4.124955e-05 -2.255821e+00 -1.355343e-02 -3.873187e+00 +1.635108e+02 -8.486894e+03 -4.133339e+04 +1.408767e+09 +3.486292e+09 +1.694670e+10 -3.508213e+12 +1.104492e+14 +1.814873e+16 -3.175938e+20   +8.281991e-08 +9.644128e-05 -1.415037e-03 -2.756708e-02 -2.675701e+00 +2.109554e+01 +6.361834e+03 +2.476117e+05 -1.178665e+08 -8.128858e+08 +1.721036e+11 +3.136546e+11 -8.043009e+14 +1.719852e+16 +9.018911e+18   
S15-138   +8.999800e+01   +7.480770e-09 +4.893210e-05 -2.253870e+00 -1.513724e-02 -3.506953e+00 +8.163040e+01 -8.727874e+03 +3.126001e+04 +1.504331e+09 +4.718736e+08 +2.280804e+10 -7.057731e+12 +3.859667e+14 +3.366774e+16 -3.438179e+20   -2.104892e-10 +8.776996e-05 -1.516270e-03 -6.081995e-04 +3.737538e+00 +2.173167e+01 -6.193597e+03 -1.731170e+05 -6.483554e+07 -2.117070e+08 -8.284736e+09 +1.862172e+12 +1.243852e+14 +8.601966e+16 -9.408967e+18   
S15-139   +8.999805e+01   +2.057817e-07 +5.012034e-05 -2.254816e+00 -2.226938e-02 -6.675391e+00 +7.787240e+01 -1.463831e+04 -1.067013e+05 +1.479045e+09 +1.114440e+08 +6.452313e+10 -1.541016e+12 +6.041900e+14 +4.352509e+16 -3.275048e+20   +2.871948e-07 +8.325586e-05 -6.615423e-04 +3.994690e-02 -6.580741e+00 +1.888840e+00 +1.006675e+04 -1.928574e+05 -1.190396e+08 -6.803810e+08 +1.646107e+11 +1.821513e+12 -5.233412e+14 +9.549300e+16 +7.961819e+18   
S15-140   +8.999820e+01   -1.124735e-07 +4.238118e-05 -2.252897e+00 -5.255400e-02 -7.700583e+00 +8.449122e+01 -1.419219e+04 -4.916141e+05 +1.418705e+09 -9.821386e+08 +7.452821e+10 +3.917526e+12 +2.481599e+14 +6.667739e+16 -3.384379e+20   -1.263464e-07 +1.170042e-04 -1.908737e-03 -3.494659e-02 +2.082059e+00 +3.241043e+00 +8.409664e+01 -2.731510e+05 -3.205976e+08 -1.519958e+09 +9.351534e+10 +1.439052e+12 -3.215878e+14 +9.967178e+16 +1.592191e+19   
S15-141   +8.999835e+01   +5.140532e-08 +3.089193e-05 -2.253547e+00 -4.358362e-02 -3.774371e+00 +7.232795e+01 -7.752211e+03 -4.996043e+04 +1.471781e+09 +9.045284e+07 -6.202254e+10 +6.719185e+11 +5.987434e+14 +1.066498e+16 -3.273356e+20   +1.602730e-07 +1.265325e-04 -1.361388e-03 -3.980093e-02 +2.715432e+00 +1.755909e+01 -5.979745e+03 -3.042304e+05 -9.530825e+07 +6.653136e+08 +4.692843e+10 -1.142932e+11 -4.289796e+13 +1.190136e+17 +9.750214e+18   
S15-142   +8.999835e+01   +2.585130e-07 +6.074579e-05 -2.253109e+00 +6.154246e-02 -4.199123e+00 +5.290189e+01 -9.964045e+03 +2.653612e+05 +1.447784e+09 -2.069786e+09 -8.121470e+10 +1.086120e+12 -2.782455e+14 +6.086532e+16 -3.351547e+20   -7.032181e-08 +8.946665e-05 -1.479742e-03 +5.181749e-02 -1.928816e+00 +1.735856e+01 +3.791712e+03 -6.114324e+05 -2.824040e+08 -1.083392e+09 +9.128005e+10 +5.468879e+12 -2.181491e+14 +1.281746e+17 +5.415165e+18   
S15-143   +8.999900e+01   +1.827108e-07 +4.154802e-05 -2.254245e+00 -9.350768e-02 -3.194930e+00 -1.830473e+02 -9.161492e+03 -1.249423e+05 +1.471424e+09 +3.415012e+07 +2.491955e+10 +2.151611e+12 +5.853369e+14 +6.910130e+16 -3.298857e+20   +5.255051e-08 +9.081599e-05 -2.790248e-04 +1.953152e-02 +4.263183e+00 -9.643084e+00 -8.665171e+03 -2.473043e+05 -9.028934e+07 +1.611033e+08 -3.305022e+10 +9.853166e+11 -1.685611e+14 +1.129884e+17 +8.928128e+18   
S15-145   +8.999945e+01   -7.152093e-08 +4.182817e-05 -2.254707e+00 -3.316388e-02 -4.615820e+00 +1.711325e+01 -7.291195e+03 -1.563651e+05 +1.479712e+09 -2.303302e+08 +2.578339e+10 +4.490062e+12 +2.382947e+14 +5.549569e+16 -3.303660e+20   -1.368865e-07 +9.848380e-05 -3.047086e-04 -2.465508e-02 +4.864004e-01 +1.304416e+01 +1.784211e+03 -2.204659e+05 -7.782653e+07 -2.841422e+08 +4.848292e+09 -3.683078e+11 -5.782499e+14 +1.215111e+17 +4.757520e+18   
S15-146   +8.999865e+01   +2.380432e-07 +2.791240e-05 -2.254514e+00 -3.903565e-02 -2.041598e+00 +2.467796e+02 -5.062164e+03 -1.748080e+05 +1.479367e+09 +3.936701e+08 +3.554287e+10 -1.445237e+12 +2.661874e+14 +6.135874e+16 -3.326021e+20   -4.813764e-08 +1.125240e-04 +2.529984e-04 -4.226865e-02 +2.102329e+00 +1.198847e+01 -1.515888e+03 -1.827176e+05 -9.226355e+07 -1.212850e+08 +2.385354e+10 -1.176845e+11 -8.681376e+13 +1.064891e+17 +4.680664e+18   
S15-148   +8.999755e+01   +2.490982e-07 +5.176396e-05 -2.252091e+00 +1.471566e-02 -5.225860e+00 +1.385154e+01 -1.336455e+04 -9.373152e+04 +1.477331e+09 +1.196081e+08 +2.882026e+10 -2.142184e+12 +6.767058e+14 +4.606203e+16 -3.391502e+20   -4.358534e-08 +8.226415e-05 -1.767195e-03 -1.522374e-02 +1.078068e+00 -2.011919e+00 -2.024787e+02 -6.266087e+04 -8.557336e+07 -2.348918e+08 +1.060828e+11 +3.230816e+12 -6.324273e+14 +6.785414e+16 -4.665526e+18   
S15-149   +8.999825e+01   -6.955200e-08 +5.927812e-05 -2.254764e+00 -7.253734e-02 -2.112254e+00 -1.134345e+02 -1.963013e+03 -4.333304e+05 +1.357249e+09 +1.855227e+09 -6.826494e+10 +6.534594e+12 +6.889016e+14 +8.575962e+16 -3.085494e+20   -7.295731e-09 +1.128666e-04 -2.666522e-04 -4.651960e-02 -4.635502e-02 +8.118693e+00 +1.399212e+03 -6.056219e+03 -2.260385e+08 +8.186100e+08 +4.382206e+10 -3.370831e+12 -5.370740e+13 +7.010399e+16 +2.816577e+19   
S15-154   +8.999760e+01   +4.453027e-07 +3.488091e-05 -2.251834e+00 +1.131424e-03 -3.550448e+00 +1.928595e+01 -1.335617e+04 +2.844328e+05 +1.502408e+09 -2.056170e+09 -1.243700e+10 +1.050516e+12 +5.880928e+14 -2.782858e+16 -3.397606e+20   -3.256725e-07 +6.553528e-05 -9.168736e-04 +4.227357e-02 +3.224484e+00 +7.792139e+00 -3.351854e+02 -1.250360e+05 -1.185009e+08 +7.569466e+08 -1.009096e+11 +3.164087e+12 -5.400463e+14 +7.726915e+16 -9.472998e+17   
S15-155   +8.999865e+01   +1.527702e-07 +6.053684e-05 -2.254339e+00 -4.949651e-02 -2.065997e+00 +2.960548e+01 -5.601087e+03 -6.184831e+05 +1.436218e+09 -2.814980e+08 +4.785146e+10 -4.525541e+11 +3.175789e+14 +9.659233e+16 -3.457981e+20   +7.377334e-08 +8.483936e-05 -2.043185e-03 +1.596154e-02 -6.375893e-01 -2.156512e-01 +5.054840e+03 -2.704794e+05 -3.718060e+08 -2.388999e+09 +9.094144e+10 -1.128531e+12 -1.351215e+15 +7.137276e+16 +2.231330e+19   
S15-156   +8.999875e+01   +1.037954e-07 +6.958033e-05 -2.250860e+00 +5.220517e-03 -3.317248e+00 +4.272825e+01 -8.463163e+03 +2.760682e+04 +1.456931e+09 -7.638273e+08 +4.347219e+10 -8.308374e+12 +4.628251e+14 +4.515679e+16 -3.509494e+20   -5.514515e-08 +1.299150e-04 -2.037916e-03 -1.141339e-01 +1.046336e+00 +2.137974e+00 -5.093083e+02 -2.942560e+04 -3.138041e+08 +1.034462e+09 -1.673127e+10 +1.083097e+13 +2.238524e+14 +1.676416e+17 +3.981740e+18   
S15-157   +8.999830e+01   +4.722375e-07 +5.510959e-05 -2.253529e+00 +1.377277e-03 -4.589236e+00 +1.350036e+02 -1.468357e+04 -1.459766e+05 +1.336851e+09 -1.115998e+08 +1.484127e+10 +6.415710e+12 +4.686586e+14 +5.269945e+16 -3.000913e+20   -1.974950e-07 +1.173297e-04 -7.397361e-04 -3.128897e-02 +4.106343e-02 +1.016236e+01 +2.247965e+03 -2.280601e+05 -3.311860e+08 +1.048211e+09 -5.962566e+10 +1.275532e+12 +1.914767e+14 +8.519113e+16 +4.682222e+19   
S15-159   +8.999805e+01   +1.142900e-07 +7.605521e-05 -2.252482e+00 +2.238955e-02 -4.177845e+00 +3.648655e+02 -8.345695e+03 -2.647767e+05 +1.376786e+09 +7.789292e+08 +1.908028e+11 -1.036182e+13 +7.058711e+14 +1.256474e+17 -3.071074e+20   +9.829374e-08 +1.254484e-04 -8.315650e-04 -7.570373e-03 -1.110962e+00 -3.082089e+01 +2.378754e+03 -2.816068e+05 -2.307821e+08 -1.921219e+09 -3.121201e+10 +5.904553e+12 -5.281440e+14 +6.857531e+16 +2.809514e+19   
S15-162   +8.999885e+01   -9.403215e-08 +3.739268e-06 -2.253441e+00 -3.708616e-02 -2.402741e+00 +2.670795e+01 -4.382185e+03 +8.501680e+04 +1.510828e+09 +2.407804e+08 +3.579957e+10 +5.994878e+11 +1.518373e+14 +9.487366e+14 -3.354606e+20   +4.375326e-08 +1.046936e-04 -1.946302e-03 +4.235881e-02 -2.117580e+00 -4.360507e+00 +3.647918e+03 -4.522603e+05 -1.586111e+07 -6.496175e+08 +9.759627e+10 +2.117496e+12 -5.081846e+14 +1.211655e+17 -6.766029e+18   
S15-164   +8.999840e+01   -6.790716e-08 +8.399444e-05 -2.254233e+00 -3.157593e-02 -7.456133e+00 +5.306983e+01 -1.388497e+04 -2.010977e+05 +1.508559e+09 +5.735943e+07 +1.231916e+10 -1.659462e+12 +4.251588e+14 +8.991530e+16 -3.337856e+20   -2.070530e-07 +1.207778e-04 -1.099409e-03 +4.332966e-03 +1.532314e-01 +4.030288e+01 +3.008887e+03 -3.464414e+05 -1.639435e+07 -6.016061e+08 +3.714432e+10 -6.323822e+11 -4.261835e+14 +1.418697e+17 -5.491344e+18   
S15-165   +8.999835e+01   -6.182498e-08 +4.754685e-05 -2.255297e+00 -1.693422e-02 -4.404590e+00 +1.862982e+02 -9.343269e+03 -1.497431e+05 +1.500699e+09 +5.924589e+07 -1.690621e+10 +7.323172e+11 +4.894445e+14 +4.838336e+16 -3.352995e+20   -1.842010e-08 +1.010417e-04 -5.389039e-04 -5.280899e-03 -9.316573e-01 +1.456800e+01 +4.972020e+03 -1.578122e+05 -2.570527e+07 +1.624825e+07 +2.627532e+10 +7.914511e+11 -6.229418e+14 +1.026520e+17 -3.192611e+18   
S15-166   +8.999785e+01   +1.399058e-07 +7.481633e-05 -2.257844e+00 -2.481679e-02 -1.261058e+00 -1.587525e+01 -4.213700e+03 -2.497571e+05 +1.489079e+09 -8.493674e+07 -1.051891e+10 +2.082116e+12 +2.944789e+14 +4.974325e+16 -3.322053e+20   +1.994120e-07 +1.024168e-04 -2.729123e-04 +9.910153e-03 -3.091959e+00 +1.288701e+01 +5.721883e+03 -1.634801e+05 -1.710110e+07 -5.213869e+08 +9.498152e+10 +4.393642e+11 -4.937108e+14 +1.142947e+17 -3.985693e+18   
S15-167   +8.999860e+01   +3.804783e-07 +7.557146e-05 -2.255826e+00 -3.375586e-02 -5.387086e+00 -2.133154e+02 -1.471832e+04 -1.736740e+05 +1.447177e+09 +3.617115e+08 +1.343289e+10 +9.443618e+11 +2.440638e+14 +6.569161e+16 -3.240747e+20   +4.636371e-08 +1.221001e-04 -2.188395e-04 -1.904789e-02 +8.739254e-03 +7.649717e+00 +1.941047e+03 -2.464251e+05 -8.771633e+07 -2.955337e+08 +5.231622e+10 -4.004390e+11 -4.954993e+14 +1.123855e+17 +3.123206e+18   
S15-168   +8.999845e+01   +1.338103e-07 +5.029227e-05 -2.255314e+00 -3.995323e-02 -2.039480e+00 +7.813046e+01 -5.891214e+03 -5.976371e+04 +1.463944e+09 -2.750861e+08 +6.111117e+10 +1.517001e+12 +3.411273e+14 +4.411356e+16 -3.265457e+20   +6.007276e-08 +1.178214e-04 -1.984694e-04 +1.409344e-02 -1.098317e+00 +1.637835e+01 +4.956034e+03 -2.930766e+05 -7.247621e+07 -4.673523e+07 +6.190554e+10 -4.838916e+11 -8.804467e+14 +1.414593e+17 +4.960812e+18   
S15-170   +8.999870e+01   +5.013902e-07 +3.544210e-05 -2.254137e+00 -1.446366e-01 +8.208552e-01 +3.343505e+02 -7.665952e+03 -4.055803e+05 +1.499075e+09 +1.082319e+09 -6.827069e+10 -4.516335e+12 +5.103737e+14 +5.216621e+16 -3.349992e+20   +2.200494e-07 +1.140763e-04 -4.961398e-04 +6.840413e-02 -4.194215e+00 +1.026133e+01 +7.267207e+03 -5.389151e+05 -1.969570e+07 -4.258027e+08 +1.042192e+11 -9.746706e+10 -5.410437e+14 +1.230691e+17 -3.640093e+18   
S15-171   +8.999825e+01   +1.531739e-07 +4.425000e-05 -2.255643e+00 +2.090966e-03 +1.267076e+00 -5.969361e+00 -1.561861e+03 -2.624913e+04 +1.490450e+09 -1.286366e+08 -6.481322e+10 +1.347073e+12 +1.983280e+14 +2.451523e+16 -3.347248e+20   +1.173981e-07 +1.317768e-04 -6.618028e-04 -5.854187e-02 -3.903556e-01 +1.152204e+01 +9.000019e+02 -1.416316e+05 -2.120841e+07 +1.078890e+08 +8.105189e+10 -5.104429e+11 -4.454203e+14 +1.188394e+17 -4.114556e+18   
S15-172   +8.999800e+01   +1.675915e-08 +8.455923e-05 -2.255202e+00 -4.683889e-02 -3.788860e+00 -2.056486e+00 -2.368125e+02 -7.243274e+04 +1.429736e+09 +1.305795e+08 +1.082219e+11 +3.518593e+12 -3.039315e+14 +7.340566e+16 -3.247943e+20   +2.992584e-07 +1.305306e-04 -6.294319e-04 -4.284284e-02 +1.824727e+00 -1.981184e+01 -8.521213e+03 -1.291890e+05 -8.803159e+07 -3.249687e+08 +2.409276e+10 +2.657917e+12 +5.341448e+13 +1.338888e+17 +5.042960e+18   
S15-174   +8.999820e+01   -6.153089e-08 +6.441230e-05 -2.255274e+00 -2.811643e-02 -1.725608e+00 +1.329390e+02 -8.338748e+02 -1.951825e+05 +1.458920e+09 +4.354932e+08 +3.291480e+10 +3.759255e+12 -7.237653e+13 +4.841589e+16 -3.288187e+20   +5.350026e-08 +1.484164e-04 -2.032787e-04 -3.457614e-02 -1.810666e+00 +1.882420e+01 +3.653824e+03 -3.163179e+05 -1.159595e+08 +3.186313e+08 +8.529319e+10 +1.212689e+12 -3.523279e+14 +1.647052e+17 +1.062523e+19   
S15-175   +8.999830e+01   +1.302049e-07 +6.531100e-05 -2.254714e+00 -3.355991e-02 -4.179100e+00 -5.022744e+01 -1.082280e+04 -1.216343e+05 +1.505938e+09 +4.273398e+08 -4.524612e+10 +3.023380e+12 +3.966867e+14 +6.022158e+16 -3.362124e+20   +1.707349e-07 +1.295184e-04 -1.536789e-03 -5.563794e-02 -1.836378e+00 +3.763024e+01 +4.567143e+03 -1.975075e+05 -1.476370e+07 -8.378033e+07 +7.132925e+10 +5.092840e+11 -7.423255e+14 +1.576015e+17 -9.318658e+18   
S15-176   +8.999770e+01   +1.144588e-07 +4.072297e-05 -2.253043e+00 -3.552094e-02 -9.170942e-01 -2.509065e+01 -4.381954e+03 -8.823668e+04 +1.509204e+09 -4.482287e+08 -9.616006e+10 -2.667716e+12 +6.973949e+14 +5.869884e+16 -3.422505e+20   -3.309241e-07 +1.252180e-04 -8.806705e-04 -3.382366e-02 +2.538288e+00 +1.429671e+01 +2.848351e+03 -4.032671e+05 -7.100663e+07 +4.389246e+08 -2.223718e+10 -1.392628e+12 -6.664449e+14 +1.275639e+17 -9.648009e+18   
S15-177   +8.999830e+01   +1.560274e-07 +9.224314e-05 -2.254864e+00 -7.973241e-03 -5.194160e+00 -8.541258e+01 -1.433743e+04 -1.032265e+05 +1.378674e+09 -6.402061e+07 -2.207704e+10 +3.085555e+11 +1.006153e+15 +6.162188e+16 -3.104772e+20   -2.761490e-07 +1.248102e-04 -2.063356e-04 +1.294423e-02 +5.183068e+00 +1.402593e+01 -6.651647e+03 -4.796721e+05 -2.956950e+08 +6.809961e+08 -8.464317e+10 +3.379279e+11 -5.352100e+14 +1.386496e+17 +3.748003e+19   
S15-179   +8.999830e+01   -9.830109e-08 +7.921094e-05 -2.254898e+00 +2.884919e-02 -4.678436e+00 -2.534271e+01 -8.922100e+03 -1.496373e+05 +1.361825e+09 +1.659691e+09 -1.574374e+10 +1.080307e+13 +5.357548e+14 +8.545907e+16 -3.083044e+20   +3.021804e-08 +1.526823e-04 +5.450640e-04 -3.659070e-02 -1.953316e+00 +6.587638e+00 +1.758337e+03 -4.819620e+05 -3.158012e+08 -2.374669e+08 +1.841603e+10 -6.104036e+12 +4.732519e+13 +1.537628e+17 +4.585195e+19   
S15-180   +8.999790e+01   +2.212529e-07 +5.143759e-05 -2.253574e+00 -2.764222e-02 +8.232798e-01 -5.841349e+01 -3.132832e+03 +4.814676e+04 +1.514546e+09 -2.261086e+07 -9.035257e+10 +4.135468e+12 +7.641063e+13 +1.096772e+16 -3.428591e+20   +9.004031e-08 +1.313034e-04 -9.491549e-04 -4.724647e-02 -1.218898e+00 +1.758075e+01 +2.944573e+02 -2.311394e+05 -1.160929e+08 -2.239218e+08 +1.342427e+11 +3.238168e+12 -1.608638e+14 +1.123824e+17 -4.250334e+18   
S15-181   +8.999815e+01   +2.385537e-07 +9.160264e-05 -2.253614e+00 +3.505704e-02 -1.752487e+00 +7.724280e+01 -8.471664e+02 -1.353433e+05 +1.382980e+09 +8.827707e+07 +5.605956e+10 +3.008254e+12 +2.552508e+14 +6.588925e+16 -3.195133e+20   -3.608261e-08 +1.459106e-04 -1.690066e-04 -5.519310e-02 -1.103827e-01 -1.661663e+01 +2.976897e+02 -3.419731e+05 -1.815485e+08 +1.019380e+09 -2.422820e+10 +4.582361e+12 +1.072352e+14 +1.422809e+17 +2.341176e+19   
S15-183   +8.999780e+01   +2.081135e-07 +2.967364e-05 -2.252394e+00 -6.349299e-02 -1.337180e+00 -2.875093e+02 -5.240143e+03 -6.351267e+04 +1.519092e+09 -1.156825e+09 -1.331699e+11 +1.115955e+13 +9.400349e+14 -1.417271e+16 -3.468609e+20   -1.543984e-07 +1.517704e-04 -1.412995e-03 -6.133924e-02 -3.453219e+00 +3.529164e+01 +1.243237e+04 -3.381760e+05 -1.180157e+08 -5.908869e+08 +1.041657e+11 +1.597113e+11 -1.228193e+15 +1.598449e+17 -3.386998e+18   
S15-184   +8.999830e+01   +7.642773e-08 +6.821266e-05 -2.256245e+00 -1.262626e-02 -4.487677e+00 +2.838025e+02 -1.022005e+04 -8.564097e+04 +1.328166e+09 +1.978028e+09 +1.158213e+11 -1.173972e+13 +9.312827e+14 +3.955760e+16 -3.001858e+20   +4.438222e-08 +1.600769e-04 -3.081063e-05 -4.519270e-02 -3.767368e+00 -1.276069e+01 +6.792544e+03 -4.127569e+05 -3.594939e+08 +1.882162e+09 +6.522128e+10 +9.008986e+12 -5.100766e+14 +1.150573e+17 +4.747289e+19   
S15-185   +8.999860e+01   +1.029473e-08 +9.279515e-05 -2.253870e+00 -5.107645e-03 -3.452285e+00 +1.933435e+02 -8.697882e+03 -1.166430e+04 +1.332540e+09 +2.223863e+08 +5.637192e+09 -1.480577e+13 +1.116075e+15 +6.039892e+16 -2.919882e+20   -4.172004e-08 +1.385813e-04 +5.854526e-04 -5.092299e-02 -5.111513e-01 +1.204759e+01 +4.780748e+03 -3.662525e+05 -3.315375e+08 +1.784363e+09 -8.472664e+10 +5.727038e+12 -1.056030e+15 +1.830516e+17 +4.441241e+19   
S15-186   +8.999845e+01   +1.021240e-07 +4.994616e-05 -2.253700e+00 -1.425862e-03 -2.262301e+00 +1.290163e+02 -7.526104e+03 -5.979383e+04 +1.380833e+09 -2.550467e+07 -6.100396e+10 -3.527413e+12 +5.177937e+14 +6.686690e+16 -3.164296e+20   +2.058001e-07 +1.300406e-04 +1.328853e-04 -3.066878e-02 -2.849930e+00 +1.904793e+01 +1.222652e+03 -2.955116e+05 -2.551922e+08 +6.800176e+08 +5.368332e+10 +2.010212e+12 +3.446740e+14 +1.070246e+17 +3.475187e+19   
S15-187   +8.999800e+01   -2.024421e-07 +7.725567e-05 -2.254459e+00 +1.737742e-02 -5.938660e+00 +2.714945e+02 -1.046260e+04 -1.582180e+05 +1.397160e+09 +3.938014e+08 +1.184986e+11 -9.617336e+12 +4.536465e+14 +9.932274e+16 -3.139125e+20   +3.473283e-07 +1.446205e-04 -6.683384e-04 -4.203003e-02 -6.381733e+00 -3.084634e+00 +8.141264e+03 -4.035491e+05 -1.937212e+08 +5.946034e+08 +1.593020e+11 +2.536732e+12 -5.465060e+14 +1.282181e+17 +2.674373e+19   
S15-188   +8.999815e+01   +1.712370e-07 +8.698351e-05 -2.255423e+00 -4.698364e-02 -7.211015e-01 -2.929545e+01 -1.945020e+03 -3.337183e+05 +1.374349e+09 +3.048739e+08 -2.009106e+09 -8.520082e+11 +4.555985e+14 +1.123643e+17 -3.128763e+20   -5.302805e-08 +1.435660e-04 +1.229661e-04 -6.798018e-02 +2.708201e+00 -6.597903e+00 -3.103172e+03 -1.381830e+05 -2.178636e+08 +4.496388e+08 +6.831999e+10 +5.525637e+12 -8.051084e+14 +1.078224e+17 +2.796339e+19   
S15-189   +9.000110e+01   +3.484202e-07 +7.059938e-05 -2.254002e+00 -2.846901e-02 -3.070020e+00 -6.651255e+01 -8.853648e+03 -2.047364e+05 +1.445248e+09 -2.098247e+08 -5.248116e+09 -2.255966e+10 +8.585143e+14 -4.652688e+15 -3.310202e+20   +1.440636e-07 +1.384560e-04 -3.956645e-05 -6.318537e-02 -1.269162e+00 +1.502945e+01 +3.580077e+03 -3.019284e+05 -1.346831e+08 +1.087297e+09 -1.196006e+10 +8.029853e+12 +1.633240e+14 +1.815918e+17 +4.564874e+18   
S15-190   +8.999895e+01   +2.709123e-08 +7.112960e-05 -2.252963e+00 -3.470274e-02 -4.418139e+00 -8.118678e+00 -6.660957e+03 -1.844514e+05 +1.431979e+09 +7.774896e+08 +1.993439e+11 +5.722237e+12 +1.564468e+14 +9.853212e+16 -3.232012e+20   +1.884566e-07 +1.229937e-04 -1.617468e-05 +4.379038e-02 +2.451597e-01 +2.764344e+01 -3.957458e+03 -4.433553e+05 -1.861068e+08 -7.054561e+08 +7.878280e+10 -4.630524e+12 +2.843462e+14 +1.918220e+17 +2.152047e+19   
S15-191   +9.000135e+01   -4.194010e-08 +5.262934e-05 -2.252381e+00 -1.098972e-01 -7.776489e+00 +1.136841e+02 -7.888663e+03 -5.470851e+05 +1.417615e+09 +1.314124e+08 +2.912040e+11 +2.252060e+12 +3.580867e+12 +1.082311e+17 -3.199100e+20   -4.528468e-07 +1.324355e-04 -6.953727e-04 -5.085810e-02 +7.611892e+00 +1.874473e+01 -7.914081e+03 -2.258432e+05 -1.030424e+08 +3.184553e+08 -3.879686e+10 +1.876875e+12 +3.344842e+13 +1.190842e+17 +7.113603e+18   
S15-192   +8.999830e+01   +2.219607e-07 +1.321019e-04 -2.251437e+00 +5.813096e-02 -2.763796e+00 -2.300006e+02 -7.463771e+03 -1.990019e+05 +1.390740e+09 +1.908557e+08 -5.292263e+09 +9.621828e+12 +6.099947e+14 +1.087253e+17 -3.105113e+20   -4.894234e-08 +1.482982e-04 +8.830093e-04 -3.404961e-02 +2.204297e+00 +1.316023e+01 -5.180846e+03 -3.762784e+05 -2.852413e+08 +8.925102e+08 -5.553408e+10 -5.598287e+12 -6.395763e+13 +9.608998e+16 +4.090498e+19   
S15-193   +8.999870e+01   +4.049400e-07 +4.534213e-05 -2.253348e+00 -7.349555e-03 -3.805693e+00 +3.847708e+01 -1.419218e+04 -7.998792e+04 +1.444975e+09 -8.837661e+07 +9.188086e+09 +1.483125e+12 +6.979241e+14 +6.889733e+16 -3.283479e+20   +7.095764e-08 +1.357932e-04 +1.516060e-04 -4.605021e-02 -7.557609e-01 +1.555440e+01 +5.811971e+03 -2.014935e+05 -1.654142e+08 +1.296541e+08 +2.534079e+10 +3.108448e+11 -1.477731e+15 +1.260003e+17 +1.890068e+18   
S15-194   +8.999830e+01   +1.243299e-07 +2.933203e-05 -2.252137e+00 -1.500362e-02 -3.020985e+00 +5.485506e+01 -2.679601e+03 +5.725347e+04 +1.366331e+09 +3.696078e+08 +5.624375e+10 +6.991564e+12 -1.501788e+14 +1.226512e+16 -3.078463e+20   -5.414071e-08 +1.259047e-04 +4.157420e-04 +7.489361e-04 -2.785597e+00 -1.396110e+01 +7.615491e+03 -4.456118e+05 -2.390350e+08 +6.492967e+08 -7.109595e+10 +1.008611e+12 +5.336232e+13 +1.215297e+17 +3.124527e+19   
S15-195   +8.999925e+01   +2.853908e-07 -9.254430e-06 -2.253563e+00 -7.509519e-02 -4.606114e+00 +3.666587e+01 -1.546837e+04 -1.382258e+05 +1.479746e+09 +5.136585e+08 -1.237775e+10 -6.815543e+12 +1.102999e+15 -3.278270e+16 -3.437072e+20   -3.403462e-08 +1.583420e-04 -1.407693e-03 +1.675590e-02 -2.011413e+00 +2.293464e+01 +8.176840e+03 -6.265937e+05 -2.819937e+08 -2.431480e+08 +1.319705e+11 -4.672378e+12 -4.281750e+14 +1.719488e+17 +9.096625e+18   
S15-197   +8.999890e+01   +1.862345e-07 +3.204701e-05 -2.253404e+00 -5.524598e-02 -7.027661e+00 +1.351119e+02 -1.328347e+04 +3.093168e+04 +1.454852e+09 -1.996298e+08 -7.986889e+09 -8.004117e+11 +1.286897e+15 -1.739690e+16 -3.496309e+20   -2.111570e-07 +9.956806e-05 -1.881024e-03 +3.245615e-02 -1.347396e-01 -1.338775e+01 +1.795831e+03 -5.082385e+05 -2.621868e+08 +1.957698e+08 +5.531231e+10 +1.611789e+13 +8.590325e+13 +1.024502e+17 -1.269710e+19   
S15-199   +8.999905e+01   -7.746944e-08 +7.054902e-05 -2.252459e+00 -4.300408e-02 -5.548004e+00 -8.839190e+01 -1.098495e+04 -1.845654e+05 +1.468854e+09 +8.052292e+08 -1.070645e+11 +4.961830e+12 +6.681804e+14 +1.252969e+17 -3.757362e+20   +2.446454e-07 +1.145008e-04 -8.846937e-04 -4.213811e-02 -2.272760e+00 -1.070235e+01 +3.041338e+03 -1.067690e+05 -3.717409e+08 +1.849991e+09 +2.701449e+11 +5.531531e+12 -4.003369e+14 +1.326612e+17 +1.085905e+19   
S15-206   +8.999790e+01   -2.332819e-07 +8.793750e-05 -2.252455e+00 -3.378365e-02 -1.986666e+00 -1.265422e+02 -2.941725e+03 -1.854662e+05 +1.436652e+09 -2.678923e+09 +4.642368e+10 +6.392911e+11 +1.253390e+15 +5.400837e+16 -3.380323e+20   +9.738588e-08 +1.238286e-04 -1.667710e-03 -5.418780e-03 +9.242905e-01 -1.832355e+00 -9.260125e+02 -1.444719e+05 -3.513371e+08 +1.817898e+09 +1.090950e+11 -5.838254e+12 -8.674920e+14 +9.760606e+16 +3.184490e+19   
S15-207   +8.999810e+01   +2.244653e-07 +7.130973e-05 -2.253706e+00 -1.167130e-02 -4.083908e+00 -6.822970e+01 -1.242556e+04 -1.193166e+04 +1.511067e+09 -2.955756e+04 +1.918878e+10 +1.282273e+12 +7.152194e+14 +3.486895e+16 -3.348755e+20   +3.569394e-07 +1.209627e-04 -1.086074e-03 +1.291081e-02 -4.019569e+00 +3.030393e+01 +4.618365e+03 -3.837690e+05 -2.038080e+07 +1.721663e+08 +8.508915e+10 +2.745049e+12 -7.349991e+14 +1.379874e+17 -4.870683e+18   
S15-209   +8.999925e+01   +1.133248e-07 +5.885509e-05 -2.253387e+00 -7.898700e-02 -4.915077e+00 -2.859508e+02 -1.159864e+04 -5.747962e+05 +1.435812e+09 +1.553105e+09 +3.735882e+10 +1.639051e+13 +1.052094e+15 +5.034723e+16 -3.632409e+20   +1.079743e-07 +1.185805e-04 -8.981305e-04 +2.134331e-02 -1.866061e+00 -1.196870e+01 +2.492175e+03 -1.187749e+05 -4.258320e+08 -3.637897e+09 +7.790424e+10 +7.592435e+12 -3.839711e+14 +1.428271e+17 +2.703830e+18   
S15-210   +8.999885e+01   +2.910821e-07 +7.920076e-05 -2.254101e+00 -1.416746e-02 -2.586152e+00 +2.925547e+01 -1.244659e+04 -2.209607e+05 +1.459239e+09 -1.256612e+09 -2.840192e+10 +1.139748e+12 +5.066305e+14 +6.109256e+16 -3.492027e+20   +1.323819e-07 +1.098871e-04 -7.214400e-04 +2.390879e-02 -3.587113e-01 +5.495278e+00 +4.280668e+03 -2.519860e+05 -4.088714e+08 -4.102960e+08 +7.554884e+09 +2.077789e+12 -1.105645e+15 +1.338293e+17 +1.411928e+19   
S15-212   +8.999835e+01   +4.832730e-07 +4.123246e-05 -2.253599e+00 -8.776512e-02 -2.989385e+00 +8.367140e+01 -8.319603e+03 -2.855259e+05 +1.442011e+09 +1.020717e+08 +1.366241e+11 -2.109328e+12 +6.198578e+14 +8.132196e+16 -3.378656e+20   +4.736484e-08 +1.308455e-04 -1.607215e-03 -4.896490e-02 -1.038106e+00 -7.643252e+00 +2.722338e+03 -3.145550e+04 -1.947316e+08 +2.496895e+08 -9.377860e+10 +7.032779e+12 -5.472827e+14 +1.311637e+17 +1.900780e+19   
S15-213   +8.999765e+01   +1.611160e-08 +6.784668e-05 -2.252273e+00 -1.109781e-02 -4.343859e+00 -1.093715e+02 -1.393842e+04 -1.728106e+05 +1.477747e+09 +6.978322e+07 -1.728730e+10 -7.507056e+11 +6.962552e+14 +6.614758e+16 -3.365130e+20   -3.293953e-10 +1.053088e-04 -9.556087e-04 -1.394705e-02 +4.124321e-01 +1.759450e+01 +1.139901e+03 -3.766706e+05 -5.835110e+07 +3.581920e+05 +4.651866e+10 -6.391294e+11 -6.324200e+14 +1.415793e+17 -9.816769e+18   
S15-215   +8.999795e+01   +2.296567e-07 +6.591045e-05 -2.249023e+00 -4.805647e-02 -6.980981e+00 +1.128551e+01 -1.708333e+04 -1.617700e+05 +1.460390e+09 -2.621835e+09 -1.918150e+10 +3.934752e+12 +1.077303e+15 +7.488403e+16 -3.398055e+20   +1.250607e-07 +1.423291e-04 -1.028953e-03 -2.227291e-02 -4.266833e+00 -2.295303e+01 +6.275795e+03 -4.762488e+05 -2.560956e+08 -8.745584e+08 +1.327396e+11 +3.511237e+12 -5.249646e+14 +1.665590e+17 +2.873828e+19   
S15-216   +8.999750e+01   +6.126994e-08 +6.124192e-05 -2.249980e+00 -4.996085e-02 -4.335878e+00 -2.699735e+01 -1.134208e+04 -1.443923e+05 +1.502138e+09 +4.768781e+08 -1.234923e+10 -8.339712e+11 +6.986522e+14 +2.217488e+16 -3.375172e+20   +4.158808e-08 +9.700894e-05 -1.256783e-03 +4.118916e-02 -2.083909e+00 +2.056149e+01 +5.636974e+03 -4.723076e+05 -5.185643e+07 -6.577277e+08 +1.113969e+11 -6.505058e+12 -5.525021e+13 +1.267969e+17 -6.740579e+18   
S15-218   +8.999895e+01   +2.471653e-07 +6.165466e-05 -2.252745e+00 -4.753363e-03 +7.716699e-01 +1.561728e+02 -4.032076e+03 -4.914793e+05 +1.444289e+09 +1.049943e+09 -5.957804e+10 +3.377408e+12 +5.940489e+14 +1.041094e+17 -3.463754e+20   -3.670805e-08 +1.359115e-04 -1.608901e-03 -1.547796e-02 -3.145603e+00 +4.134098e+01 +9.388587e+03 +1.750320e+05 -1.979052e+08 -1.728990e+08 -5.989374e+10 +4.077211e+12 -7.162355e+14 +7.474278e+16 -3.925814e+18   
S15-219   +8.999800e+01   +2.034753e-07 +8.512534e-05 -2.253582e+00 +8.905839e-03 -3.087250e+00 +6.018722e+01 -1.123496e+04 -5.182036e+04 +1.464870e+09 +1.959137e+09 -1.089939e+11 -1.846078e+11 +3.275057e+14 +4.125201e+16 -3.324346e+20   -4.401914e-08 +1.292921e-04 -1.473724e-03 -2.051563e-02 +1.286496e+00 +1.508056e+01 -1.665151e+03 +1.886807e+05 -3.006315e+08 +7.612517e+08 -1.636230e+11 +1.968118e+12 -7.995380e+14 +6.317183e+16 +1.898381e+19   
S15-220   +8.999730e+01   -3.688521e-08 +6.891166e-05 -2.255993e+00 -4.864755e-02 -1.017670e+00 +9.852330e+01 -8.333448e+01 -2.472422e+05 +1.511932e+09 -6.287999e+07 +1.674080e+10 +1.787350e+12 -5.451986e+14 +5.374681e+16 -3.465800e+20   +2.182333e-07 +1.039947e-04 -9.647621e-04 -1.154300e-03 -1.311283e+00 +8.621168e+00 +7.123410e+02 -2.510699e+05 -1.315727e+08 -5.879715e+08 +9.562307e+09 +2.032312e+12 -2.175361e+14 +4.457067e+16 +2.261452e+18   
S15-221   +8.999775e+01   +1.361020e-07 +3.291220e-05 -2.256254e+00 +1.876364e-02 -3.118679e+00 -1.026210e+02 -8.201031e+03 +9.708400e+03 +1.467421e+09 +5.042998e+07 +6.152393e+10 +1.478040e+12 +2.082031e+14 +3.229701e+16 -3.305047e+20   +1.176111e-07 +9.145719e-05 -4.407831e-04 +6.848543e-03 +1.915161e+00 +2.455639e+01 -5.121475e+03 -2.415507e+05 -8.947649e+07 -5.069210e+07 +3.274025e+10 +1.664729e+12 -1.099111e+14 +8.093908e+16 +2.849473e+18   
S15-222   +8.999955e+01   -6.372119e-08 +8.455051e-05 -2.253240e+00 -6.082024e-02 -2.685271e+00 +5.726248e+01 -3.631885e+03 -2.516649e+05 +1.468317e+09 -1.861454e+09 -1.203966e+10 +1.451404e+12 +2.593767e+14 +9.161059e+16 -3.300583e+20   +2.106177e-08 +1.013820e-04 -1.708489e-03 +4.211976e-02 +2.098046e+00 +6.544997e+00 -1.451948e+03 -7.038251e+05 -3.460345e+08 -1.737796e+09 +1.403999e+11 +1.339044e+11 -2.005611e+14 +1.780031e+17 +2.578473e+19   
S15-223   +8.999840e+01   +4.206279e-07 +6.646403e-05 -2.254075e+00 -5.805730e-02 -1.915683e+00 +5.862484e+01 -9.827025e+03 -1.762127e+05 +1.454706e+09 -7.036174e+08 +2.773924e+10 -8.153427e+11 +8.855830e+14 +8.170210e+16 -3.347195e+20   -5.414202e-08 +1.355519e-04 -1.467934e-03 -3.690552e-02 +5.983959e-01 -2.030565e+01 +1.507329e+03 -2.263192e+05 -2.472390e+08 -5.802866e+08 -2.373253e+10 +5.048686e+12 -5.415729e+14 +9.204156e+16 +2.891593e+19   
S15-227   +8.999815e+01   +1.633198e-07 +6.248148e-05 -2.254992e+00 -2.256575e-02 -3.590276e+00 -3.162624e+01 -8.938060e+03 -3.024860e+04 +1.431744e+09 -9.394063e+08 +6.266651e+10 -5.933186e+11 +8.378286e+14 +4.528973e+16 -3.378332e+20   +1.804199e-07 +1.420139e-04 -1.864916e-03 -3.151085e-02 -1.621152e+00 -8.261023e-01 +1.799768e+03 -4.402924e+05 -2.374518e+08 -1.760003e+08 +4.053271e+10 -7.759736e+12 +2.007009e+14 +1.650212e+17 +1.541234e+19   
S15-228   +8.999870e+01   -4.962224e-08 +5.114681e-05 -2.252343e+00 -9.223211e-02 -7.880394e+00 -2.950557e+01 -1.458994e+04 -2.158061e+05 +1.462922e+09 +4.070425e+08 +1.012596e+11 +3.238505e+12 +2.949627e+14 +4.556514e+16 -3.369060e+20   +2.036557e-08 +1.366052e-04 -1.312933e-03 -4.731727e-02 +2.319942e-01 -2.171170e+00 +2.865636e+03 -1.833782e+05 -2.185848e+08 +2.410848e+08 -8.426556e+09 -1.728868e+11 -8.472797e+14 +9.808238e+16 +1.381598e+19   
S15-229   +8.999895e+01   +6.578849e-08 +5.957317e-05 -2.253559e+00 -4.656403e-02 -4.095784e+00 -2.099086e+01 -7.128121e+03 -1.757138e+05 +1.470634e+09 +8.500581e+07 +4.379842e+10 +4.617761e+11 -2.023667e+14 +7.524028e+16 -3.362030e+20   +1.335911e-07 +1.069576e-04 -8.505944e-04 +2.311967e-02 +3.724399e-01 +3.144651e+01 -1.448421e+03 -4.857452e+05 -2.063556e+08 +1.404060e+09 +7.795023e+10 -3.196565e+11 -6.906913e+14 +1.858835e+17 +2.241069e+19   
S15-230   +8.999890e+01   +8.806303e-08 +5.496564e-05 -2.253359e+00 -5.207316e-02 -1.524162e+00 -1.190745e+01 -5.029884e+03 -2.277442e+05 +1.475557e+09 -8.322353e+08 +3.549830e+10 +6.914112e+12 +7.086324e+13 +8.318027e+16 -3.338333e+20   +1.886622e-07 +1.201536e-04 -2.540899e-04 -1.275952e-02 +6.847610e-01 +4.255486e+01 -3.529704e+03 -3.491938e+05 -2.090329e+08 +4.538930e+08 -7.741440e+10 -8.977007e+11 +2.420656e+14 +1.480240e+17 +2.657121e+19   
S15-231   +8.999800e+01   +1.559627e-07 +3.934982e-05 -2.254107e+00 -4.520684e-03 -4.027013e+00 -2.018504e+00 -9.616774e+03 -3.768516e+05 +1.460397e+09 -1.590263e+08 -5.669072e+10 +2.663336e+12 -1.104798e+15 +5.612550e+16 -3.588986e+20   -1.682006e-08 +1.489213e-04 -7.704367e-04 -5.412839e-03 +6.617096e-01 +1.679128e+01 +6.023621e+02 -5.068529e+05 -4.120307e+08 +1.134010e+09 -1.984780e+10 +5.835844e+12 -1.044993e+15 +7.115435e+15 +2.420065e+19   
S15-232   +8.999915e+01   +1.466317e-07 +4.910226e-05 -2.253415e+00 -6.456013e-02 -1.384201e-01 -6.831026e+01 -1.839321e+03 -4.232799e+04 +1.454868e+09 -9.693333e+08 -9.975831e+10 -2.063471e+12 -6.352149e+13 +6.266826e+16 -3.321001e+20   +4.061803e-08 +1.231068e-04 -3.250498e-04 +1.986177e-03 -1.030514e+00 +1.703563e+01 +1.399961e+03 -4.172362e+05 -2.312631e+08 +9.238445e+08 +4.331101e+10 -4.509970e+12 +1.436524e+14 +1.274618e+17 +2.151620e+19   
S15-234   +8.999835e+01   +2.836002e-07 +6.985179e-05 -2.252927e+00 -9.895464e-03 -2.417653e+00 +1.684988e+02 -1.020299e+04 -2.047608e+05 +1.394743e+09 -1.413291e+09 -1.430412e+10 -3.762989e+12 +7.644836e+14 +5.942823e+16 -3.307076e+20   +1.756957e-07 +1.172071e-04 -1.705577e-03 +3.611507e-02 -1.302448e+00 +1.519239e+01 +4.211005e+03 -5.718700e+05 -3.693753e+08 +1.637833e+06 -1.741436e+09 -2.432062e+12 -8.809657e+14 +1.349509e+17 +5.437601e+19   
S15-236   +8.999815e+01   +2.910566e-07 +5.432476e-05 -2.255381e+00 -3.293775e-02 -3.374649e+00 +1.795772e+01 -9.760508e+03 -3.378615e+05 +1.344841e+09 +1.362471e+09 +2.161426e+10 +4.084268e+12 +4.596296e+14 +1.155006e+17 -3.078588e+20   -1.092987e-07 +1.355011e-04 -8.718554e-04 -2.337140e-02 -9.405614e-01 +1.739151e+01 +1.191492e+03 -3.202597e+05 -2.966018e+08 -4.870367e+08 +1.728991e+11 -4.601280e+12 -1.898392e+14 +4.381629e+16 +3.323038e+19   
S15-237   +8.999810e+01   +1.985691e-07 +6.148205e-05 -2.252916e+00 +7.726775e-03 -6.495550e-01 +1.169442e+02 -3.624284e+03 -1.357891e+05 +1.502961e+09 -6.953579e+07 +6.497679e+10 -5.078486e+12 +4.450051e+14 +1.911970e+16 -3.390876e+20   -1.035085e-07 +1.247404e-04 -7.420666e-04 -3.704548e-02 -2.503771e+00 -1.107431e+01 +7.225220e+03 -2.636273e+05 -1.621628e+08 +8.172007e+08 +2.723509e+10 +4.410378e+12 +5.501362e+13 +1.406906e+17 +1.378636e+19   
S15-238   +8.999950e+01   +1.087252e-08 +6.344389e-05 -2.254048e+00 -4.684853e-02 -3.158674e+00 -2.878760e+01 -6.330146e+03 -2.084069e+05 +1.483012e+09 +1.071010e+07 -8.084453e+10 +1.159728e+12 +3.684780e+14 +8.445257e+16 -3.359838e+20   -2.100297e-08 +1.423850e-04 -7.970022e-04 -3.039316e-02 -1.911780e+00 +1.612893e+01 +3.532694e+03 -3.081493e+05 -2.027370e+08 -8.902131e+07 +2.662704e+10 -2.532953e+11 +6.946764e+14 +1.466591e+17 +1.643129e+19   
S15-239   +8.999820e+01   +1.878425e-07 +9.422476e-05 -2.252088e+00 -2.851589e-02 -2.735554e+00 -3.813497e+01 -8.111364e+03 -2.388444e+05 +1.481182e+09 -2.308723e+08 -1.326600e+10 +3.489912e+12 +1.860049e+14 +6.758734e+16 -3.340017e+20   +1.205771e-07 +1.041761e-04 -7.930546e-04 +1.527565e-02 +2.070811e+00 +2.372454e+01 -3.495798e+03 -2.836951e+05 -1.931843e+08 -1.237334e+09 +5.137061e+10 -3.020836e+12 -5.336830e+14 +6.423406e+16 +1.172849e+19   
S15-240   +8.999820e+01   +2.185577e-07 +1.039873e-04 -2.256574e+00 -8.781586e-03 -1.448215e+00 -7.952579e+01 -5.797918e+03 -2.306835e+05 +1.343477e+09 +5.920654e+07 -3.801412e+10 -1.679646e+12 +1.597593e+14 +9.577155e+16 -3.029212e+20   +4.181155e-08 +1.193265e-04 -1.600866e-05 +9.865416e-03 -5.089227e-01 +1.415825e+01 +1.257087e+03 -2.501328e+05 -3.107397e+08 -2.119798e+08 +8.206526e+10 -1.077819e+13 -3.893170e+14 +6.511656e+16 +3.654890e+19   
S15-242   +8.999890e+01   +1.746495e-07 +4.399142e-05 -2.254611e+00 -7.388926e-02 -2.082952e+00 +1.872455e+02 -7.040892e+03 +5.221822e+04 +1.467683e+09 -4.023179e+08 -3.332245e+10 -1.871401e+12 +3.321052e+14 +1.685309e+16 -3.328176e+20   +1.702735e-08 +1.203745e-04 -1.603337e-04 -3.780426e-03 -6.553030e-01 +4.806402e+01 +2.796158e+03 -4.357409e+05 -1.454639e+08 +9.209727e+08 +9.607107e+10 -6.147965e+12 -1.263208e+14 +1.367774e+17 +1.001170e+19   
S15-244   +8.999910e+01   +1.389235e-07 +6.571217e-05 -2.253750e+00 -6.984100e-02 -3.141473e+00 +1.280546e+02 -9.984512e+03 -3.639141e+05 +1.473258e+09 -1.354555e+09 -1.723176e+10 -3.900850e+12 +1.027417e+15 +1.422716e+17 -3.303986e+20   +2.041954e-08 +1.176591e-04 -3.676146e-04 +4.405633e-04 +2.498068e+00 -6.824588e+00 -7.710498e+03 -3.556566e+05 -2.261548e+08 -9.645078e+07 +8.898080e+10 +5.916179e+12 +1.097374e+15 +1.155808e+17 +1.140820e+19   
S15-245   +8.999865e+01   +1.444548e-08 +5.342813e-05 -2.255458e+00 -5.360082e-02 -3.866264e+00 +4.320826e+01 -8.408046e+03 -2.372189e+05 +1.472561e+09 -3.215626e+08 +2.131399e+10 -1.768809e+12 +6.733801e+14 +7.421226e+16 -3.284238e+20   -1.615515e-07 +1.078479e-04 -9.983406e-04 +4.267745e-02 +1.522325e+00 -1.046642e+01 +8.005425e+02 -4.511775e+05 -1.477481e+08 -8.353429e+08 +6.093693e+09 +6.127164e+12 -3.559787e+14 +1.380636e+17 +8.108191e+18   
S15-246   +8.999760e+01   +2.450473e-07 +6.229006e-05 -2.256790e+00 -2.323339e-02 -3.637064e+00 +8.327362e+01 -1.096467e+04 -1.277052e+05 +1.501810e+09 +3.451629e+07 -5.064576e+09 +2.502842e+11 +6.630760e+14 +5.786234e+16 -3.361863e+20   -2.037277e-07 +9.458694e-05 -1.121957e-03 +7.059255e-02 +1.564807e+00 +1.342947e+01 +1.619230e+03 -3.993907e+05 -2.264037e+07 -9.286233e+08 -7.682712e+09 +5.955648e+10 -7.600412e+14 +1.055011e+17 -4.733788e+18   
S15-248   +8.999840e+01   +5.044527e-08 +9.362879e-05 -2.258516e+00 +6.765989e-02 -1.463408e+00 -8.126980e+01 -3.984153e+03 -2.802509e+05 +1.325952e+09 -1.106226e+09 -8.416601e+10 +8.505059e+12 +5.572246e+14 +1.055265e+17 -2.976034e+20   -1.217521e-07 +1.337194e-04 -3.197262e-04 -3.513778e-02 +2.671730e+00 -3.271835e+01 -3.577729e+03 -2.760155e+05 -3.342255e+08 +6.239272e+08 -2.523045e+10 +8.111760e+12 -2.288342e+14 +6.692229e+16 +4.252122e+19   
S15-249   +8.999815e+01   +9.605955e-08 +7.386295e-05 -2.254696e+00 +3.295893e-04 -3.136300e+00 -9.165002e+01 -7.218765e+03 -1.533674e+05 +1.499253e+09 -3.861134e+08 -1.738311e+10 +6.324782e+12 +5.272442e+14 +4.387429e+16 -3.506833e+20   +1.923437e-07 +1.299481e-04 -5.216744e-04 +2.724539e-02 -3.632389e+00 -1.129644e+00 +4.806739e+03 -3.297497e+05 -1.925016e+08 -1.011134e+09 +9.599247e+10 -4.913500e+11 -9.586749e+14 +8.837388e+16 -8.790475e+17   
S15-251   +8.999855e+01   +1.958363e-07 +4.968946e-05 -2.254977e+00 -8.538966e-02 -7.363185e-01 +9.580564e+01 -5.371352e+03 -5.087773e+05 +1.421816e+09 +5.416755e+08 -4.326091e+10 -1.493752e+12 +4.325579e+14 +1.436142e+17 -3.215132e+20   +7.653489e-08 +1.236890e-04 -1.021907e-03 -2.185873e-02 -1.613603e+00 +2.060142e+01 +6.040433e+03 -2.407607e+05 -2.833431e+08 +1.161076e+09 -3.705571e+10 -4.041396e+12 -9.216618e+14 +7.837661e+16 +1.639482e+19   
S15-253   +8.999820e+01   +3.472397e-08 +6.433978e-05 -2.254858e+00 -8.166486e-02 -2.358300e+00 +1.739705e+01 -7.523000e+03 -2.592099e+05 +1.462186e+09 -1.027768e+09 +8.715061e+10 -4.435766e+11 +1.644766e+14 +4.122062e+16 -3.414387e+20   +1.959864e-08 +1.226875e-04 -1.046579e-03 -7.927209e-02 +3.779104e+00 +8.838331e+00 -1.580373e+03 +4.092154e+03 -1.639598e+08 +1.370436e+09 +1.049019e+11 -4.991451e+12 -1.221227e+15 +5.010996e+16 +9.628970e+18   
S15-256   +8.999845e+01   +3.570624e-08 +4.907429e-05 -2.260077e+00 -9.223329e-03 -3.113273e+00 +3.681930e+01 -7.989861e+03 -4.535611e+04 +1.339848e+09 +8.725667e+08 +6.663571e+10 -7.771833e+12 +1.048963e+15 +5.982551e+16 -3.022546e+20   -1.924275e-07 +1.330540e-04 -4.081943e-04 -5.888520e-03 +1.131178e-01 +1.868339e+01 -3.515661e+02 -3.198165e+05 -3.509689e+08 +5.375876e+08 -4.802409e+09 -1.079901e+12 +5.519078e+14 +8.124730e+16 +4.845237e+19   
S15-257   +8.999815e+01   +1.637241e-07 +7.713515e-05 -2.253955e+00 -4.852956e-02 -6.013072e+00 -2.255845e+02 -1.589509e+04 -1.351384e+04 +1.500115e+09 +6.923291e+08 +8.951622e+10 +1.053829e+11 +5.320973e+14 +7.076958e+16 -3.332943e+20   +1.795174e-07 +1.066479e-04 -1.185394e-03 +2.716417e-02 +2.308020e+00 -5.215991e+00 -4.705571e+03 -2.051651e+05 -2.411034e+08 +1.202969e+08 +7.046487e+10 -2.985058e+12 -6.619541e+14 +8.606409e+16 +1.873523e+19   
S15-258   +8.999825e+01   -7.446261e-08 +5.902561e-05 -2.254681e+00 -1.903064e-02 -5.921355e+00 +1.451248e+02 -3.275814e+03 -1.693595e+05 +1.447784e+09 -4.877616e+08 +2.057907e+11 -3.181056e+12 -8.053533e+13 +5.867242e+16 -3.343812e+20   -2.035300e-07 +1.267337e-04 -7.485831e-04 -6.578715e-02 +4.073745e+00 -1.073206e+01 -6.947024e+03 +2.285513e+05 -1.199774e+08 -6.537122e+08 +1.769486e+10 +2.525178e+12 +1.812320e+14 +6.220720e+16 +2.316008e+18   
S15-261   +8.999800e+01   +1.293029e-07 +4.500289e-05 -2.256603e+00 -7.119775e-02 -1.999329e+00 +1.192967e+01 -3.081911e+03 -3.842095e+05 +1.456089e+09 -7.274571e+07 -5.036194e+10 +2.633616e+12 +1.299641e+13 +7.162267e+16 -3.289640e+20   -2.058177e-07 +1.616215e-04 +1.410135e-04 -6.590698e-02 +5.122114e+00 -1.247526e+01 -8.409217e+03 -5.025567e+05 -1.033422e+08 +4.515869e+08 +3.578504e+10 +5.500467e+12 -4.523193e+13 +1.280958e+17 +4.477964e+18   
S15-263   +8.999820e+01   +1.768228e-07 +4.643651e-05 -2.256320e+00 -5.134330e-02 -1.524948e+00 +2.773370e+02 -3.793286e+03 -2.459281e+04 +1.469067e+09 -1.846878e+08 -5.650167e+10 -5.867100e+11 +5.415277e+14 +3.751301e+16 -3.305287e+20   -1.470145e-08 +1.203310e-04 +2.446329e-04 +1.562438e-02 +6.931680e-01 +1.449426e+01 +1.350036e+03 -4.252262e+05 -1.030286e+08 +8.672653e+07 +1.207339e+11 +2.055250e+12 -3.925542e+14 +8.953132e+16 +7.309826e+17   
S15-267   +8.999950e+01   +1.071859e-07 +7.257816e-05 -2.255565e+00 -2.175627e-03 -4.172204e+00 -8.806081e+00 -1.021281e+04 +4.271775e+03 +1.471059e+09 -6.312512e+07 +6.342272e+10 -1.094567e+11 +6.019783e+14 +2.539853e+16 -3.394104e+20   +2.670266e-08 +1.266615e-04 -3.553645e-04 -7.131553e-02 -6.743116e-01 +1.096816e+01 +2.995301e+03 +3.739151e+04 -1.967263e+08 +1.939055e+09 -9.192260e+09 +1.489819e+12 -1.850141e+14 +1.023001e+17 +1.960622e+19   
S15-271   +8.999945e+01   +7.697116e-08 +6.067739e-05 -2.255557e+00 -1.836505e-02 -1.731004e+00 +2.617595e+01 -4.953201e+03 -3.876371e+05 +1.466083e+09 -5.556096e+08 +2.811592e+10 +1.258171e+12 +2.169518e+14 +4.700597e+16 -3.414370e+20   -7.674204e-08 +1.094416e-04 -1.984121e-03 +7.312544e-03 +4.548619e+00 -6.900507e+00 -4.410498e+03 -3.202118e+05 -2.464195e+08 +6.663819e+08 -2.076599e+11 +1.299149e+12 -1.465808e+15 +1.328075e+17 +1.964875e+18   
S15-272   +8.999795e+01   +3.278170e-07 +5.569222e-05 -2.256720e+00 -3.359945e-02 -3.597025e+00 +2.876980e+01 -1.373506e+04 -2.684081e+05 +1.472862e+09 +2.832347e+07 +8.574038e+09 +3.349925e+12 +1.182378e+15 +4.259198e+16 -3.438952e+20   +2.684044e-08 +1.221719e-04 -8.815544e-04 -4.722699e-02 -2.681611e+00 +1.963294e+01 +7.156583e+03 -2.840938e+05 -2.801847e+08 +1.062246e+09 +7.396820e+10 -1.491683e+12 -3.847867e+14 +1.635325e+17 +2.391872e+19   
S15-274   +8.999800e+01   +2.320770e-07 +7.036793e-05 -2.254727e+00 -8.348222e-03 -4.705466e+00 -1.567764e+02 -1.475134e+04 -1.629011e+05 +1.466733e+09 +9.771397e+08 -1.090511e+10 -1.950028e+12 +4.555145e+14 +3.430790e+16 -3.332541e+20   +3.326172e-08 +1.029728e-04 -6.713648e-04 +4.014827e-02 +3.196847e+00 +4.694752e+01 -4.386185e+03 -5.971219e+05 -2.165277e+08 -1.893988e+09 +9.617489e+10 -3.226632e+12 +5.338205e+14 +1.665957e+17 +9.818550e+18   
S15-275   +8.999890e+01   +5.341781e-07 +6.734803e-05 -2.256063e+00 -4.487693e-02 -7.398937e-01 -1.737706e+02 -9.834994e+03 -1.794710e+05 +1.458318e+09 +2.774281e+07 -9.366030e+10 +6.397610e+12 +1.029911e+15 +4.253863e+16 -3.370733e+20   +1.127868e-07 +1.005419e-04 -2.040941e-03 -1.523731e-02 -1.372025e+00 -1.999998e+01 +1.963171e+03 -6.229055e+04 -3.187058e+08 +3.993935e+08 +1.344442e+11 -2.485424e+12 -1.217139e+14 +3.193910e+16 +3.973543e+19   
S15-276   +8.999850e+01   -6.723262e-09 +2.371498e-05 -2.258754e+00 -8.858788e-02 -5.377809e+00 +1.230689e+02 -8.242764e+03 -1.797152e+05 +1.464997e+09 +9.284343e+08 +7.791331e+10 -3.390683e+11 +1.975302e+14 +8.989624e+16 -3.346632e+20   -5.263133e-08 +9.283710e-05 -1.600372e-03 -2.137366e-02 +1.239777e-01 -9.060213e+00 +3.301994e+03 -3.003400e+05 -1.740397e+08 +2.201546e+08 +9.536915e+10 -1.973575e+12 -7.153963e+14 +1.405257e+17 +8.793190e+18   
S15-277   +8.999805e+01   +1.988329e-07 +4.688168e-05 -2.259031e+00 +2.095999e-02 -3.993252e-01 -6.589133e+01 -3.326483e+03 -2.175944e+03 +1.390091e+09 +4.230863e+08 -1.011765e+11 +1.942082e+12 +2.782821e+14 +4.413150e+16 -3.249875e+20   -5.312574e-08 +1.105279e-04 -5.688329e-04 -4.116847e-02 -2.569316e+00 +3.566573e+00 +5.446722e+03 -3.674078e+05 -1.942039e+08 -6.851517e+07 +7.955459e+10 +5.567768e+12 -1.783056e+14 +1.328441e+17 +2.478438e+19   
S15-278   +8.999810e+01   +1.200020e-08 +6.282792e-05 -2.257138e+00 -4.315984e-02 -4.517703e+00 +1.002958e+02 -7.500446e+03 -1.200006e+05 +1.477719e+09 -1.787322e+08 +8.132445e+10 -4.599442e+12 +1.553107e+14 +4.042513e+16 -3.440933e+20   -2.416150e-08 +9.107557e-05 -8.180868e-04 +5.774012e-03 +2.195395e+00 +9.575452e+00 -1.925596e+03 -2.524499e+05 -1.271467e+08 +5.404846e+08 -1.318877e+09 -6.874855e+12 -3.485271e+14 +1.087290e+17 +8.796055e+18   
S15-281   +8.999900e+01   +1.742286e-07 +2.216462e-05 -2.256132e+00 -7.793823e-02 +1.513735e+00 -1.573464e+01 -2.169330e+03 +1.762073e+05 +1.459605e+09 +9.498218e+08 -5.219510e+10 -4.671009e+12 +1.158724e+15 -6.141086e+16 -3.377300e+20   -1.530218e-07 +1.315177e-04 -9.218299e-04 -4.852974e-02 +1.099926e+00 +9.973586e+00 -1.065589e+03 -2.305678e+02 -2.289043e+08 +5.328917e+08 +5.361366e+10 -4.440320e+12 -7.462096e+13 +6.540745e+16 -1.833670e+18   
