# multipoles are divided by excitation current and units are [T], [m] and [A]
# harmonics (dipole n=0): 00 01 02 03 04 05 06 07 08 09 10 11 12 13 14 
# MAG_LABEL   CURRENT[A]   <NORMAL_MULTIPOLES/CURRENT>[T/m^(n-1)/A]   <SKEW_MULTIPOLES/CURRENT>[T/m^(n-1)/A]
S15-004   +9.995950e+00   +8.603220e-07 +8.220117e-05 -2.338166e+00 -1.572309e-02 -2.907228e+00 -1.177972e+02 -1.271063e+04 -1.454301e+04 +1.204346e+09 +8.404178e+07 +5.965189e+09 +1.520821e+13 +5.756372e+14 -3.371379e+16 -2.969125e+20   +2.731795e-07 +1.461739e-04 +5.982903e-04 -3.194139e-02 -2.738793e+00 +3.936430e+01 +8.256047e+03 -4.898687e+05 -4.455206e+08 +2.144360e+09 -1.430248e+10 +7.034631e+12 -5.125710e+14 +1.897099e+17 +7.856446e+19   
S15-006   +9.995800e+00   +5.825291e-07 +8.438450e-05 -2.347948e+00 -4.240943e-02 -8.632849e+00 -2.393477e+00 -2.092220e+04 -4.925161e+05 +1.216661e+09 +5.343197e+08 -4.293923e+10 +1.254505e+13 +1.459998e+15 +1.681350e+17 -2.922457e+20   +8.682378e-08 +1.093757e-04 +1.739350e-03 -5.598714e-02 +8.483375e-01 -1.404702e+01 -1.329746e+03 -1.251739e+05 -4.269394e+08 +2.481184e+09 +6.042361e+10 -6.513136e+12 -9.730639e+14 +3.414338e+16 +7.620760e+19   
S15-008   +9.996100e+00   +5.096890e-07 +5.440723e-05 -2.354587e+00 -2.329492e-02 -5.341819e+00 +8.222243e+01 -1.657726e+04 +3.475381e+05 +1.268302e+09 +5.134249e+08 +4.015739e+10 -1.565431e+12 +1.155680e+15 +1.241239e+16 -3.334818e+20   +2.400632e-07 +1.138415e-04 +4.465113e-04 -1.553717e-02 -6.352866e+00 +2.280554e+01 +9.900159e+03 -1.588653e+05 -1.993399e+08 -2.515038e+09 +1.611971e+11 +1.061223e+13 +1.582510e+14 +1.392344e+17 +2.211800e+19   
S15-009   +9.996250e+00   +4.317824e-07 +9.078651e-05 -2.353231e+00 -3.195101e-02 -1.051041e+01 -4.084672e+01 -1.792700e+04 -3.728387e+05 +1.263262e+09 -1.179422e+09 +1.003283e+11 +9.473219e+12 -3.045567e+14 +6.101976e+14 -3.228057e+20   +3.012357e-07 +1.047302e-04 -7.137468e-04 -2.954616e-02 +1.713237e+00 +3.423213e+01 -9.283509e+03 -1.745518e+05 -2.140173e+08 +2.319048e+09 +3.481896e+11 +5.034643e+12 -1.952732e+13 +7.955788e+16 +3.315804e+19   
S15-010   +9.995900e+00   +6.913165e-07 +1.210139e-04 -2.349627e+00 +2.982362e-02 -3.654742e+00 +6.008629e+01 -7.064388e+03 -1.807702e+04 +1.350607e+09 -2.327037e+09 +1.300790e+10 +3.667794e+12 +9.508305e+14 +1.049426e+17 -3.416144e+20   +1.416090e-07 +9.477255e-05 -6.080172e-04 -2.434797e-02 +6.005949e+00 -2.305570e+01 -9.358920e+03 +4.062112e+04 -4.005842e+07 -1.601922e+09 -4.824854e+10 +5.779698e+12 +9.022213e+13 +6.365005e+16 -4.287777e+18   
S15-014   +9.996300e+00   +7.223305e-07 +9.837786e-05 -2.345364e+00 -1.642780e-02 -1.477787e+01 -1.084762e+02 -3.418364e+04 -5.810595e+05 +1.321672e+09 -1.316487e+09 +4.843070e+10 +1.557965e+13 +3.868618e+15 +2.598186e+17 -3.356388e+20   +2.879511e-07 +1.248320e-04 -1.193958e-04 +1.570801e-02 -8.701094e-03 -3.359401e+01 -2.849408e+03 -7.099761e+05 -1.980890e+08 +2.538047e+09 +1.363314e+11 +5.311688e+13 -1.967729e+14 +4.974599e+16 +1.571834e+19   
S15-016   +9.996050e+00   +4.891868e-07 +6.292669e-05 -2.341449e+00 -1.088360e-01 -3.292439e+00 -4.080948e+01 -8.953512e+03 -1.254474e+05 +1.405713e+09 +1.406309e+09 -5.574188e+10 +9.265836e+12 +3.161955e+14 +5.528352e+16 -3.361895e+20   +2.070362e-07 +1.168689e-04 -1.170530e-03 -1.314495e-02 +8.261192e-01 +3.511231e+01 +3.733406e+03 -2.017580e+05 -3.550516e+07 -2.092522e+09 +3.722994e+10 +6.661995e+12 -9.300635e+14 +1.249178e+17 +5.068698e+17   
S15-017   +9.996000e+00   +6.887870e-07 +1.006668e-04 -2.341209e+00 -7.717881e-02 -1.713051e+00 -1.507020e+02 -6.177063e+03 -3.031356e+05 +1.415571e+09 +1.532271e+09 +7.353623e+10 +4.606663e+12 +2.745196e+14 +1.011258e+17 -3.365343e+20   +2.106746e-07 +1.426724e-04 -2.292150e-03 -4.465220e-02 +2.736215e+00 +4.053368e+01 -1.219348e+03 -4.598850e+04 -3.251769e+07 -1.717514e+09 +5.753073e+10 +2.984814e+12 -2.285060e+14 +1.203638e+17 -5.918015e+18   
S15-018   +9.996000e+00   +7.194187e-07 +1.100696e-04 -2.345364e+00 -3.457249e-02 -4.750389e-01 +5.610872e+01 -1.427766e+03 -1.220257e+05 +1.272623e+09 +1.783239e+09 -2.614655e+09 -2.429884e+12 +7.364683e+14 +1.089977e+17 -3.170478e+20   +1.496148e-07 +1.479619e-04 +6.977934e-04 -5.825517e-02 -7.765649e-01 -8.500816e+00 +1.395465e+02 +1.010610e+05 -2.958993e+08 -3.711862e+08 +2.478255e+11 +2.140633e+13 -9.647179e+14 +8.144044e+16 +4.149908e+19   
S15-021   +9.996000e+00   +8.851205e-07 +1.117137e-04 -2.343146e+00 -4.396777e-02 -3.897109e+00 +3.510692e+02 -1.055035e+04 -7.528567e+04 +1.442933e+09 +7.353258e+07 +4.918249e+09 +4.699556e+12 +4.788194e+14 +1.280154e+17 -3.414198e+20   +2.578094e-07 +1.106290e-04 -8.254325e-04 -1.442769e-02 +9.879802e-01 +1.960466e+00 +1.815889e+02 -2.350136e+05 -3.641981e+07 -2.567608e+08 +7.271491e+10 +8.111962e+12 -2.790327e+14 +1.106515e+17 +2.219159e+18   
S15-026   +9.996800e+00   +5.768250e-07 +1.510964e-04 -2.339177e+00 -6.089330e-03 -3.758291e+00 -7.975259e+01 -8.126526e+03 -5.085030e+05 +1.333907e+09 +5.337266e+08 +8.848727e+10 +1.519518e+13 +9.681937e+14 +3.061024e+17 -3.194512e+20   -5.300160e-07 +1.414622e-04 -1.267984e-03 -1.855333e-02 +1.016851e+00 +2.562598e+00 -6.293631e+03 -4.403294e+05 -3.127061e+08 +6.717999e+08 -9.238766e+10 +4.220199e+12 +5.114520e+14 +7.595418e+16 +3.670026e+19   
S15-027   +9.995700e+00   +7.118696e-07 +1.187321e-04 -2.344786e+00 -9.624715e-02 +3.484023e+00 -4.780037e+01 +7.492342e+03 -4.267524e+05 +1.461409e+09 -2.627319e+08 -7.446144e+09 +4.386379e+12 +4.457578e+14 +1.556344e+17 -3.387251e+20   +2.495833e-07 +1.535834e-04 -2.328344e-03 -5.671388e-02 +4.199097e+00 +3.761844e+01 -2.763091e+03 -5.617225e+04 -1.770704e+07 +2.276739e+08 +1.608672e+10 +7.300703e+12 -3.313939e+14 +1.440818e+17 -5.518475e+18   
S15-029   +9.995950e+00   +5.773107e-07 +1.409111e-05 -2.342451e+00 -9.216520e-02 -4.315549e+00 +1.273936e+02 -8.097838e+03 -4.598495e+05 +1.462074e+09 +6.094467e+08 +1.537980e+10 -4.944519e+12 +6.961306e+14 +5.890931e+16 -3.410293e+20   -6.272598e-08 +9.118328e-05 -7.304607e-04 -6.713769e-03 +3.007537e-01 -1.844697e+01 +2.433782e+03 -6.462049e+04 -5.961105e+07 -8.858694e+08 +4.247026e+10 +9.860249e+12 -4.634657e+14 +5.787148e+16 +7.100525e+18   
S15-030   +9.995750e+00   +7.171700e-07 +9.898290e-05 -2.340915e+00 -2.726448e-02 -5.670006e+00 -6.523959e+01 -1.469723e+04 -1.137827e+05 +1.323602e+09 -4.075079e+08 -1.466923e+10 -2.878019e+12 +6.973489e+14 +1.327888e+17 -3.256241e+20   +1.763491e-07 +1.273631e-04 +1.254359e-03 -2.269120e-02 -3.142467e+00 +1.630022e+01 +9.261338e+03 -1.935773e+05 -2.768026e+08 +7.805018e+08 +4.571089e+10 +1.047019e+13 -2.799567e+14 +9.317977e+16 +4.334148e+19   
S15-031   +9.995800e+00   +4.850562e-07 +4.885936e-05 -2.342236e+00 -2.538133e-02 -1.662816e+00 -9.117224e+01 -3.854713e+03 -1.942693e+05 +1.442121e+09 -3.642565e+08 +3.855986e+10 +4.458365e+12 +2.027351e+14 +4.670975e+16 -3.404006e+20   +4.371484e-07 +8.074491e-05 -8.819956e-04 +5.027700e-03 -2.265351e+00 +3.185519e+01 +2.752368e+03 -1.854554e+05 -2.261266e+07 -7.927017e+08 +7.722973e+10 +3.999852e+12 -8.051380e+14 +1.105324e+17 -5.300170e+18   
S15-032   +9.995650e+00   +4.857756e-07 +1.763185e-05 -2.347944e+00 -1.095036e-03 -2.742972e+00 +6.086471e+01 -5.955165e+03 +1.537093e+05 +1.436537e+09 +1.401404e+08 +3.733541e+10 -3.647610e+11 +3.382658e+14 +2.983785e+16 -3.431709e+20   +1.757592e-07 +1.043757e-04 -1.852778e-03 +3.601540e-03 +2.542767e+00 +6.295296e+00 -3.059273e+03 -3.555447e+05 -2.961706e+07 -5.500835e+08 +3.803295e+10 +3.743349e+12 -4.625776e+14 +1.426869e+17 -3.745489e+18   
S15-033   +9.995950e+00   +8.571090e-07 +3.844338e-05 -2.341918e+00 -9.173871e-02 -1.855530e+00 +1.066328e+02 -9.340394e+03 -3.853719e+05 +1.440001e+09 -2.771711e+08 +7.389879e+09 +4.933056e+12 +9.469197e+14 +6.781209e+16 -3.420101e+20   -1.248730e-08 +7.462473e-05 -1.979254e-03 -8.006797e-03 +2.816658e+00 +5.794672e+00 -1.487652e+03 -6.305354e+04 -7.649663e+07 -1.222235e+08 +4.909444e+10 +1.095503e+13 -1.068681e+15 +9.945751e+16 +7.897839e+18   
S15-034   +9.995900e+00   +3.877992e-07 +1.033332e-04 -2.358729e+00 -1.144824e-02 -6.983392e+00 -2.175415e+01 -1.308658e+04 -2.339601e+05 +1.337322e+09 +2.491676e+08 -7.449188e+10 +1.172385e+13 -3.325001e+14 +1.188832e+17 -3.233926e+20   +4.271031e-07 +1.309851e-04 +1.241235e-03 -6.168266e-03 -1.520899e+00 +4.181666e+01 -1.808300e+03 -4.543305e+05 -2.315417e+08 -7.658735e+06 +2.623928e+11 -8.762496e+11 -5.161289e+14 +9.745160e+16 +2.635135e+19   
S15-035   +9.996350e+00   +5.775382e-07 +6.800187e-05 -2.348242e+00 -1.717151e-02 -5.779593e+00 +2.543156e+02 -1.239977e+04 +1.183179e+04 +1.457871e+09 +2.376385e+08 -4.910780e+10 +4.795845e+12 -1.156249e+14 +6.991649e+16 -3.377947e+20   +3.581530e-07 +1.016034e-04 -2.033267e-03 +5.153860e-02 +2.641896e+00 +3.204913e+01 -3.903192e+03 -6.307033e+05 -4.865345e+07 -9.934926e+08 +3.344106e+10 +7.884084e+12 +1.548507e+14 +1.276229e+17 -3.629801e+18   
S15-036   +9.996900e+00   +9.089487e-07 +6.356502e-05 -2.349229e+00 -1.686453e-02 -2.029188e+00 +1.535339e+02 -6.293780e+03 -5.350300e+04 +1.441979e+09 +2.225713e+08 -5.399455e+10 +7.341476e+12 -1.454055e+14 +2.571075e+16 -3.372152e+20   +3.435144e-08 +1.218864e-04 -2.716909e-03 -2.584572e-04 +1.737870e+00 +1.819230e+00 +2.201395e+03 -3.698709e+05 -3.749501e+07 +5.845068e+07 +9.453283e+10 +3.509945e+12 -8.116142e+14 +1.650402e+17 -1.232166e+18   
S15-037   +9.996700e+00   +3.038363e-07 +1.093937e-04 -2.348347e+00 -2.628562e-02 -1.285077e+01 +2.000860e+02 -1.922737e+04 -3.879465e+05 +1.451933e+09 +1.043145e+09 +7.836132e+10 +2.240694e+12 +6.002651e+14 +1.375455e+17 -3.452137e+20   +2.661600e-07 +7.398137e-05 -2.240281e-03 +1.369242e-01 -1.151396e+00 +1.857041e+01 +5.667423e+03 -5.615734e+05 -2.508177e+07 -1.744033e+09 -1.599636e+10 +8.368778e+12 -5.603816e+14 +1.139424e+17 -2.753791e+18   
S15-038   +9.995700e+00   +3.219184e-07 +1.468157e-04 -2.338675e+00 +2.398669e-01 -1.564557e+01 +1.362356e+02 -2.669426e+04 +4.144658e+05 +1.456571e+09 -2.635553e+09 +1.495265e+11 +2.484809e+12 +7.088457e+14 +7.298092e+16 -3.418519e+20   +9.673363e-08 +1.368014e-04 +3.303544e-04 -5.575030e-02 -4.333125e-01 +5.056701e+01 +2.552224e+03 +1.805588e+05 -5.393684e+07 +7.708632e+08 +5.205433e+10 +4.628777e+12 -4.216130e+14 +1.189187e+17 +2.585365e+18   
S15-040   +9.996250e+00   +8.639401e-07 +1.459943e-04 -2.341034e+00 +1.887981e-02 -1.114418e+01 +3.229023e+01 -1.923927e+04 -1.609360e+05 +1.409806e+09 +3.566204e+08 +1.157697e+11 +6.806401e+12 +1.006773e+15 +1.664620e+17 -3.420497e+20   +2.092318e-07 +8.229255e-05 -1.571487e-03 +7.621781e-02 +3.676417e+00 -2.252317e+01 -7.083931e+03 -7.580868e+05 -6.019985e+07 +5.205285e+08 -1.170668e+11 +4.003371e+12 -1.198227e+15 +9.598897e+16 -3.127276e+18   
S15-041   +9.995700e+00   +4.028411e-07 +6.539422e-05 -2.334798e+00 -3.939947e-02 -5.342124e+00 +2.509438e+02 -1.147631e+04 -3.276052e+05 +1.414273e+09 -2.353459e+08 +2.794205e+10 -1.671755e+12 +6.916669e+14 +6.441259e+16 -3.319217e+20   +8.051879e-08 +1.378302e-04 -7.386463e-04 -3.211564e-02 -2.274571e+00 -1.403979e+01 +8.166186e+03 -2.159902e+05 -8.970947e+07 -9.322213e+08 -2.368533e+10 +9.056845e+12 -1.194316e+15 +1.454563e+17 +8.499371e+18   
S15-043   +9.995950e+00   +9.579763e-07 +1.113439e-04 -2.342565e+00 -3.267627e-02 -5.105467e+00 +3.877169e+01 -1.214113e+04 -2.112207e+04 +1.419181e+09 +1.140774e+09 -5.114323e+10 +2.521679e+12 +5.682009e+14 +7.818945e+16 -3.373652e+20   +2.645959e-07 +1.139796e-04 -9.199608e-04 -6.216959e-03 -2.069525e+00 +4.536444e+01 +8.398432e+03 +1.010762e+05 -3.618831e+07 -9.478062e+08 +1.353031e+11 +2.474978e+12 -1.003604e+15 +1.240479e+17 -4.505235e+18   
S15-044   +9.996100e+00   +7.706008e-07 +8.270477e-05 -2.342732e+00 +4.069264e-02 -3.687637e+00 +5.526821e+02 -1.022443e+04 -6.776886e+03 +1.436886e+09 -1.405864e+08 +1.514765e+10 -8.233677e+12 +8.030262e+14 +5.617008e+16 -3.389534e+20   +2.256309e-07 +1.191967e-04 -1.150178e-03 -4.357543e-02 +1.861029e+00 +2.137607e+01 +8.025262e+02 -2.223114e+04 -6.060290e+07 +4.658446e+07 -8.321761e+10 +1.163152e+13 -6.245886e+14 +1.097271e+17 -4.434096e+18   
S15-045   +9.995900e+00   +7.236689e-07 +8.124742e-05 -2.337941e+00 -5.357755e-02 -7.451112e+00 +9.400599e+00 -1.508096e+04 -3.006093e+05 +1.424116e+09 +4.407997e+07 -6.409315e+10 -8.896126e+11 +1.589471e+15 +8.887737e+16 -3.368203e+20   +1.988019e-07 +1.073103e-04 -1.032040e-03 +6.714218e-02 -7.748527e-01 -1.962180e+01 +5.037599e+03 -3.577957e+05 -7.036372e+07 -1.451920e+08 +5.422589e+10 +1.499869e+13 -1.116571e+15 +1.314780e+17 +1.228891e+19   
S15-046   +9.996500e+00   +4.099240e-07 +1.122430e-04 -2.342225e+00 -2.916253e-02 -3.234920e+00 +1.659190e+02 -6.829463e+03 -4.784742e+05 +1.420527e+09 -7.350537e+08 -1.256441e+10 +5.581611e+12 +2.878920e+14 +1.258827e+17 -3.371587e+20   +3.305859e-07 +1.442666e-04 -1.628220e-03 -3.622790e-02 -4.145828e+00 -2.477602e+01 +9.647344e+03 -4.304732e+05 -6.741552e+07 +2.084565e+08 +1.077618e+11 +9.966402e+12 -3.901114e+14 +1.403338e+17 +6.805493e+18   
S15-047   +9.996500e+00   +5.968860e-07 +1.033229e-04 -2.346721e+00 -6.436279e-02 -4.096579e+00 -4.945444e+00 -1.022980e+04 -4.134678e+05 +1.413938e+09 +2.005674e+08 +1.355581e+10 +4.169756e+12 +1.018395e+15 +1.264256e+17 -3.327387e+20   +2.077198e-07 +1.381707e-04 -2.102826e-03 -3.698942e-02 +8.037647e-01 +7.372402e+00 -2.511808e+03 -2.289854e+05 -8.228614e+07 -1.194679e+09 +5.140483e+10 +5.562612e+12 -4.653272e+14 +1.980370e+17 +4.755891e+18   
S15-048   +9.995950e+00   +5.038324e-07 +1.352731e-04 -2.335030e+00 -5.069563e-02 -5.621752e+00 -1.386482e+02 -8.019459e+03 -3.326900e+05 +1.431551e+09 +1.985264e+07 -2.319506e+10 +9.510941e+11 +9.968908e+14 +1.363072e+17 -3.318375e+20   +4.634866e-07 +1.407920e-04 -5.991247e-04 -3.880976e-02 -7.518248e-01 -1.138501e+01 +2.845084e+02 -1.445631e+05 -7.955120e+07 +1.189321e+09 +8.437559e+10 +2.436991e+12 -7.730221e+13 +1.635775e+17 +5.102921e+18   
S15-050   +9.996800e+00   +8.890227e-07 +1.089336e-04 -2.352551e+00 -3.636813e-02 -3.552935e+00 +2.068779e+02 -9.563802e+03 -1.460493e+05 +1.403015e+09 +4.624188e+08 +6.184136e+10 -2.421867e+12 +8.555214e+14 +6.187667e+16 -3.350039e+20   +1.331651e-07 +1.242759e-04 -2.440860e-03 -7.014648e-03 +8.540972e-01 +2.735883e-01 +1.456971e+03 -2.178381e+05 -7.577016e+07 -9.440160e+07 -5.863287e+10 +5.138531e+12 -7.367778e+14 +7.458280e+16 -2.906886e+18   
S15-051   +9.996000e+00   +5.442236e-07 +1.061988e-04 -2.346260e+00 -1.450246e-02 -5.912904e+00 +1.008801e+02 -1.464093e+04 -2.500945e+05 +1.403821e+09 -1.349960e+08 +2.362428e+10 +3.699602e+12 +9.260868e+14 +1.181308e+17 -3.306903e+20   +1.260110e-07 +1.385308e-04 -1.824001e-03 -4.951052e-02 +9.437081e-01 +4.022330e+01 -3.742678e+02 -1.496639e+05 -9.161551e+07 -7.445503e+08 +6.174474e+10 +5.928247e+12 -4.934212e+14 +1.375164e+17 +2.760239e+18   
S15-052   +9.996050e+00   +7.022493e-07 +1.160809e-04 -2.343316e+00 -1.055378e-01 -7.611986e+00 +1.836374e+02 -1.636883e+04 -7.556801e+05 +1.314237e+09 -2.675778e+08 -8.586682e+10 -2.140325e+11 +1.430973e+15 +1.795598e+17 -3.129780e+20   +2.464131e-07 +1.433857e-04 -5.687874e-04 -4.453674e-02 +2.849399e+00 +8.734545e-01 -8.310382e+03 -2.640768e+05 -3.016591e+08 +7.827893e+08 +2.035383e+11 +1.166885e+13 +1.127318e+15 +1.523313e+17 +4.600838e+19   
S15-053   +9.995800e+00   +6.389156e-07 +7.657533e-05 -2.346974e+00 -1.088405e-01 -8.117178e+00 +2.331437e+02 -1.908270e+04 -4.431786e+05 +1.400310e+09 +2.646788e+08 +1.019345e+11 -1.213470e+12 +8.326952e+14 +9.415281e+16 -3.348787e+20   +2.896020e-07 +1.062647e-04 -8.204959e-04 +5.487350e-02 -3.102823e+00 +6.838905e+00 +1.088017e+04 -3.589364e+05 -5.915228e+07 -4.722093e+08 +1.666576e+11 +1.250457e+13 -7.638402e+14 +1.332322e+17 +6.124872e+18   
S15-054   +9.997450e+00   +7.821502e-07 +7.188410e-05 -2.342559e+00 -1.920506e-02 -4.372686e+00 -7.437224e+01 -5.917842e+03 +2.234061e+05 +1.449091e+09 -5.817015e+09 +1.531940e+10 -6.734173e+12 +3.148687e+15 +2.472959e+17 -3.349450e+20   +4.066587e-07 +9.871338e-05 -5.327999e-04 +4.129027e-03 -1.945115e+00 +2.627413e+01 -6.443621e+03 -2.694779e+05 -1.529090e+07 -6.369121e+09 +4.287764e+11 +1.192826e+13 -3.981226e+15 +2.510135e+16 +5.860168e+18   
S15-055   +9.995900e+00   +8.379615e-07 +5.137711e-05 -2.351105e+00 -1.223037e-01 +1.180796e+00 -1.438357e+02 -1.565821e+03 -4.808548e+05 +1.448008e+09 -6.587155e+08 -8.145169e+10 +3.128988e+12 -2.533442e+14 +6.540606e+16 -3.401657e+20   +1.036996e-07 +1.259912e-04 -1.732003e-03 -2.323398e-02 +3.222096e+00 +1.638041e+01 -5.547960e+02 -1.519018e+05 -3.307545e+07 -3.455633e+07 -3.790297e+10 +1.473643e+12 -6.621241e+14 +1.239661e+17 +4.989632e+18   
S15-056   +9.996300e+00   +4.780257e-07 +1.062701e-04 -2.346008e+00 -5.993821e-02 -5.668586e+00 +4.034715e+01 -9.349704e+03 -9.085865e+04 +1.418234e+09 -1.268207e+08 +4.724195e+10 -1.085052e+12 +1.050136e+15 +1.175081e+17 -3.338623e+20   +2.512079e-07 +8.971085e-05 -1.066902e-03 +7.539568e-02 -2.087741e+00 +9.253497e+00 +5.570847e+03 -2.364731e+05 -9.003314e+07 -1.153203e+09 +2.306770e+10 +7.330114e+12 -6.085281e+14 +1.062598e+17 +1.356224e+19   
S15-057   +9.996550e+00   +7.083805e-07 +7.592341e-05 -2.354537e+00 -6.271734e-02 -7.733241e+00 +1.498132e+02 -1.575633e+04 -1.058769e+05 +1.395627e+09 +2.445265e+09 +6.637553e+10 -7.384804e+11 -1.651633e+13 +1.431426e+17 -3.372986e+20   +4.378092e-08 +1.140603e-04 -1.999172e-03 -1.294975e-02 +1.617392e+00 -4.127769e+01 +4.431690e+02 -2.323201e+05 -9.068769e+07 +4.174879e+08 -2.685834e+10 -1.088883e+12 +2.082404e+14 +1.578322e+17 -8.227336e+17   
S15-058   +9.996400e+00   +3.200929e-07 +9.884739e-05 -2.346593e+00 +1.153530e-02 -8.530737e+00 +3.198741e+02 -1.600272e+04 -7.979139e+04 +1.420914e+09 -1.326233e+09 +5.300945e+10 -5.832736e+12 +7.539354e+14 +8.932433e+16 -3.290558e+20   +1.170266e-07 +1.234426e-04 -2.742111e-03 -8.721550e-02 +5.726042e+00 +3.733042e+01 -9.341868e+03 -9.573917e+04 -9.948562e+07 +7.996514e+08 +3.309896e+10 +9.985336e+12 +1.264606e+14 +1.524308e+17 +9.266648e+18   
S15-059   +9.996600e+00   +6.700477e-07 +1.071797e-04 -2.353760e+00 -3.625676e-02 -1.042930e+01 +1.003449e+02 -2.313132e+04 -3.016036e+05 +1.360521e+09 +1.166414e+09 +1.038390e+11 +1.102336e+13 +1.222369e+15 +5.223606e+16 -3.344830e+20   +4.133049e-07 +1.026631e-04 -1.375626e-03 -9.927057e-03 -7.666132e-01 -1.553012e-01 -3.225333e+03 +2.669165e+05 -8.038213e+07 +2.311632e+09 -1.189337e+11 +7.954330e+12 -5.596081e+14 +1.020064e+17 +5.901942e+18   
S15-060   +9.997050e+00   +7.177218e-07 +8.077554e-05 -2.345288e+00 -2.617440e-02 -8.156502e+00 -1.293628e+02 -2.117805e+04 -1.082342e+05 +1.434612e+09 -5.429778e+08 +1.300294e+10 +9.651751e+12 +1.417033e+15 +1.182844e+16 -3.350560e+20   +2.814566e-07 +1.288629e-04 +2.058560e-04 -7.630344e-02 -3.733521e+00 -1.432858e+01 +7.991700e+03 -7.207775e+03 -5.931925e+07 +6.305651e+08 +1.142551e+11 +1.251667e+13 -5.885748e+14 +9.261265e+16 +1.021309e+19   
S15-061   +9.996950e+00   +4.983024e-07 +1.006191e-04 -2.345927e+00 +1.652237e-02 -9.100059e+00 +8.711589e+01 -1.804826e+04 -7.593512e+03 +1.427933e+09 -9.610824e+08 +8.431654e+10 +1.154700e+11 +1.042711e+15 +6.219236e+16 -3.329644e+20   +2.707294e-07 +9.792562e-05 -7.211652e-04 +6.900757e-03 -3.845533e+00 -2.571717e+01 +7.046237e+03 -1.347773e+05 -6.617541e+07 -6.420066e+08 +1.539720e+10 +4.344588e+12 -8.786239e+14 +1.181362e+17 +5.701682e+18   
S15-062   +9.996650e+00   +5.973722e-07 +7.971783e-05 -2.342137e+00 -5.944481e-02 -5.507960e+00 -8.395423e-01 -1.506583e+04 -2.995619e+05 +1.422643e+09 -1.852622e+09 -2.911600e+09 +1.071271e+13 -7.786967e+14 +1.418933e+17 -3.307829e+20   +9.313992e-07 +1.004447e-04 -4.262794e-04 +4.106095e-02 -1.636379e+01 +1.092111e+02 +3.424089e+04 -5.924848e+04 -9.511322e+07 -1.415217e+09 +2.200585e+11 +2.457653e+13 -3.661275e+14 +1.330655e+17 +1.103542e+19   
S15-070   +9.995700e+00   +6.304175e-07 +1.433155e-04 -2.343728e+00 -1.061231e-02 -3.694653e+00 +1.062273e+02 -1.300544e+04 -2.104757e+05 +1.195085e+09 +4.462328e+09 +7.754315e+10 +1.211840e+13 +3.689019e+14 +1.699029e+17 -2.983932e+20   +2.936627e-07 +2.000325e-04 +6.450210e-04 -1.565883e-01 +5.007641e-01 +1.600608e+01 +1.731301e+03 +5.413932e+05 -2.792821e+08 +4.794155e+08 -1.241265e+11 -2.522702e+12 -3.540991e+14 +4.512854e+16 +4.852770e+19   
S15-072   +9.996250e+00   +6.382859e-07 +1.113747e-04 -2.342684e+00 -3.327618e-02 -5.358768e+00 +1.201611e+01 -1.145226e+04 -2.732568e+05 +1.391742e+09 -1.563029e+09 -7.382204e+10 -3.460522e+12 +7.065060e+14 +9.515683e+16 -3.398138e+20   +1.057406e-07 +1.192937e-04 -3.930888e-04 +7.333515e-03 +2.199490e+00 +1.193475e+01 +3.587335e+02 -4.126115e+05 -1.737642e+07 -7.826066e+08 +6.559694e+10 +9.723939e+12 +3.244370e+14 +1.814662e+17 +1.066309e+17   
S15-076   +9.996150e+00   +1.116654e-06 +1.085078e-04 -2.331405e+00 -6.736337e-02 +1.953734e+00 +1.705719e+01 +2.096157e+03 -1.682655e+05 +1.380022e+09 +1.106505e+09 -1.022315e+11 +2.370613e+12 +8.724806e+14 +1.516544e+17 -3.421259e+20   +2.572551e-07 +1.174121e-04 -9.566129e-04 -1.209669e-02 +1.926299e+00 -5.053620e+01 +2.701518e+03 -5.405877e+05 -2.400251e+07 +6.943567e+08 -1.248972e+11 +6.070990e+12 -2.729228e+14 +1.006597e+17 -3.314709e+18   
S15-078   +9.996150e+00   +8.966978e-07 +1.213234e-04 -2.345225e+00 +4.958991e-02 -1.042126e+00 -4.473277e+01 -3.830862e+03 +2.559522e+05 +1.386396e+09 +4.254069e+08 -1.158554e+11 +4.457571e+12 +7.812058e+14 +1.186589e+17 -3.417364e+20   +4.046431e-07 +1.125204e-04 +3.562625e-04 +2.297873e-02 -2.223388e-01 +6.732271e+01 +4.758812e+03 -4.745874e+05 -9.712939e+06 -1.329954e+09 +3.394452e+10 +7.122468e+12 -5.325595e+14 +1.403063e+17 -2.767065e+17   
S15-079   +9.996150e+00   +9.367484e-07 +1.330930e-04 -2.342030e+00 -6.228352e-02 -3.022924e+00 -2.385975e+01 -7.824974e+03 -6.983948e+05 +1.397484e+09 +6.333695e+08 -1.822834e+10 -3.673472e+11 +4.135570e+14 +1.777949e+17 -3.377712e+20   +1.541695e-07 +1.399706e-04 -1.227155e-03 -1.514919e-02 +4.682707e+00 +5.904245e+01 -2.891079e+03 -3.865413e+05 -3.317728e+07 +1.731841e+08 +3.353138e+10 +5.391924e+12 -1.410560e+14 +1.126279e+17 -2.736177e+18   
S15-087   +9.996000e+00   +6.639700e-07 +1.468229e-04 -2.338522e+00 +3.181755e-02 -5.065641e+00 +2.704980e+01 -1.086274e+04 -2.472771e+05 +1.217724e+09 -1.451998e+09 +8.027620e+09 +4.119626e+12 +1.016308e+15 +1.815581e+17 -3.120984e+20   +4.354146e-07 +1.079167e-04 +2.199248e-04 +4.531294e-02 -3.934174e+00 +5.469145e+01 +3.025968e+03 -7.979606e+05 -2.930284e+08 -1.722557e+08 +2.551037e+10 +5.372929e+12 +3.112709e+14 +1.783409e+17 +4.146129e+19   
S15-091   +9.996950e+00   +2.423955e-07 -1.649892e-04 -2.341974e+00 +1.490943e-01 -7.869255e-01 -3.912996e+02 +1.651936e+03 +1.357545e+06 +1.369903e+09 -1.592465e+09 -3.311784e+10 +1.610984e+13 +4.701757e+14 -1.755428e+17 -3.264049e+20   +3.091723e-07 +6.252609e-05 -4.692766e-03 +9.927869e-02 -1.271562e+00 +1.760856e+02 -7.460803e+02 -7.285979e+05 +6.630831e+05 -1.452830e+09 -3.866926e+10 +2.367664e+12 -1.172921e+15 +5.580856e+16 -8.781391e+18   
S15-092   +9.996800e+00   +1.040562e-06 +7.446433e-06 -2.346727e+00 -1.717714e-02 -7.842544e+00 +1.348015e+02 -1.467372e+04 +3.841488e+04 +1.345771e+09 -2.520947e+07 -5.585309e+10 +1.463909e+11 +6.888064e+14 +7.295999e+15 -3.323459e+20   +1.188032e-07 +9.121037e-05 -2.016567e-03 -9.681765e-02 -2.790858e+00 +6.180142e+01 +6.603908e+03 +6.736415e+04 -3.685852e+07 -1.568799e+08 +1.744463e+11 +4.773724e+12 -2.838272e+14 +7.577609e+16 -2.969862e+18   
S15-093   +9.996850e+00   +9.071011e-07 +4.248694e-05 -2.345995e+00 -8.911314e-02 -6.730625e+00 -1.515976e+00 -9.870041e+03 -2.829222e+05 +1.377557e+09 +8.934636e+08 -1.935441e+10 +1.920192e+12 +8.567460e+14 +6.921275e+16 -3.368302e+20   +7.996969e-08 +6.676365e-05 -2.137066e-03 -2.636220e-02 +1.274816e+00 +8.323222e+01 -3.144663e+03 -2.231149e+05 -3.609837e+07 -2.998048e+08 +1.744333e+10 +7.314579e+12 -3.079153e+14 +6.312491e+16 -1.428323e+18   
S15-099   +9.996850e+00   +6.211473e-07 +6.946722e-05 -2.336447e+00 -5.878386e-02 -3.152159e+00 +2.369514e+02 -1.208942e+04 -3.511263e+05 +1.380476e+09 +1.486331e+09 -3.639762e+10 +6.037142e+11 +5.874044e+13 +7.652140e+16 -3.310619e+20   +2.236463e-07 +1.075608e-04 -3.565971e-03 -2.774805e-02 +1.473098e+00 +3.796863e+01 -2.079100e+03 -6.321729e+04 -9.096650e+07 +5.196081e+08 +6.761062e+10 +8.970808e+12 -8.567521e+14 +1.144024e+17 +2.522533e+18   
S15-100   +9.996850e+00   +5.210971e-07 +6.851580e-05 -2.348850e+00 -2.956716e-02 -3.417333e+00 -1.002690e+02 -7.481023e+03 -1.837832e+04 +1.436370e+09 -5.353667e+08 -1.785777e+10 +1.696154e+12 -5.090428e+13 +7.667639e+16 -3.304700e+20   +3.586040e-07 +9.895237e-05 -3.099718e-03 -2.219373e-02 +3.866843e-02 +1.877657e+01 +4.610156e+02 -1.091363e+05 -8.869914e+07 -1.206832e+09 +6.598747e+10 +4.647321e+12 -3.728546e+14 +1.044419e+17 +9.760329e+15   
S15-101   +9.996700e+00   +4.942928e-07 +3.598347e-05 -2.351923e+00 -6.887401e-02 -4.826855e+00 +1.175635e+02 -6.139404e+03 -1.909288e+05 +1.440177e+09 +1.862780e+08 -2.833230e+09 +1.734165e+11 +1.371523e+14 +2.317522e+16 -3.352747e+20   +2.199458e-07 +9.244303e-05 -2.678748e-03 -5.798262e-03 +7.447160e-01 +5.299296e+00 -2.992745e+03 -1.502066e+04 -6.851138e+07 +1.007550e+07 -3.516590e+10 +5.563578e+12 +2.241830e+14 +9.922869e+16 +3.387842e+18   
S15-102   +9.997100e+00   +5.398312e-07 +5.514513e-05 -2.352637e+00 -3.898394e-02 -7.546132e-01 +1.936562e+01 +2.136725e+02 -1.426133e+05 +1.439098e+09 -5.561057e+08 -5.151314e+10 -3.068974e+11 +3.357461e+14 +5.634633e+16 -3.373528e+20   +2.910136e-07 +9.819542e-05 -3.478980e-03 +1.391355e-02 +4.409411e-01 +2.054455e+01 -3.689533e+03 -2.006511e+05 -8.103004e+07 +4.800837e+08 +8.318074e+10 +1.352616e+13 -8.355626e+14 +6.900630e+16 +4.866539e+18   
S15-103   +9.996250e+00   +4.634471e-07 +4.104911e-05 -2.358586e+00 -4.689956e-02 -2.918624e+00 -1.338809e+02 -4.031541e+03 -1.440870e+04 +1.432273e+09 -1.352645e+09 +5.923969e+10 +1.012752e+13 +4.475321e+14 -3.269617e+16 -3.350223e+20   +2.007866e-07 +1.256220e-04 -8.629305e-04 -6.964704e-02 -2.567008e+00 -1.856714e+01 +8.221485e+03 -3.260618e+04 -9.453048e+07 -1.052310e+08 +1.523455e+11 +6.291494e+12 -1.579726e+15 +1.356252e+17 +1.140954e+19   
S15-104   +9.996150e+00   +7.310236e-07 +4.921892e-05 -2.347021e+00 -7.180843e-02 -5.832320e+00 +7.277047e+01 -1.774217e+04 -5.545114e+05 +1.360084e+09 +2.129193e+09 +1.691633e+10 -6.476363e+12 +6.422685e+14 +1.353543e+17 -3.261834e+20   +3.556938e-07 +1.328084e-04 +5.035811e-04 -1.090358e-01 -6.583460e-01 -2.541116e+01 -5.399218e+02 -3.320024e+04 -2.324852e+08 +8.044199e+08 +4.501370e+10 +5.996214e+12 -8.114824e+14 +5.780292e+16 +3.520890e+19   
S15-105   +9.996450e+00   +8.627406e-07 +5.216347e-05 -2.356051e+00 -7.066445e-02 -3.645098e+00 +2.004007e+02 -1.245461e+04 -2.802815e+05 +1.422443e+09 +4.906292e+08 -1.449365e+10 +2.109006e+12 +8.030720e+14 +3.256787e+16 -3.337164e+20   +2.788255e-07 +1.035360e-04 -1.447684e-03 -8.701939e-02 +1.328506e-01 -2.084686e+01 -7.133945e+02 +1.061330e+05 -7.412834e+07 +9.307835e+08 +4.003845e+10 +8.695216e+12 -2.814461e+14 +7.337687e+16 +4.654140e+18   
S15-106   +9.996450e+00   +5.738812e-07 +5.650372e-05 -2.357832e+00 +6.340873e-02 -3.667727e+00 +7.084464e+01 -5.406046e+03 +1.027776e+05 +1.432363e+09 -7.982565e+08 +5.931430e+10 +4.481589e+12 +3.095663e+14 +1.923976e+16 -3.358014e+20   +2.757431e-07 +9.999255e-05 -1.874837e-03 -4.338506e-02 -4.570021e-01 -1.052213e+01 +2.692682e+03 -1.435764e+04 -7.702440e+07 +1.841534e+08 +9.811161e+10 +1.128970e+13 -8.081928e+14 +7.225194e+16 +3.334339e+18   
S15-107   +9.996750e+00   +7.744698e-07 +4.430191e-05 -2.353426e+00 -1.521983e-02 -1.019593e+00 -2.398917e+01 -7.625218e+03 -2.433949e+05 +1.358954e+09 +1.786825e+08 -1.521437e+10 -2.283810e+12 +6.571427e+14 +5.550483e+16 -3.242914e+20   +4.412055e-07 +1.024380e-04 -1.004901e-06 -6.728492e-03 -2.526499e+00 +4.327989e+01 -3.165264e+02 -1.008930e+05 -2.272957e+08 +1.563501e+09 +1.000040e+11 -9.397298e+12 +4.380480e+14 +6.569774e+16 +2.810293e+19   
S15-109   +9.995900e+00   +8.671383e-07 +2.717651e-05 -2.346382e+00 -1.496091e-02 -1.346396e+00 +1.366720e+02 -8.524532e+03 +3.299762e+03 +1.458924e+09 -4.511440e+08 +1.728614e+10 -5.254165e+12 +9.564185e+14 +4.168457e+16 -3.398079e+20   +2.821676e-07 +8.354436e-05 -2.337105e-03 -1.548109e-02 -9.949948e-02 +2.132913e+01 -2.766517e+03 +5.505298e+04 -5.603989e+07 +5.630361e+08 +7.033197e+10 +1.054759e+13 -2.730135e+13 +1.873407e+16 +5.151308e+18   
S15-110   +9.996200e+00   +7.590341e-07 +1.291402e-05 -2.344978e+00 -3.136738e-02 -1.785750e+00 +8.091986e+01 -7.319714e+03 +1.421149e+05 +1.478317e+09 -1.402416e+09 -1.278131e+10 +4.881046e+12 +5.337702e+14 +6.417532e+16 -3.413086e+20   +1.950734e-08 +1.094964e-04 -8.816099e-04 -1.769448e-02 +6.360155e+00 -1.172657e+01 -4.105574e+03 -3.289051e+05 -4.657478e+07 -9.101956e+06 +6.608488e+10 +1.261468e+12 -1.736926e+14 +1.524335e+17 -5.574588e+18   
S15-111   +9.996100e+00   +6.617375e-07 +4.478101e-05 -2.340491e+00 +2.706563e-02 -5.011021e+00 +4.006785e+01 -1.237716e+04 +3.199331e+05 +1.481662e+09 -1.848653e+09 -7.954916e+10 +5.858839e+12 -1.909593e+14 +5.390663e+16 -3.381754e+20   +1.830174e-07 +9.603732e-05 -1.829952e-03 +2.497213e-02 +7.138596e-01 +1.012974e+02 -2.685945e+02 -1.638498e+05 -3.915783e+07 -4.388991e+08 +2.963687e+11 +8.368202e+12 -2.816660e+14 +1.272460e+17 -7.071689e+18   
S15-113   +9.996750e+00   +6.869500e-07 +7.070965e-05 -2.338436e+00 -7.989083e-02 -3.859503e+00 -5.730680e+01 -9.031226e+03 -4.661423e+05 +1.450508e+09 +8.973375e+08 -1.109305e+10 +1.882349e+12 +7.796354e+14 +4.534598e+16 -3.344923e+20   +2.673302e-07 +1.103241e-04 -4.179747e-04 -2.133183e-02 +1.579388e+00 -1.344385e+01 -3.147084e+03 -1.484853e+05 -8.260952e+07 +3.795226e+07 -8.417841e+09 +9.097277e+12 -1.388012e+14 +1.091329e+17 +7.792120e+18   
S15-116   +9.996000e+00   +5.173266e-07 +3.091084e-05 -2.338285e+00 -1.408113e-02 -2.922495e+00 +2.915887e+02 -8.651963e+03 -3.626742e+05 +1.311930e+09 +2.452864e+08 -9.260931e+10 -1.530323e+13 +8.822504e+14 +2.875414e+17 -3.274935e+20   +4.133992e-07 +1.206432e-04 +9.655972e-04 +3.579710e-02 -5.065788e+00 +3.816790e+01 +3.650273e+03 -1.635726e+05 -4.026875e+08 -5.271405e+08 +1.298379e+11 +3.630571e+12 +6.211981e+14 +7.389187e+16 +6.475379e+19   
S15-117   +9.996350e+00   +5.586478e-07 +4.513529e-05 -2.340842e+00 -2.769569e-02 -4.072290e+00 +2.492485e+02 -8.379048e+02 -3.486312e+04 +1.436995e+09 -4.205039e+08 +9.188570e+10 -9.067855e+12 +2.860142e+13 +5.839747e+16 -3.389466e+20   +2.170251e-07 +1.099317e-04 -6.905400e-04 +9.734337e-03 -3.631975e+00 -3.823561e+01 +9.522244e+03 -2.699592e+05 -7.473909e+06 -1.108384e+09 +1.258855e+10 +1.095245e+13 -8.320069e+14 +4.925809e+16 -5.454610e+18   
S15-118   +9.996300e+00   +9.531239e-07 +5.496108e-05 -2.349450e+00 -7.864218e-02 +1.321539e-01 +6.646357e+01 -6.769835e+03 -1.256908e+05 +1.456019e+09 +3.969458e+08 -9.184094e+10 +1.726755e+12 +8.456309e+14 +4.090843e+16 -3.443778e+20   +3.684061e-07 +1.320568e-04 -7.291143e-05 -1.187041e-02 +1.808869e+00 -2.368788e+01 -1.103057e+03 -4.252554e+05 -1.661938e+07 +1.803255e+09 +3.019078e+10 +5.638505e+12 -1.064080e+15 +1.256290e+17 -7.093379e+17   
S15-119   +9.996150e+00   +7.209245e-07 +7.732723e-05 -2.343906e+00 -1.941283e-02 -3.492626e+00 -1.217071e+02 -1.166558e+04 -1.962401e+05 +1.446746e+09 -6.507607e+08 -8.736316e+10 +3.979859e+12 +7.317564e+14 +9.741956e+16 -3.369268e+20   +3.072929e-07 +1.149106e-04 -1.544326e-03 -2.861194e-02 +1.031205e+00 -5.909224e+01 -3.643933e+03 -2.868719e+05 -7.532076e+07 +1.896292e+08 +1.191360e+11 +1.629362e+13 +1.652620e+14 +1.150980e+17 +7.842395e+18   
S15-120   +9.996250e+00   +7.780224e-07 +4.622843e-05 -2.341949e+00 -8.543568e-02 -2.121587e+00 +1.495558e+02 -5.944247e+03 -2.424703e+05 +1.458394e+09 +7.594365e+08 -8.470297e+09 +3.080595e+12 -1.752024e+14 +4.231044e+16 -3.439639e+20   +4.683613e-07 +1.226914e-04 -1.817469e-03 -7.468633e-02 -5.453134e-01 -6.257990e+01 -1.646853e+03 -9.350953e+04 -2.659484e+07 +1.510336e+09 +8.434905e+10 +2.385766e+12 -2.060912e+13 +7.515197e+16 -1.142442e+18   
S15-121   +9.996750e+00   +9.689559e-07 +1.533766e-05 -2.339861e+00 -7.628956e-02 +2.746419e+00 +1.212049e+02 -2.666332e+03 -2.246117e+05 +1.462463e+09 +6.217483e+08 -1.337706e+11 +9.211917e+12 -5.141674e+14 +4.625950e+16 -3.359645e+20   +1.187693e-07 +1.449852e-04 -7.583809e-05 -1.966167e-01 -3.973633e+00 +5.664215e+00 +1.357044e+04 +8.982561e+04 -7.571713e+07 +2.171479e+09 +2.895956e+10 +4.148347e+12 -6.479117e+14 +1.279325e+16 +6.400371e+17   
S15-122   +9.996450e+00   +8.825082e-07 +2.344580e-05 -2.339912e+00 -2.867040e-03 -1.669290e+00 +1.106800e+02 -7.936831e+03 +2.730113e+05 +1.471917e+09 +2.885828e+08 -3.073051e+10 +2.061277e+12 +5.783304e+14 +2.815825e+16 -3.437871e+20   +4.103568e-07 +1.243070e-04 -3.373760e-04 -4.038827e-02 +1.165308e+00 +2.635045e+01 -2.080566e+03 -5.984345e+05 -5.557366e+06 +1.488714e+08 -2.258707e+10 +4.451557e+12 -5.859880e+14 +9.230204e+16 -5.749565e+18   
S15-123   +9.996300e+00   +4.238198e-07 +3.751307e-05 -2.347161e+00 -6.498833e-02 -8.046688e+00 +1.937991e+01 -1.568500e+04 -1.531816e+05 +1.435935e+09 +2.754362e+08 -2.559807e+10 +3.917003e+12 +1.183578e+15 +4.319316e+16 -3.331652e+20   +1.065117e-07 +1.256587e-04 -3.678374e-04 -7.474215e-02 +8.696798e-01 -2.619465e+01 -1.070837e+03 -2.105337e+05 -6.524398e+07 +7.831329e+08 +1.134734e+11 +1.701969e+13 -6.832774e+14 +1.686650e+17 +3.890778e+18   
S15-124   +9.996200e+00   +4.291156e-07 +4.984336e-05 -2.344821e+00 -8.551808e-03 -3.152279e+00 -1.579386e+01 -4.776242e+03 -3.063897e+05 +1.462340e+09 -3.641110e+08 +2.427036e+09 +6.766780e+12 +4.663080e+14 +4.685249e+16 -3.390246e+20   +1.625192e-07 +9.531836e-05 -2.177567e-04 +2.006882e-02 -8.393473e-01 +3.688401e+01 +3.814640e+03 -3.527503e+05 -6.778350e+07 -3.403222e+08 +2.866056e+10 +7.112808e+12 -7.209058e+14 +1.387909e+17 +3.625700e+18   
S15-126   +9.996150e+00   +5.084883e-07 +2.861271e-05 -2.343349e+00 -4.127460e-02 -7.957412e+00 +7.869449e+00 -1.376681e+04 -1.575938e+05 +1.411388e+09 -3.079555e+08 +2.585918e+11 +5.516627e+12 +3.233502e+14 -1.704059e+16 -3.278885e+20   +3.268401e-07 +1.394600e-04 -4.089939e-04 -8.130342e-02 -2.688862e+00 -2.530012e+01 +4.624612e+03 +3.407652e+05 -1.131594e+08 -1.543753e+09 -2.962978e+10 +2.366081e+13 -1.034276e+15 +6.512520e+16 +6.249469e+18   
S15-127   +9.996400e+00   +6.578433e-07 +3.560682e-05 -2.337243e+00 -1.249949e-03 -4.261886e+00 +9.355391e+00 -6.110840e+03 +3.364052e+04 +1.444312e+09 -7.668078e+08 -6.007845e+10 -1.707306e+12 +1.248555e+15 +6.997926e+16 -3.312920e+20   +1.543562e-07 +1.210758e-04 -5.941952e-04 -4.205193e-02 -2.380855e+00 +7.202701e+00 +7.181897e+03 -9.605679e+04 -4.990405e+07 -1.724079e+09 +2.430825e+10 +6.730381e+12 -8.569363e+14 +1.010639e+17 +4.135552e+18   
S15-128   +9.996250e+00   +4.650181e-07 +4.952192e-05 -2.344560e+00 +6.538981e-03 -6.165315e+00 +2.131309e+02 -9.282912e+03 -4.880692e+05 +1.470292e+09 -2.238211e+09 -1.288471e+10 +5.173447e+12 -8.036733e+14 +1.999794e+17 -3.398330e+20   +5.270838e-07 +1.156007e-04 -5.356872e-04 -3.945060e-02 -5.522586e+00 +3.563152e+01 +2.243300e+03 +7.489134e+04 -6.474368e+07 -7.701201e+08 +2.365439e+11 -4.532848e+12 -3.156157e+14 +1.395620e+17 -5.092300e+18   
S15-130   +9.996350e+00   +3.593007e-07 +3.809586e-05 -2.336923e+00 -1.149837e-01 -6.384829e+00 -4.283436e+01 -7.222444e+03 -4.154926e+05 +1.479407e+09 +7.438211e+08 +7.102730e+09 +2.584733e+12 +1.023680e+15 +5.411913e+16 -3.426295e+20   +7.102540e-08 +7.260468e-05 -2.275640e-03 +1.223630e-01 +2.248147e+00 +3.738941e+01 +1.200880e+03 -2.409766e+05 -5.871987e+07 -3.085122e+09 -2.995660e+10 +2.769866e+12 -5.194025e+14 +1.176466e+17 +3.897630e+18   
S15-131   +9.996200e+00   +9.041555e-07 +6.567835e-05 -2.348800e+00 -1.318693e-02 -9.265597e-01 -9.437587e+01 -4.134076e+03 -2.366466e+04 +1.457086e+09 +1.874963e+08 -7.895937e+10 +6.674697e+12 +3.206183e+14 +3.265003e+16 -3.429709e+20   +1.629399e-07 +8.200461e-05 -1.070626e-03 +3.090416e-02 +3.126761e+00 -2.077242e+01 -4.762105e+03 -3.065388e+05 -4.650800e+07 +2.198602e+08 +1.804140e+10 +4.429730e+12 -3.903885e+14 +1.097401e+17 +3.012318e+18   
S15-132   +9.996450e+00   +5.508861e-07 +5.847870e-05 -2.356245e+00 -6.834023e-02 -5.636988e+00 -2.011962e+02 -1.057334e+04 -3.574623e+05 +1.455453e+09 +9.294530e+08 -3.285139e+10 +5.543163e+12 +8.652728e+14 +5.893407e+16 -3.419188e+20   +2.706286e-08 +1.149212e-04 -1.699601e-03 -2.568388e-02 +2.251446e+00 +4.115127e+01 +7.328763e+02 -2.668501e+05 -9.087538e+07 -6.844223e+08 +9.456415e+10 +1.076447e+13 -2.906980e+14 +8.735666e+16 +2.377002e+18   
S15-133   +9.996550e+00   +4.793620e-07 +5.885945e-05 -2.343822e+00 -3.368977e-02 -3.165181e+00 -3.412677e+01 -9.058627e+03 -3.675768e+05 +1.457443e+09 +1.227925e+08 -7.600221e+10 +8.068630e+12 +9.978099e+14 +9.915034e+16 -3.345743e+20   +2.757859e-07 +1.004940e-04 -1.034718e-03 +4.800386e-02 +2.019495e+00 +5.138818e+00 -2.176862e+03 -2.708776e+05 -5.947663e+07 -2.234167e+09 -7.770915e+10 +9.275397e+12 -9.910306e+14 +1.241098e+17 +4.670345e+18   
S15-134   +9.996150e+00   +3.152810e-07 +4.674704e-05 -2.341051e+00 -9.023627e-02 -8.609697e+00 +9.980656e+00 -9.953117e+03 -3.396625e+05 +1.405067e+09 +7.029900e+08 +1.570643e+11 +3.877470e+12 -1.222618e+15 +2.019738e+16 -3.254252e+20   +2.441972e-08 +9.584409e-05 -3.029338e-03 +1.535233e-02 +3.236905e+00 -1.023659e+02 +4.143987e+03 +2.904269e+05 -8.791647e+07 -2.569577e+09 -6.344010e+10 +1.665448e+13 -4.726597e+14 -1.370874e+16 -1.913136e+17   
S15-136   +9.996350e+00   +8.122702e-07 +4.301243e-05 -2.341296e+00 -4.555472e-02 -9.683364e-01 +1.413713e+01 +1.539555e+03 -3.198164e+04 +1.446117e+09 +1.798346e+09 -2.795770e+09 +1.377233e+12 +8.296811e+14 +2.267211e+16 -3.432071e+20   +3.701929e-07 +1.111447e-04 -1.713911e-03 +7.573210e-03 -1.352671e+00 +1.610466e+01 +7.551170e+03 -2.949033e+05 -8.289642e+07 +8.397857e+08 -4.757662e+09 +4.938913e+12 -1.345021e+14 +7.617887e+16 +1.144488e+19   
S15-137   +9.996100e+00   +5.713995e-07 +2.710721e-05 -2.342603e+00 -6.643983e-02 -5.494861e+00 +1.575675e+02 -9.030771e+03 -2.474729e+05 +1.425140e+09 +3.565622e+09 +1.200051e+11 +2.667281e+12 +3.225117e+14 +4.211054e+16 -3.323028e+20   +5.768523e-07 +1.025011e-04 -1.566287e-03 -4.413274e-02 -6.648640e+00 +1.645519e+01 +7.770949e+03 +1.877846e+05 -1.281455e+08 +1.164189e+09 +1.845222e+11 +6.758971e+12 -6.984614e+14 +4.724437e+16 +7.681237e+18   
S15-138   +9.995650e+00   +3.771457e-07 +4.395519e-05 -2.340384e+00 -6.068958e-02 -6.092646e+00 +4.492065e+01 -1.040540e+04 -2.984675e+04 +1.435380e+09 +1.424997e+09 +9.462756e+10 -3.569063e+12 +4.145760e+14 +5.262513e+16 -3.404469e+20   +4.460711e-07 +8.686550e-05 -2.071755e-03 +1.730198e-02 -8.227439e-01 +2.184821e+01 -2.490267e+03 -2.551972e+05 -9.758876e+06 -3.658269e+08 +8.346433e+10 +4.491440e+12 -4.682188e+13 +6.039145e+16 -4.599134e+18   
S15-139   +9.996200e+00   +6.172218e-07 +3.755099e-05 -2.349572e+00 -9.286641e-02 -8.654079e+00 +6.974288e+01 -1.684120e+04 -3.081562e+05 +1.433075e+09 +1.423917e+09 +6.853205e+10 +4.948896e+12 +9.337395e+14 +6.750615e+16 -3.361450e+20   +5.324147e-07 +1.105291e-04 -1.065901e-03 -2.640168e-02 -8.667844e+00 -3.005340e+01 +1.242504e+04 +2.826560e+04 -8.528727e+07 -4.277774e+08 +1.786614e+11 +1.388237e+13 -8.128145e+14 +1.050695e+17 +1.036611e+19   
S15-140   +9.996150e+00   +3.034831e-07 +3.186267e-05 -2.339895e+00 -3.233307e-02 -7.214981e+00 +9.343735e+01 -1.299322e+04 -3.824273e+05 +1.446966e+09 -1.994578e+09 +2.282820e+11 -3.089055e+12 -1.771415e+14 +9.734074e+16 -3.370412e+20   +1.078541e-07 +1.336060e-04 -3.511523e-03 -6.955437e-02 +2.623603e+00 +5.255290e+00 -6.738355e+02 +1.741187e+04 -7.659991e+07 -1.560675e+09 +2.640241e+10 -6.918638e+11 -3.498483e+14 +1.005189e+17 +9.763779e+17   
S15-141   +9.996300e+00   +4.674565e-07 +2.694248e-05 -2.339780e+00 -6.548768e-02 -5.600252e+00 +1.072228e+02 -8.887942e+03 -2.969543e+05 +1.448009e+09 -4.826791e+08 -3.019230e+10 -8.483925e+10 +4.876208e+14 -9.946771e+13 -3.410015e+20   +3.034474e-07 +1.339228e-04 -1.652253e-03 -4.079451e-02 +3.918184e+00 +8.283273e+00 -7.274901e+03 -3.646470e+05 -6.231554e+07 +2.328455e+08 +4.263690e+10 +3.215589e+12 -2.341154e+14 +1.342394e+17 +5.691023e+18   
S15-142   +9.996250e+00   +3.754898e-07 +4.555248e-05 -2.339453e+00 +5.210459e-02 -3.610030e+00 +1.183509e+02 -1.748113e+04 +7.150264e+04 +1.426384e+09 -2.069795e+09 +1.942257e+10 -8.968002e+11 -3.213996e+14 +6.557703e+16 -3.417876e+20   +3.088176e-07 +9.932325e-05 -2.924500e-03 +3.845974e-02 -2.576055e+00 +1.751061e+01 +6.882093e+03 -1.587706e+05 -9.989067e+07 -9.598714e+08 +1.063340e+11 +1.569065e+12 -4.278681e+14 +6.757106e+16 +6.841415e+18   
S15-143   +9.996750e+00   +8.665210e-07 +3.333750e-05 -2.340828e+00 -1.384049e-01 -1.362515e-01 -1.619592e+02 -5.987419e+03 -2.230224e+05 +1.426446e+09 +8.788216e+08 -1.944185e+10 -5.257040e+11 +6.215609e+14 +3.970154e+16 -3.384851e+20   +3.728995e-07 +1.119381e-04 -4.548364e-04 -3.921067e-02 +1.396178e+00 +9.797633e+00 -7.253214e+03 -9.944664e+04 -8.207338e+07 +3.813256e+08 -2.229213e+10 +5.663186e+12 -8.217429e+14 +7.602214e+16 +1.111042e+19   
S15-145   +9.996950e+00   +4.746342e-07 +4.748741e-05 -2.341074e+00 -1.588483e-02 -3.982869e+00 +6.239616e+01 -6.486862e+03 -2.434256e+05 +1.448903e+09 +1.383468e+09 -3.727340e+09 +2.168707e+13 +4.377555e+14 +4.707738e+15 -3.360280e+20   +7.024761e-08 +1.019330e-04 -5.433048e-04 -4.774826e-03 +5.522152e-01 -9.886895e+00 +2.498262e+03 -2.653973e+05 -9.201190e+07 -1.689893e+09 +7.412854e+10 +1.166521e+13 -1.347847e+15 +4.341656e+16 +3.438914e+18   
S15-146   +9.996750e+00   +8.702870e-07 +6.484699e-05 -2.341883e+00 +1.160055e-01 +4.011845e-01 +2.099081e+02 -8.454611e+02 +1.898439e+05 +1.441526e+09 -1.036018e+09 +2.978976e+10 +7.372447e+12 +5.813785e+14 +1.837769e+16 -3.334613e+20   +3.143031e-07 +9.647717e-05 +6.095791e-05 +5.026899e-02 -4.183123e-01 +2.691371e+01 +7.122567e+01 -2.567456e+05 -9.586071e+07 -1.963711e+09 +6.448956e+10 +2.838873e+11 -1.055902e+15 +1.897383e+17 +5.999831e+18   
S15-148   +9.996100e+00   +1.098929e-06 +5.181936e-05 -2.335142e+00 +1.499124e-02 +1.025478e+00 -2.595228e+01 -5.137935e+03 +7.426180e+04 +1.428483e+09 -5.661492e+08 -3.673750e+10 +7.607223e+12 +8.803032e+14 -1.373616e+16 -3.390691e+20   +2.586244e-07 +5.548855e-05 -2.343047e-03 +1.116896e-01 +8.882768e-01 -4.603550e+01 +7.435523e+02 -1.998750e+05 -1.984332e+07 -7.086052e+08 +7.722272e+09 +5.804483e+12 -4.759282e+14 +8.015055e+16 -4.253872e+18   
S15-149   +9.996050e+00   +6.540157e-07 +7.000560e-05 -2.342324e+00 -4.626220e-02 +1.425058e+00 -1.205516e+02 +1.664225e+03 -4.064487e+05 +1.344280e+09 +1.600722e+09 -1.090854e+11 +1.474641e+13 +7.520414e+14 +1.144973e+17 -3.208057e+20   +2.092449e-07 +1.360794e-04 -3.497525e-04 -1.315502e-01 -1.290379e+00 +1.390447e+01 +8.840956e+02 +3.309191e+04 -2.447122e+08 +2.018194e+09 +9.251517e+10 -4.250826e+12 -2.047666e+14 +6.790001e+16 +2.916926e+19   
S15-154   +9.995750e+00   +1.006263e-06 +3.443451e-05 -2.334215e+00 -2.460309e-02 -1.546738e+00 +6.962996e+00 -1.224584e+04 -5.397377e+04 +1.448459e+09 +1.678345e+08 -2.603957e+10 +2.980287e+12 +2.436768e+14 +3.499913e+16 -3.368499e+20   -2.970494e-07 +1.056752e-04 -1.481506e-03 -9.886424e-02 +4.552010e+00 +4.394669e+00 -2.431450e+03 +4.938210e+04 -2.096345e+07 +7.941642e+08 +4.601389e+09 +6.909096e+12 -5.261972e+14 +1.004278e+17 -5.658103e+18   
S15-155   +9.996200e+00   +6.491775e-07 +5.144930e-05 -2.343953e+00 -7.310674e-02 -1.749822e+00 +1.722457e+01 -3.675259e+03 -4.879612e+05 +1.430293e+09 -2.310646e+08 -2.526618e+08 -1.853389e+12 +5.325398e+14 +1.461768e+17 -3.371349e+20   +2.723585e-07 +8.535909e-05 -3.790807e-03 +3.367529e-02 +7.305537e-01 -4.810712e+01 +1.785060e+03 -1.302761e+05 -8.448393e+07 -9.238082e+08 +5.408071e+09 +9.981821e+12 -4.485382e+14 +7.029232e+16 +1.284464e+17   
S15-156   +9.996450e+00   +6.220695e-07 +6.012624e-05 -2.341661e+00 -4.139264e-02 -2.586470e+00 -6.494967e+00 -7.141619e+03 -1.908836e+05 +1.430745e+09 -6.274478e+08 -3.529763e+10 +3.876649e+12 +4.673898e+14 +6.505345e+16 -3.375542e+20   +2.139002e-07 +1.211066e-04 -3.719585e-03 -4.741072e-02 +6.383344e-01 +1.687127e+00 +1.086471e+03 -4.065978e+05 -7.688699e+07 +1.272834e+09 +5.281058e+10 +7.301229e+12 -8.802488e+11 +1.195464e+17 +3.085385e+18   
S15-157   +9.996200e+00   +1.118898e-06 +4.970746e-05 -2.350975e+00 -2.400251e-02 -3.104615e+00 +1.420419e+02 -1.180869e+04 -1.535146e+05 +1.288022e+09 -9.598508e+08 +5.406708e+10 +6.190161e+12 +7.006483e+14 +6.106427e+16 -3.099871e+20   -3.387271e-07 +1.105923e-04 -9.360859e-04 +3.553659e-02 -1.745388e+00 +4.602591e+00 +4.367344e+03 -3.953687e+05 -3.551866e+08 +6.385904e+08 +1.299968e+11 +3.177739e+12 +1.829557e+14 +1.258739e+17 +5.225414e+19   
S15-159   +9.996000e+00   +6.970365e-07 +7.910426e-05 -2.345860e+00 +2.273220e-02 -2.693195e+00 +4.011884e+02 -6.500646e+03 -2.563733e+05 +1.340245e+09 +5.156595e+08 +1.602990e+11 -9.216338e+12 +3.424214e+14 +1.313927e+17 -3.188859e+20   +2.285911e-07 +1.340285e-04 -9.627357e-04 -2.646614e-02 -8.111118e-01 -2.247953e+01 +4.699559e+02 -1.642656e+05 -2.322643e+08 -1.098162e+09 +7.200236e+10 +1.437774e+13 -3.039713e+14 +5.759237e+16 +3.092918e+19   
S15-162   +9.996350e+00   -8.845437e-08 -3.689560e-06 -2.347216e+00 +2.586528e-02 -1.665397e+00 +6.617667e+01 -8.957211e+03 -4.080617e+04 +1.465739e+09 +4.683669e+08 -5.400482e+10 +1.626078e+12 -1.994393e+14 -7.472947e+15 -3.414787e+20   +3.690217e-07 +1.178809e-04 -2.143187e-03 -3.432720e-03 -2.243605e+00 -5.517203e+01 +1.665456e+03 -4.014287e+05 -2.010323e+06 -1.516227e+09 +2.467619e+11 +7.021364e+12 -1.386943e+15 +1.857328e+17 -6.963884e+18   
S15-164   +9.995850e+00   +4.452242e-07 +8.209724e-05 -2.342225e+00 -3.925857e-02 -6.525002e+00 +5.790936e+01 -1.335566e+04 -3.058088e+05 +1.450290e+09 +1.059880e+08 +1.953944e+10 -7.148632e+11 +3.716258e+14 +8.436893e+16 -3.380146e+20   +7.285527e-08 +1.283559e-04 -1.273976e-03 +4.928989e-03 -2.987343e-01 +9.550472e+00 +2.557614e+03 -2.655362e+05 -1.212581e+07 -1.085177e+09 +4.329822e+10 +1.291277e+13 -8.692709e+14 +1.699862e+17 -6.591537e+18   
S15-165   +9.996400e+00   +8.382712e-08 +3.402002e-05 -2.339461e+00 +1.933467e-02 -2.366223e+00 +2.422593e+02 -1.225264e+04 -2.829119e+05 +1.442589e+09 +2.228442e+08 -7.865105e+10 +7.912405e+12 +9.769468e+13 +5.138781e+16 -3.347946e+20   +2.505020e-07 +1.019456e-04 -4.399255e-04 -1.746297e-03 -1.199437e+00 -5.345501e+01 +4.917562e+03 -1.009388e+05 -1.611276e+07 -7.895761e+08 +1.182569e+11 +9.027817e+11 -5.973328e+14 +1.909400e+17 -1.215549e+18   
S15-166   +9.996000e+00   +9.024134e-07 +7.100993e-05 -2.348724e+00 -4.270251e-02 -9.250474e-01 -6.167395e+00 -8.463714e+03 -5.636616e+05 +1.430361e+09 +4.198329e+08 -4.123176e+10 +5.393994e+12 +2.030977e+14 +7.410152e+16 -3.399427e+20   +3.607447e-07 +1.099948e-04 -3.543979e-04 +8.813777e-03 -3.319842e+00 -2.079675e+01 +5.959953e+03 +3.367779e+03 -1.343895e+07 -1.229715e+09 +1.262805e+11 +4.838717e+12 -1.063011e+15 +1.412241e+17 -4.973222e+18   
S15-167   +9.996300e+00   +8.882539e-07 +8.570571e-05 -2.339306e+00 -9.356267e-03 -4.430357e+00 -2.339707e+02 -1.202600e+04 -3.149835e+05 +1.401951e+09 +1.948373e+09 -3.700100e+10 +1.304947e+13 +2.831232e+14 -1.007945e+16 -3.241424e+20   +1.862799e-07 +1.297104e-04 -4.642785e-04 -1.879754e-02 -5.095562e-01 +6.492897e+00 +6.308477e+03 -2.383212e+05 -8.409193e+07 -2.923513e+08 +8.766352e+10 +1.795003e+13 -1.551659e+15 +1.819881e+17 +4.710801e+18   
S15-168   +9.996200e+00   +5.813586e-07 +5.194142e-05 -2.339812e+00 -2.885140e-02 -1.889490e+00 +9.898729e+01 -5.989358e+03 -6.090054e+04 +1.408569e+09 -1.604466e+09 +9.591978e+10 +1.966237e+11 -1.376789e+14 +4.426877e+16 -3.306445e+20   +2.064888e-07 +1.253728e-04 -4.484400e-04 +2.061030e-02 -9.829118e-01 -3.503607e+00 +5.486553e+03 -2.863170e+05 -7.529364e+07 -3.858009e+08 +9.915616e+10 +7.818916e+12 -7.131631e+14 +1.951510e+17 +6.426713e+18   
S15-170   +9.996600e+00   +7.752328e-07 +3.015651e-05 -2.334856e+00 -1.106537e-01 +2.512135e+00 +3.374345e+02 -6.784526e+03 -3.489647e+05 +1.448826e+09 +8.620775e+08 -1.764569e+11 -9.498109e+11 +2.112723e+14 +3.051352e+16 -3.396138e+20   +5.079665e-07 +1.208178e-04 -7.341537e-04 +8.221271e-02 -3.656103e+00 -2.873795e+01 +7.747097e+03 -7.278082e+05 -1.172197e+07 -7.316576e+08 +5.062473e+10 +8.823748e+12 -1.118505e+15 +1.687105e+17 -6.398866e+18   
S15-171   +9.996050e+00   +6.028952e-07 +3.967771e-05 -2.339043e+00 +2.172851e-02 +3.913168e+00 +3.003688e+01 -1.570235e+03 -1.775304e+05 +1.458189e+09 +2.032372e+08 -1.857074e+11 +1.216751e+12 +3.899868e+14 -1.383095e+15 -3.452055e+20   +1.976497e-07 +1.363516e-04 -6.986870e-04 -5.216551e-02 +1.762171e+00 -1.057895e+01 -9.849306e+02 -2.159419e+05 -2.352161e+07 -6.656902e+08 +1.386467e+11 +2.255535e+12 -1.046263e+15 +1.612104e+17 -2.299648e+18   
S15-172   +9.996250e+00   +4.069898e-07 +8.571024e-05 -2.336441e+00 -5.133772e-02 -3.852045e+00 +2.876517e+01 -1.621088e+03 -9.268938e+04 +1.393454e+09 -2.401512e+08 +1.080229e+11 +5.958454e+12 -1.959060e+14 +7.373015e+16 -3.333037e+20   +5.295631e-07 +1.398846e-04 -9.342727e-04 -6.031935e-02 +1.411671e+00 -1.053357e+01 -8.153593e+03 -7.794149e+04 -5.268842e+07 -8.103536e+08 +5.336420e+10 +7.269375e+12 +7.489284e+13 +1.313910e+17 +2.227640e+18   
S15-174   +9.996350e+00   +4.490202e-07 +6.374302e-05 -2.336094e+00 -3.760411e-02 -1.094921e+00 +1.542899e+02 +1.433329e+03 -2.799205e+05 +1.409896e+09 +5.548757e+08 -4.484098e+10 +6.039205e+11 +2.299795e+14 +6.978267e+16 -3.332276e+20   +2.045230e-07 +1.555221e-04 -5.635805e-04 -2.731689e-02 -1.236562e+00 +2.347672e+01 +1.491738e+03 -4.483359e+05 -7.806239e+07 -2.052384e+08 +4.606086e+10 +7.386636e+12 -4.942999e+14 +1.170361e+17 +1.085200e+19   
S15-175   +9.996450e+00   +5.311891e-07 +7.302446e-05 -2.343422e+00 +2.500690e-02 -1.554492e+00 -1.567335e+01 -1.005714e+04 -2.087746e+05 +1.447841e+09 -5.392896e+08 -4.807693e+10 +7.503459e+12 +3.638255e+13 +9.694431e+16 -3.462906e+20   +5.099925e-07 +9.980421e-05 -1.776765e-03 +1.010205e-01 -3.446460e+00 -3.192908e-01 +6.942852e+03 -3.785068e+05 -2.183329e+07 -2.231964e+09 +1.561397e+11 +8.939014e+12 -5.816860e+14 +1.317466e+17 -1.228595e+19   
S15-176   +9.996000e+00   +6.496937e-07 +6.013699e-05 -2.340232e+00 +3.536683e-02 -4.688787e-01 -2.522162e+01 -4.447047e+03 +1.289411e+05 +1.456517e+09 -8.417906e+08 -6.164744e+10 +2.154260e+12 -2.006637e+13 +2.855569e+16 -3.406691e+20   +1.176041e-07 +1.076285e-04 -1.335329e-03 +5.855900e-02 -1.127243e+00 +1.747338e+01 +3.905263e+03 -3.461068e+05 -1.698318e+07 -1.017531e+09 +5.709703e+10 +2.044397e+12 -5.529662e+14 +1.234534e+17 -7.841165e+18   
S15-177   +9.996000e+00   +1.065698e-06 +1.041564e-04 -2.350506e+00 +2.671056e-02 +2.754693e-01 -8.302009e+01 -1.221662e+04 -1.554659e+04 +1.312762e+09 -4.437729e+08 -1.184921e+11 +3.267740e+11 +1.725745e+15 +7.192886e+16 -3.172705e+20   -5.774327e-07 +1.446997e-04 -4.715491e-04 -4.445320e-02 +5.607599e+00 -6.026040e-01 -6.083548e+03 -3.816167e+05 -3.159656e+08 +1.071392e+09 -1.572774e+11 +1.803413e+12 -1.374056e+15 +1.335486e+17 +4.218933e+19   
S15-179   +9.996200e+00   +6.153987e-07 +7.846879e-05 -2.357137e+00 +1.704318e-02 -2.797945e+00 +2.365256e+00 -5.863358e+03 -4.032225e+05 +1.331776e+09 +1.384170e+09 -3.908122e+10 +3.511656e+12 +3.622178e+14 +1.035454e+17 -3.181224e+20   -2.634963e-07 +1.528104e-04 +4.925836e-04 -1.312323e-02 -1.665986e+00 -1.281334e+00 +7.439528e+02 -4.913867e+05 -3.495346e+08 -8.850502e+08 +5.510240e+09 -3.290446e+11 +2.869692e+14 +1.551940e+17 +5.444714e+19   
S15-180   +9.995800e+00   +5.989201e-07 +7.737913e-05 -2.343656e+00 +7.109176e-02 -1.570388e+00 -7.920345e+01 -2.167665e+03 +1.021078e+05 +1.462888e+09 -1.098211e+09 +3.714564e+10 +6.528087e+11 +3.809057e+14 +3.415246e+16 -3.396241e+20   -4.875252e-09 +1.261293e-04 -1.543060e-03 -5.736643e-03 +3.866291e+00 +2.498089e+01 -1.143220e+03 -2.834551e+05 -2.227194e+07 -6.236261e+08 +3.686304e+09 +5.055738e+12 -7.211509e+14 +1.378863e+17 -1.613704e+18   
S15-181   +9.996150e+00   +8.557616e-07 +8.035254e-05 -2.346518e+00 -2.232921e-02 -5.066569e-01 +7.214821e+01 -2.019777e+03 -1.499384e+05 +1.330070e+09 +4.335656e+08 +4.343666e+10 +6.982228e+11 +2.949557e+14 +7.001525e+16 -3.278234e+20   +1.845680e-07 +1.261718e-04 -3.085021e-04 +5.691963e-02 +2.954416e-01 -1.837631e+01 +1.556321e+03 -4.002763e+05 -1.955847e+08 -6.962957e+08 +1.117760e+10 +7.195564e+12 -1.129734e+14 +1.577745e+17 +2.539817e+19   
S15-183   +9.995850e+00   +6.985489e-07 +4.518441e-05 -2.343204e+00 -9.795991e-03 -2.607441e+00 -2.877206e+02 -3.674461e+03 -1.467093e+05 +1.464742e+09 -4.309952e+08 -3.981047e+10 +5.271215e+12 +3.990268e+14 +2.706824e+16 -3.402889e+20   +5.180930e-08 +1.346672e-04 -2.053694e-03 +4.667133e-02 -2.302180e+00 +5.094528e+01 +1.152955e+04 -4.210453e+05 -2.203746e+07 -1.293776e+09 +8.934315e+10 +8.689473e+11 -1.086099e+15 +1.618420e+17 +6.319838e+17   
S15-184   +9.996200e+00   +7.936968e-07 +6.393436e-05 -2.354581e+00 -4.903050e-02 -7.972157e-01 +3.080535e+02 -8.836744e+03 -4.983006e+04 +1.265407e+09 +1.534607e+09 +8.308342e+10 -1.270640e+13 +1.323889e+15 +4.960435e+16 -3.094925e+20   -4.833827e-07 +1.438138e-04 -1.195888e-04 +5.420307e-02 -1.190217e+00 -1.235831e+01 +4.279617e+03 -2.275771e+05 -3.741468e+08 +5.948455e+07 -1.809025e+10 +9.897427e+12 -1.351106e+15 +7.051637e+16 +5.419481e+19   
S15-185   +9.996200e+00   +5.546286e-07 +8.158518e-05 -2.345732e+00 -5.408261e-02 -2.434954e+00 +2.105658e+02 -6.570333e+03 +1.355639e+05 +1.298111e+09 -8.052516e+08 -7.305955e+09 -1.783743e+13 +1.002466e+15 -2.842452e+15 -2.968196e+20   +4.596391e-08 +1.452298e-04 +6.092291e-04 -6.343377e-02 +5.293382e-01 +2.460756e+01 +2.544918e+03 -4.662116e+05 -3.547317e+08 +2.649897e+09 -7.851282e+10 +4.852104e+12 -1.225732e+15 +2.006384e+17 +5.456931e+19   
S15-186   +9.996100e+00   +6.710695e-07 +3.507687e-05 -2.343104e+00 -5.553741e-02 -1.899233e+00 +1.627036e+02 -6.786225e+03 -2.824576e+05 +1.352374e+09 -8.510626e+07 -2.602863e+10 -3.632962e+12 +2.522268e+14 +4.555894e+16 -3.308012e+20   +1.341397e-07 +1.331236e-04 +5.608659e-05 -2.234523e-02 +3.566662e-01 +3.531847e+01 -2.924533e+03 -4.249101e+05 -2.641276e+08 +1.238452e+09 -3.212647e+10 +2.472473e+12 +5.349392e+14 +1.018258e+17 +3.558494e+19   
S15-187   +9.996200e+00   +2.329290e-07 +7.572404e-05 -2.346643e+00 -7.296465e-03 -6.574239e+00 +2.763575e+02 -9.394959e+03 -2.221696e+05 +1.371176e+09 +5.857545e+08 +1.035283e+11 -6.621188e+12 +1.469106e+14 +7.150890e+16 -3.229698e+20   +4.825307e-07 +1.523140e-04 -7.473407e-04 -3.383713e-02 -6.173010e+00 +6.955773e+01 +7.979542e+03 -3.328101e+05 -2.035544e+08 -6.249424e+08 +2.138956e+11 +8.562920e+12 +4.142805e+13 +1.506623e+17 +2.786935e+19   
S15-188   +9.996250e+00   +5.567956e-07 +8.644894e-05 -2.345871e+00 -6.809756e-02 -2.374554e+00 -1.491072e+01 -2.994907e+03 -4.318348e+05 +1.332972e+09 +1.730501e+09 +5.130794e+10 +1.972878e+12 -1.456100e+13 +1.158952e+17 -3.240801e+20   +4.018100e-07 +1.702288e-04 +1.081661e-04 -1.304462e-01 -2.539978e-01 +1.501050e+01 -5.413865e+02 -3.196416e+03 -2.361144e+08 +6.257809e+08 +1.143859e+11 +1.240572e+13 -1.154795e+15 +9.978524e+16 +2.764122e+19   
S15-189   +9.996950e+00   +7.042210e-07 +7.890772e-05 -2.346929e+00 +8.488430e-03 -4.294524e+00 -7.241508e+01 -1.224655e+04 -2.044493e+05 +1.445343e+09 -2.319333e+09 +7.481186e+09 +1.627213e+13 -2.476167e+14 +4.933666e+15 -3.335555e+20   +1.290178e-07 +1.222250e-04 -4.710566e-04 +1.939849e-02 +6.464045e-01 +1.176812e+01 +2.808386e+03 -6.452192e+05 -1.215444e+08 -1.587821e+09 +1.231506e+10 +5.524230e+12 -4.169995e+14 +1.707833e+17 +9.031924e+18   
S15-190   +9.996650e+00   +6.655306e-07 +9.111730e-05 -2.343648e+00 +3.149015e-02 -2.828885e+00 -5.691788e+00 -3.936886e+03 -1.716993e+05 +1.435505e+09 +3.550348e+08 -1.944580e+10 +7.207705e+12 +4.817267e+14 +7.339597e+16 -3.307409e+20   +3.860562e-07 +1.403549e-04 -6.485807e-04 +7.061038e-04 -3.707490e-01 +2.095571e+01 -3.014928e+03 -1.251809e+05 -8.964952e+07 -6.371624e+08 -9.700840e+10 +8.408321e+12 -1.129842e+15 +1.452178e+17 +3.150318e+18   
S15-191   +9.996400e+00   +7.591879e-07 +4.596429e-05 -2.345106e+00 -1.399257e-01 -3.677183e+00 +2.910596e+01 +8.049825e+03 +9.035127e+04 +1.473572e+09 +9.137148e+08 +1.758661e+11 -8.247546e+12 +3.522121e+15 +2.259597e+17 -3.424341e+20   +6.047760e-09 +1.446866e-04 -1.190080e-03 -6.853385e-02 +5.628089e+00 +1.187825e+02 -1.189915e+04 -9.092188e+05 -8.661171e+07 -4.839413e+09 +1.873426e+11 +3.757054e+13 -9.002434e+14 +4.667312e+16 +2.475237e+19   
S15-192   +9.996000e+00   +7.700954e-07 +1.344149e-04 -2.347873e+00 +3.848828e-02 -1.301226e+00 -2.582416e+02 -6.891529e+03 -2.580207e+05 +1.324616e+09 -2.221423e+08 +5.683617e+10 +6.380984e+12 +1.144069e+15 +1.222892e+17 -3.131923e+20   +8.251080e-08 +1.467352e-04 +8.752300e-04 -4.943599e-04 +3.061347e+00 +3.124764e+01 -6.796346e+03 -2.000904e+05 -2.988529e+08 +1.183064e+09 +6.105455e+10 -5.711167e+12 -4.281959e+14 +1.048395e+17 +4.763039e+19   
S15-193   +9.996500e+00   +1.010244e-06 +6.081152e-05 -2.343129e+00 +5.733037e-02 -1.926246e+00 +6.818655e+01 -1.459085e+04 +8.682647e+03 +1.428878e+09 -1.656443e+09 -7.126268e+10 -4.933811e+12 +9.314025e+14 -1.951577e+16 -3.280345e+20   +7.816870e-08 +1.382862e-04 -2.600653e-04 -2.672143e-02 +2.502613e+00 +2.919965e+01 -3.596677e+02 -1.665374e+05 -7.236420e+07 -1.842709e+09 +5.235073e+10 +1.306569e+13 -1.048111e+15 +1.725704e+17 +1.204894e+19   
S15-194   +9.995950e+00   +6.177089e-07 +3.804048e-05 -2.344215e+00 +1.067398e-02 -2.570239e+00 +4.298674e+01 -1.501578e+03 +9.032615e+04 +1.318180e+09 -1.981988e+08 +1.421165e+11 +1.249603e+13 -1.053640e+14 +6.151932e+15 -3.163807e+20   +1.589181e-07 +1.336409e-04 +3.307707e-04 -2.308077e-03 -3.319696e+00 +1.069315e+01 +8.474270e+03 -4.940607e+05 -2.372614e+08 -1.163626e+08 -3.848884e+10 -3.416180e+12 -1.974613e+14 +1.226120e+17 +3.528585e+19   
S15-195   +9.996600e+00   +8.665423e-07 -3.413901e-07 -2.344888e+00 -2.709770e-02 -3.854814e+00 -3.214950e+01 -8.376079e+03 -1.218358e+05 +1.426227e+09 -4.994918e+08 +8.144132e+10 +3.847970e+12 +2.591798e+14 +9.647837e+15 -3.308293e+20   +3.885067e-07 +1.704083e-04 -2.933247e-03 +9.741229e-03 -3.542421e+00 -1.614535e+01 +7.732604e+03 -4.253839e+05 -6.419087e+07 -2.422704e+09 +1.619379e+11 +7.427533e+12 -9.478206e+14 +1.749702e+17 +4.904424e+18   
S15-197   +9.996650e+00   +7.881670e-07 +4.534307e-05 -2.356118e+00 -2.584121e-02 -6.650307e+00 +1.567604e+02 -1.389005e+04 -2.740156e+04 +1.428643e+09 +8.229520e+08 +1.229934e+11 -6.133520e+12 +1.464541e+14 +7.058611e+16 -3.370931e+20   -4.208787e-08 +1.133759e-04 -3.788465e-03 +2.544943e-02 -2.170392e-01 -3.155049e+01 +3.924880e+03 -1.811396e+05 -6.718939e+07 -2.595263e+09 -2.260357e+09 +1.191935e+13 -4.597440e+14 +8.734811e+16 +1.656159e+18   
S15-199   +9.996750e+00   +2.601070e-07 +7.406731e-05 -2.339622e+00 +2.620291e-02 -3.829377e+00 -7.126191e+01 -1.197580e+04 -3.321778e+05 +1.445017e+09 -6.664615e+08 -5.397444e+10 +9.978321e+12 -1.433981e+14 +5.226084e+16 -3.360229e+20   +4.691865e-07 +1.220093e-04 -2.630563e-03 -5.932992e-02 -1.855830e+00 +2.329129e+01 +5.916037e+02 -1.258333e+05 -7.488845e+07 -1.114792e+09 +1.120688e+11 +6.658266e+12 -4.518411e+14 +1.075931e+17 +5.239461e+18   
S15-206   +9.995900e+00   +4.785301e-07 +1.041879e-04 -2.339087e+00 +3.469311e-02 +1.687682e+00 -1.436049e+02 +1.894469e+03 -9.782594e+03 +1.414487e+09 -5.119548e+08 -8.672452e+10 +7.058229e+12 +7.529814e+14 +1.326835e+17 -3.317013e+20   +2.777496e-07 +1.390189e-04 -3.171991e-03 -2.691738e-02 +2.587976e+00 +1.997755e+01 -4.002745e+03 -1.773627e+05 -7.966341e+07 -3.683950e+08 -5.683016e+10 +2.173437e+12 -1.016190e+15 +7.328062e+16 +2.234949e+18   
S15-207   +9.996000e+00   +5.802326e-07 +5.729594e-05 -2.337569e+00 -5.201161e-02 -6.584946e+00 -8.370141e+01 -2.204086e+04 -3.071501e+05 +1.480975e+09 +2.644782e+08 +6.854190e+09 +4.485180e+12 +8.522741e+14 +6.503960e+16 -3.417643e+20   +3.524996e-07 +1.386590e-04 -1.229180e-03 -3.123050e-02 -1.963433e+00 +3.179971e+01 +1.460845e+03 -1.958971e+05 -1.546315e+07 +3.537531e+08 +1.043792e+11 +7.792244e+12 -6.909660e+14 +1.385522e+17 -5.184817e+18   
S15-209   +9.996750e+00   +8.003257e-07 +7.093283e-05 -2.337054e+00 -3.192029e-02 -2.118415e+00 -1.861116e+02 -1.375389e+04 -3.829409e+05 +1.402659e+09 -1.906474e+08 -4.037300e+10 +1.406183e+13 +4.918649e+14 +1.231146e+17 -3.311938e+20   -9.989171e-08 +1.134485e-04 -3.117985e-03 +6.701998e-02 +2.697877e+00 +4.651036e+01 -1.908505e+03 -2.347002e+05 -8.305779e+07 -3.020691e+09 -5.738589e+10 +1.464858e+12 -9.716766e+14 +1.090373e+17 +6.099193e+18   
S15-210   +9.996550e+00   +7.558739e-07 +6.534641e-05 -2.337984e+00 -2.253718e-02 -3.002451e+00 +4.553430e+01 -1.187799e+04 -6.833203e+04 +1.462390e+09 -1.485703e+09 +4.601849e+10 +8.503342e+12 +4.079265e+13 +1.151975e+17 -3.402078e+20   +3.232032e-07 +1.185524e-04 -2.376291e-03 +6.307082e-04 -1.253798e+00 +7.216611e+01 +1.039658e+03 -2.729332e+05 -7.026050e+07 +8.960674e+08 +5.830147e+10 +3.073593e+12 -1.102618e+15 +1.604914e+17 +1.500038e+18   
S15-212   +9.996250e+00   +1.114122e-06 +4.864183e-05 -2.341313e+00 -8.434786e-02 -1.254322e-01 +7.182568e+01 -6.630835e+03 -3.490047e+05 +1.420386e+09 +1.636970e+09 +3.765803e+10 -1.381137e+11 +7.609383e+14 +6.909229e+16 -3.327741e+20   +4.501172e-07 +1.427664e-04 -2.529113e-03 -5.838222e-02 -4.961016e+00 +4.706165e-01 +6.552785e+03 -1.996047e+05 -5.808280e+07 -2.178758e+08 -2.336693e+10 +3.103248e+12 -4.203215e+14 +1.652996e+17 +2.782587e+18   
S15-213   +9.995900e+00   +3.399205e-07 +5.530893e-05 -2.347813e+00 -5.620119e-02 -5.605834e+00 -6.675663e+01 -1.589627e+04 -1.485299e+05 +1.451212e+09 +1.877594e+08 +2.784613e+10 +2.690159e+12 +5.728677e+14 +4.544033e+16 -3.360836e+20   +6.200591e-08 +1.098808e-04 -1.381533e-03 -8.462558e-03 +1.674166e+00 +1.718867e+01 +5.977949e+02 -3.474743e+05 -1.421403e+07 -5.874049e+08 +4.496965e+10 +6.594289e+12 -8.200032e+14 +1.295869e+17 -7.116481e+18   
S15-215   +9.996150e+00   +9.543053e-07 +8.087884e-05 -2.343634e+00 -7.901812e-03 -4.112825e+00 +1.337887e+01 -1.175445e+04 -2.664849e+05 +1.449741e+09 -1.467089e+09 -3.781472e+10 -1.743288e+11 +5.638041e+14 +7.580571e+16 -3.364402e+20   +1.621805e-07 +1.379584e-04 -2.220481e-03 +2.293352e-02 -2.123993e+00 -1.373402e+01 +4.583023e+03 -2.462688e+05 -7.604368e+07 -4.406523e+08 +9.589437e+10 +5.880354e+12 -6.723626e+14 +1.347445e+17 +5.768085e+18   
S15-216   +9.995650e+00   +5.675284e-07 +6.482578e-05 -2.346247e+00 -5.158946e-02 -5.030377e+00 -6.897879e+01 -1.143005e+04 -1.010339e+05 +1.453824e+09 +2.562653e+08 +3.194512e+10 -6.365185e+12 +6.191727e+14 +1.055269e+17 -3.368395e+20   +1.653987e-07 +8.570193e-05 -1.684306e-03 +9.011928e-02 -1.861173e+00 +7.651743e+00 +3.712027e+03 -5.011186e+05 +1.603266e+06 -2.182071e+09 +2.100340e+11 -5.755363e+11 -7.321386e+14 +9.706108e+16 -1.030387e+19   
S15-218   +9.996500e+00   +4.418626e-07 +6.134272e-05 -2.344629e+00 +1.605950e-02 -4.800576e+00 +1.614390e+02 -8.921739e+03 -2.537285e+05 +1.418022e+09 -2.142475e+08 +9.668040e+10 +1.028625e+13 +1.456473e+14 +6.557665e+16 -3.365402e+20   +4.446001e-08 +1.397754e-04 -2.788845e-03 -1.367897e-02 -2.154490e+00 +1.249479e+01 +8.462088e+03 -5.718927e+04 -5.808160e+07 +1.122514e+09 -1.969940e+10 +9.182730e+12 -5.274998e+14 +3.908958e+16 +1.771699e+18   
S15-219   +9.995700e+00   +6.516768e-07 +8.159323e-05 -2.344307e+00 -4.265186e-03 -3.682213e+00 +2.565623e+01 -6.963417e+03 +2.032529e+04 +1.450152e+09 +7.232189e+08 +3.441203e+10 +2.519607e+12 +2.497243e+14 +7.820796e+16 -3.361719e+20   +2.232934e-07 +1.442948e-04 -2.857723e-03 -4.090561e-02 +5.489740e-01 +2.297111e+01 +9.290273e+02 -4.303840e+04 -7.665924e+07 -4.145434e+08 +9.558027e+09 +1.603012e+12 -6.871403e+14 +1.270927e+17 +1.810431e+18   
S15-220   +9.996000e+00   +2.601839e-07 +5.648631e-05 -2.345632e+00 -1.274207e-01 -4.157517e+00 +9.890824e+01 -2.033523e+03 -3.209875e+05 +1.459792e+09 +1.636595e+09 +6.427700e+10 +1.388093e+12 -1.809363e+14 +3.968018e+16 -3.410211e+20   +3.874747e-07 +1.016132e-04 -1.595010e-03 +2.817153e-02 -1.365478e+00 -1.283997e+01 +9.534803e+02 -5.286568e+05 -2.351049e+07 -7.520560e+08 +8.714590e+10 +9.652668e+12 -5.524363e+14 +1.233947e+17 -5.279500e+18   
S15-221   +9.995900e+00   +1.005767e-07 +3.932415e-05 -2.347941e+00 +3.185179e-02 -1.053811e+01 -9.958472e+01 -1.648850e+04 -1.587627e+05 +1.439227e+09 +3.596765e+08 +2.080516e+11 +1.118839e+13 +6.667714e+13 +9.140148e+16 -3.371156e+20   +3.270281e-07 +1.272865e-04 -8.684435e-04 -9.289633e-02 +1.778272e+00 +1.700024e+01 -5.652025e+03 +2.871662e+05 -5.324680e+07 -6.969163e+08 +1.212622e+11 +1.239895e+13 -6.124241e+13 +3.131238e+16 +5.951272e+17   
S15-222   +9.997000e+00   +1.778326e-07 +7.797725e-05 -2.340375e+00 -4.260789e-02 -2.028092e+00 +9.423910e+01 -4.281258e+03 -3.997420e+05 +1.453837e+09 -5.910145e+08 -6.937468e+09 -2.221886e+12 -1.430625e+14 +7.685645e+16 -3.352968e+20   +2.253123e-07 +1.069113e-04 -3.268695e-03 +3.060229e-02 +4.045908e+00 +1.325373e+01 -6.318511e+03 -1.320907e+05 -6.771666e+07 -1.328395e+09 +8.297131e+10 +7.663626e+12 -6.957976e+14 +1.120080e+17 +3.543857e+18   
S15-223   +9.996100e+00   +8.876199e-07 +6.809613e-05 -2.341141e+00 -6.030164e-02 -1.881227e+00 +3.557159e+01 -9.004147e+03 -2.664872e+05 +1.439973e+09 +1.049635e+09 -7.121207e+10 +2.576417e+12 +3.467227e+14 +7.679557e+16 -3.351002e+20   +1.630488e-07 +1.509678e-04 -2.588503e-03 -6.417967e-02 -4.400968e-01 +1.405880e+01 +3.045317e+03 -1.686845e+05 -5.766134e+07 +1.017135e+09 +4.924964e+10 +5.339866e+12 -8.508156e+14 +1.681261e+17 +2.909376e+18   
S15-227   +9.995900e+00   +8.150281e-07 +6.934159e-05 -2.346179e+00 -1.042775e-02 -2.516186e-01 -3.776722e+01 -7.214362e+03 -2.573360e+05 +1.446022e+09 -7.553048e+08 -1.031565e+11 +6.111760e+12 +3.006931e+14 +2.661954e+16 -3.344234e+20   +4.340687e-07 +1.613184e-04 -3.054162e-03 -7.678575e-02 -9.736270e-01 +1.195241e+01 +1.161797e+02 -2.374451e+05 -7.444607e+07 +1.050335e+09 +4.397906e+10 +2.122601e+12 -3.215692e+14 +1.225347e+17 +1.306505e+18   
S15-228   +9.996150e+00   +5.458879e-07 +5.230668e-05 -2.345171e+00 -1.024693e-01 -6.347330e+00 +3.261471e+01 -1.150085e+04 -4.788411e+05 +1.471974e+09 +8.021628e+08 +8.645640e+10 +4.338883e+12 +6.456671e+14 +8.778312e+16 -3.321854e+20   +2.479703e-07 +1.110221e-04 -2.532059e-03 +1.055500e-01 -7.504306e-01 +3.220308e+01 -1.316662e+03 -5.358885e+05 -7.340813e+07 -1.286319e+09 +2.322583e+11 +3.988415e+11 -7.611083e+14 +5.776784e+16 +2.163844e+18   
S15-229   +9.996450e+00   +6.716952e-07 +4.178177e-05 -2.336687e+00 -1.129076e-01 -1.924077e+00 -4.882858e+01 -6.434703e+03 -5.436020e+05 +1.440431e+09 +1.127356e+09 +1.694142e+10 -6.280247e+11 +6.142796e+14 +5.022850e+16 -3.336126e+20   +3.977099e-07 +1.270464e-04 -1.517717e-03 -1.480046e-02 +2.455249e-01 +1.928017e+01 -2.350850e+03 -3.779958e+05 -1.017805e+08 +4.627390e+08 +8.785020e+10 +7.359301e+12 -6.977834e+14 +1.964341e+17 +7.120590e+18   
S15-230   +9.996900e+00   +2.947209e-07 +4.565437e-05 -2.340002e+00 -1.066388e-01 -7.047337e+00 -1.909688e+01 -9.037153e+03 -2.663045e+05 +1.436326e+09 +7.850671e+08 +1.341623e+11 +7.801690e+11 -4.363872e+13 +6.043879e+16 -3.359584e+20   +1.522126e-07 +1.493837e-04 -8.354188e-04 -9.493991e-02 +5.583103e+00 -1.671036e+01 -5.244241e+03 -8.850083e+04 -1.047908e+08 +2.535820e+08 -3.662413e+10 +4.161209e+12 -3.671087e+14 +1.368100e+17 +9.334188e+18   
S15-231   +9.995750e+00   +7.497892e-07 +3.207983e-06 -2.338813e+00 -1.387260e-01 -1.901726e+00 -5.532687e+00 -8.567131e+03 -3.093604e+05 +1.425906e+09 +4.172655e+07 -6.526025e+10 +1.082455e+13 +3.797793e+14 +9.103053e+16 -3.351424e+20   +2.072943e-07 +1.264064e-04 -2.531699e-03 +1.133665e-01 +7.659350e-01 +2.234388e+01 -4.048463e+03 -3.748337e+05 -1.194307e+08 -2.012264e+08 -4.212020e+10 +7.562420e+12 -7.458279e+14 +2.349539e+17 +7.888913e+18   
S15-232   +9.996850e+00   +6.853825e-07 +7.507356e-05 -2.342414e+00 +1.762204e-02 +1.060138e+00 -7.085025e+01 -1.848522e+03 +3.290773e+05 +1.394187e+09 -5.249246e+08 +2.534253e+10 +9.945950e+12 -3.660625e+14 +1.289990e+17 -3.305492e+20   -1.785224e-08 +1.439627e-04 -9.616249e-04 -7.006193e-02 +2.962255e+00 +4.363587e+00 +1.224094e+03 +5.222509e+04 -9.270904e+07 +8.625979e+08 -5.409711e+10 +9.842292e+12 -2.001944e+14 +1.624298e+17 +1.700052e+19   
S15-234   +9.996050e+00   +7.057037e-07 +7.760380e-05 -2.338560e+00 +1.436617e-02 -3.424419e+00 +2.096150e+02 -1.089740e+04 +8.747725e+03 +1.427315e+09 -4.646969e+08 -2.393378e+10 -2.992081e+12 -7.082504e+13 +3.100824e+16 -3.352214e+20   +5.371401e-07 +1.135074e-04 -3.289072e-03 +7.233719e-02 -2.454215e+00 +4.546067e+00 +4.083465e+03 -5.627366e+05 -9.858010e+07 -1.429437e+09 +2.423885e+09 +8.165782e+11 -7.009835e+14 +1.223591e+17 +7.900419e+18   
S15-236   +9.996200e+00   +9.183731e-07 +6.977188e-05 -2.342490e+00 +1.761236e-02 -1.316563e+00 +1.281488e+01 -1.141977e+04 -3.562504e+05 +1.280098e+09 +2.490470e+08 +2.033210e+10 +9.319912e+12 +4.312024e+14 +1.127060e+17 -3.122817e+20   -4.852800e-07 +1.475297e-04 -9.146682e-04 -5.204364e-02 -6.263388e-02 +2.523093e+01 -1.496198e+03 -3.092447e+05 -3.224380e+08 -4.940980e+08 +1.588625e+11 -1.053637e+12 +3.792561e+14 +4.996230e+16 +3.801365e+19   
S15-237   +9.996300e+00   +7.170057e-07 +3.624356e-05 -2.332351e+00 -1.060508e-01 +6.053488e-01 +1.380197e+02 -2.823084e+03 -4.689626e+05 +1.427234e+09 +1.624955e+09 -5.387030e+10 +2.835373e+11 +5.022932e+14 +5.495217e+16 -3.260553e+20   +3.653136e-08 +1.049095e-04 -1.330522e-03 +7.494007e-02 -6.901089e-01 -1.696529e+01 +1.014620e+04 -3.040655e+05 -9.015300e+07 -1.824652e+09 +5.450022e+09 +9.359218e+12 -5.685864e+14 +1.255418e+17 +3.781999e+18   
S15-238   +9.996500e+00   +5.518844e-07 +6.106792e-05 -2.338317e+00 -5.921633e-02 -2.831350e+00 -1.521555e+00 -5.058417e+03 -3.079044e+05 +1.443689e+09 +2.415265e+08 +2.286748e+10 +1.147647e+12 +3.013415e+14 +8.578481e+16 -3.355184e+20   +1.549557e-07 +1.410980e-04 -1.483751e-03 -1.011663e-04 -1.896166e+00 +1.803494e+01 +4.184539e+03 -3.902987e+05 -9.200654e+07 -1.144962e+09 +1.004798e+11 +5.885942e+12 -7.250488e+14 +1.524512e+17 +5.650638e+18   
S15-239   +9.996150e+00   +7.161760e-07 +9.674793e-05 -2.337280e+00 -3.141695e-02 -2.211539e+00 -2.529812e+01 -6.992917e+03 -1.939284e+05 +1.438672e+09 -4.596195e+08 -4.636120e+10 -9.557456e+11 +5.959614e+14 +6.648930e+16 -3.295747e+20   +2.937259e-07 +1.057983e-04 -1.620067e-03 +2.637199e-02 +3.114322e+00 +1.765943e+01 -3.338103e+03 -1.686105e+05 -6.442941e+07 -2.637153e+08 +1.648502e+10 +7.043201e+12 -8.387467e+14 +8.351394e+16 +2.123573e+18   
S15-240   +9.996450e+00   +6.825895e-07 +1.135051e-04 -2.348425e+00 +3.595972e-03 -1.672220e+00 -7.699429e+01 -7.732748e+03 -3.209921e+05 +1.274953e+09 -4.066273e+08 -4.406518e+10 +3.923054e+12 -2.686377e+14 +4.042729e+16 -3.059184e+20   -2.326946e-07 +1.245880e-04 -3.461513e-05 +4.095777e-03 -6.747025e-01 -4.587369e+00 -1.120587e+02 -2.257877e+05 -3.350338e+08 +9.499384e+08 +6.234717e+10 -1.015330e+12 -7.093130e+14 +8.221777e+16 +3.825722e+19   
S15-242   +9.996500e+00   +3.534127e-07 +5.172825e-05 -2.336253e+00 -5.022006e-02 -6.293115e+00 +1.905166e+02 -1.008260e+04 +2.353927e+04 +1.421383e+09 -4.986109e+07 +6.066799e+09 -1.694684e+12 +7.421495e+14 +2.478955e+16 -3.310077e+20   +2.479248e-07 +1.159129e-04 -6.182909e-04 +3.628358e-02 -9.316512e-01 +1.430084e+01 +1.552039e+03 -3.531166e+05 -7.727165e+07 -5.454112e+08 +7.122616e+10 +4.097481e+12 -9.563541e+14 +1.359840e+17 +3.512666e+18   
S15-244   +9.996650e+00   +6.800690e-07 +7.009348e-05 -2.338464e+00 -6.482690e-02 -3.220746e+00 +1.254678e+02 -9.139789e+03 -4.595484e+05 +1.421160e+09 -1.596422e+08 -1.547776e+11 -1.298474e+12 +1.349942e+15 +1.559673e+17 -3.262204e+20   +3.174231e-07 +1.286987e-04 -1.230935e-03 -1.488225e-02 +1.241608e+00 -1.645915e+01 -6.752718e+03 -3.612274e+05 -8.540637e+07 -5.539126e+07 +1.281347e+11 +1.882752e+13 -1.984548e+14 +1.417451e+17 +4.994780e+18   
S15-245   +9.996200e+00   +5.789234e-07 +5.274593e-05 -2.345643e+00 -4.988777e-02 -3.257806e+00 +5.115420e+01 -7.360956e+03 -1.179255e+05 +1.425086e+09 +6.549246e+08 -5.887102e+10 +1.152410e+13 +7.043604e+14 +3.635353e+16 -3.283314e+20   +1.341340e-07 +1.167741e-04 -1.581985e-03 +4.136125e-02 +3.259993e-01 +2.276366e+01 -1.188010e+03 -3.714390e+05 -5.846209e+07 -1.586496e+09 +5.733869e+10 +6.603744e+12 -7.300707e+14 +9.503146e+16 -5.479196e+17   
S15-246   +9.995650e+00   +1.055550e-06 +7.792997e-05 -2.342859e+00 +5.309604e-02 -2.361412e+00 +7.212031e+01 -1.349609e+04 -7.718393e+04 +1.448727e+09 +7.323414e+08 -1.597327e+11 +1.341004e+12 +1.640935e+15 +8.682452e+16 -3.431391e+20   -1.605973e-07 +1.269404e-04 -1.291498e-03 -2.904562e-02 +3.630187e+00 -1.188384e+01 +1.658966e+03 -2.560085e+05 -3.105406e+07 +5.655376e+08 -1.023482e+10 +6.581759e+11 -7.605910e+14 +1.116903e+17 -4.467360e+18   
S15-248   +9.996100e+00   +4.582020e-07 +9.150042e-05 -2.350213e+00 +4.217876e-02 -2.868410e+00 -1.076687e+02 -5.214677e+03 -2.745395e+05 +1.276174e+09 -1.412621e+08 +8.322335e+09 +9.280559e+12 +1.551803e+14 +1.207346e+17 -3.039615e+20   -5.193018e-07 +1.474252e-04 -3.591774e-04 -6.938375e-02 +4.105803e+00 -3.575647e+01 -5.870792e+03 -2.129185e+05 -3.372328e+08 +6.146019e+08 +4.902996e+10 +2.181938e+13 +4.212389e+14 +1.320284e+17 +4.629501e+19   
S15-249   +9.996300e+00   +5.302430e-07 +8.252948e-05 -2.344884e+00 +2.140923e-02 -4.310329e+00 -1.370836e+02 -1.002024e+04 -3.023349e+05 +1.459772e+09 +1.774882e+09 -1.701294e+11 -4.272226e+12 +8.032998e+13 +4.530066e+15 -3.314609e+20   +8.776358e-08 +1.423272e-04 -1.627935e-03 -1.671529e-03 -9.716752e-02 +2.887667e+00 +3.343910e+03 -2.154399e+05 -7.442076e+07 +1.100043e+09 +3.351623e+10 +3.138296e+11 -1.088152e+15 +1.236612e+17 -5.679901e+18   
S15-251   +9.996550e+00   +4.917704e-07 +3.862183e-05 -2.339878e+00 -6.988668e-02 -2.899870e-01 +1.271920e+02 -4.248774e+03 -4.076032e+05 +1.440648e+09 -1.639566e+08 -1.011877e+11 +7.827145e+12 +2.137336e+14 +5.846143e+16 -3.295074e+20   +2.919586e-07 +1.244396e-04 -2.168319e-03 +4.931317e-03 -9.279832e-01 +2.518311e+01 +2.382412e+03 -2.763804e+05 -8.786142e+07 -1.406634e+09 +7.914436e+10 +7.579176e+12 -5.573071e+14 +1.942662e+17 +6.114588e+18   
S15-253   +9.996350e+00   +5.229634e-07 +9.563505e-05 -2.338928e+00 +2.614685e-02 -3.055190e+00 +1.846749e+01 -8.554129e+03 -1.332905e+05 +1.436477e+09 -6.048914e+08 -8.317929e+09 +2.603611e+12 +5.090165e+14 +3.697184e+16 -3.388102e+20   +7.762874e-08 +9.841852e-05 -1.786014e-03 +5.158083e-02 +5.443524e+00 -2.185500e+01 -6.798283e+03 -4.011532e+05 -8.543733e+07 -1.378232e+09 +3.371560e+10 +7.045151e+12 -7.093872e+14 +1.055780e+17 +9.313431e+18   
S15-256   +9.996300e+00   +6.024738e-07 +5.531892e-05 -2.349765e+00 +1.112542e-02 -2.324215e+00 +3.613930e+01 -5.615282e+03 -2.251272e+05 +1.273853e+09 +3.829606e+08 +7.120462e+10 -8.560343e+12 +1.233281e+15 +9.136324e+16 -3.077417e+20   -3.222758e-07 +1.473233e-04 -4.133573e-04 -4.024595e-02 -2.051705e+00 +3.447035e+00 +3.944796e+03 -3.612055e+05 -3.713567e+08 +2.245484e+09 +7.111159e+10 +5.852232e+12 +4.274648e+14 +1.190844e+17 +5.187611e+19   
S15-257   +9.996450e+00   +8.670173e-07 +1.046128e-04 -2.345633e+00 +4.592878e-02 -3.693568e+00 -2.550500e+02 -1.394161e+04 +1.244340e+05 +1.445987e+09 -1.299790e+09 +1.127967e+10 +3.930773e+12 +8.943072e+14 +7.714472e+16 -3.328702e+20   +1.854313e-07 +1.167193e-04 -2.093957e-03 +2.616008e-02 +5.224906e+00 -2.426528e+01 -9.026903e+03 -4.936120e+04 -9.729563e+07 -5.403813e+08 +2.955768e+10 +6.314600e+12 -4.559144e+14 +1.533330e+17 +9.274314e+18   
S15-258   +9.996150e+00   +4.266021e-07 +5.693291e-05 -2.340011e+00 -2.797246e-02 -6.250084e+00 +1.462270e+02 -3.916868e+03 -1.832888e+05 +1.422165e+09 -1.259496e+08 +2.107683e+11 -3.072352e+12 -5.586850e+14 +8.703802e+16 -3.322459e+20   +1.623864e-07 +1.125465e-04 -1.303169e-03 +1.768718e-02 +9.188753e-01 +1.761893e-01 -2.689428e+03 -5.503032e+04 -6.067386e+07 -1.708227e+09 +7.548662e+10 +1.615074e+13 -3.923989e+14 +7.176764e+16 +4.748530e+17   
S15-261   +9.996450e+00   +5.593494e-07 +5.742865e-05 -2.341649e+00 -3.107013e-02 -3.829981e+00 +2.866826e+01 -2.699620e+03 -2.708436e+05 +1.413461e+09 +9.449308e+07 -4.062783e+10 +3.198307e+12 +9.789960e+14 +1.072030e+17 -3.295428e+20   +4.732336e-08 +1.551222e-04 -1.964688e-04 -1.690707e-02 +4.665848e+00 +1.047111e-01 -7.320588e+03 -6.980329e+05 -8.136433e+07 +7.763218e+08 +2.949516e+10 +4.435994e+12 +4.010938e+14 +1.930861e+17 +4.938579e+18   
S15-263   +9.996400e+00   +6.295022e-07 +3.737663e-05 -2.349613e+00 -9.611391e-02 -2.224097e+00 +2.721961e+02 -5.180786e+03 -5.472952e+04 +1.442078e+09 +2.261807e+07 -5.360903e+10 +3.741397e+12 -2.295094e+14 +3.978711e+16 -3.362173e+20   +3.540110e-07 +1.291869e-04 -5.602184e-05 +7.298973e-03 -6.580870e-01 -1.549669e+01 +3.395634e+03 -4.658946e+05 -8.651218e+07 +2.733786e+08 +2.125565e+11 +1.032752e+13 -4.709666e+14 +2.058767e+17 +8.856661e+18   
S15-267   +9.996950e+00   +7.447117e-07 +5.783408e-05 -2.337360e+00 -5.368839e-02 -3.364464e+00 +1.223948e+01 -7.688885e+03 -1.758527e+05 +1.424584e+09 +6.329504e+08 +2.124055e+10 +7.312634e+12 +5.248224e+14 +7.538947e+16 -3.343230e+20   -1.086635e-08 +1.442447e-04 -9.105319e-04 -1.145050e-01 +3.746127e+00 +6.310846e+00 +1.026995e+03 +1.896671e+05 -8.884500e+07 +1.156584e+08 -1.289209e+10 +5.656538e+12 -3.383338e+14 +1.398623e+17 +6.113403e+18   
S15-271   +9.996500e+00   +4.548237e-07 +6.417572e-05 -2.336942e+00 +4.476762e-04 -2.536716e+00 +4.514835e+01 -5.125704e+03 -8.438180e+04 +1.415532e+09 +2.576330e+08 -8.190939e+10 +1.693327e+13 +2.816179e+14 +1.238338e+17 -3.302289e+20   +1.643262e-07 +1.381543e-04 -3.147669e-03 -6.162739e-02 +4.371536e+00 +1.395386e+01 -5.763860e+03 -5.714185e+04 -9.383044e+07 -2.438467e+09 -2.894132e+10 +1.489544e+12 +1.496360e+14 +2.563418e+16 +1.789813e+18   
S15-272   +9.996150e+00   +6.940082e-07 +4.956663e-05 -2.341864e+00 -6.943891e-02 -5.389421e+00 +6.379085e+01 -1.486226e+04 -3.090281e+05 +1.410558e+09 +9.289877e+08 +1.737452e+08 +6.375209e+12 +6.179775e+14 +6.505906e+16 -3.335239e+20   +4.208227e-07 +1.360945e-04 -1.877290e-03 -8.328203e-02 -6.316018e+00 +4.126521e+00 +9.444323e+03 -3.203515e+05 -8.563553e+07 +5.674620e+06 +9.126658e+10 +6.164927e+12 -8.691659e+14 +1.266347e+17 +3.673096e+18   
S15-274   +9.996450e+00   +5.691125e-07 +4.358830e-05 -2.340076e+00 -1.265873e-01 -7.159909e+00 -2.097977e+02 -1.901251e+04 -5.586665e+05 +1.371628e+09 +9.833371e+08 -3.877839e+10 -1.066154e+12 +7.488433e+14 +9.270490e+16 -3.300468e+20   +3.708541e-07 +9.245040e-05 -1.402772e-03 +1.235477e-01 +1.532198e+00 +2.490331e+01 -3.012317e+03 -5.486527e+05 -7.465043e+07 -2.294391e+09 +1.710059e+11 +4.442458e+12 -3.130909e+14 +9.707327e+16 +6.559580e+18   
S15-275   +9.995000e+00   +9.630597e-07 +7.119398e-05 -2.338703e+00 -2.971737e-02 -3.133096e+00 -1.998831e+02 -1.427256e+04 -5.274709e+05 +1.360333e+09 +3.093739e+09 -4.602028e+11 +7.168330e+12 -1.635463e+15 -1.246429e+17 -3.436435e+20   +3.647200e-07 +1.066440e-04 -3.237603e-03 -5.409964e-03 -1.365751e+00 +6.649194e-01 +3.946250e+03 +3.256943e+05 -6.601184e+07 +4.816463e+08 +2.323924e+11 -1.486113e+12 -2.242378e+14 +1.889725e+17 +2.313099e+19   
S15-276   +9.996350e+00   +8.526129e-07 +3.642692e-05 -2.343455e+00 -4.205259e-02 -1.719290e+00 +1.442509e+02 -3.154323e+03 -7.563766e+04 +1.435607e+09 +5.538763e+08 -2.894745e+10 -3.058224e+12 +3.155811e+14 -1.498254e+16 -3.340873e+20   +1.554943e-07 +1.026533e-04 -2.615106e-03 -2.868621e-02 +8.630958e-01 +1.428503e+01 +3.602874e+03 -1.547572e+05 -7.269649e+07 -5.532335e+08 +4.029668e+10 +4.174563e+12 -8.048542e+14 +1.267893e+17 +9.421142e+18   
S15-277   +9.996150e+00   +7.409676e-07 +4.491078e-05 -2.347243e+00 +1.087721e-02 +5.012136e-01 -7.049800e+01 -1.794078e+03 -1.999051e+05 +1.319260e+09 -1.215106e+09 -1.019180e+11 +5.056574e+12 +1.068496e+15 +5.650212e+16 -3.296537e+20   +1.592000e-07 +1.083136e-04 -6.323295e-04 -1.646025e-02 -2.351011e+00 +3.878630e+01 +8.625240e+03 -1.939501e+05 -2.057224e+08 +5.659133e+08 +1.400347e+11 +6.541953e+12 +4.303697e+14 +9.117539e+16 +2.996253e+19   
S15-278   +9.996250e+00   +7.540287e-07 +6.772479e-05 -2.338398e+00 -3.898582e-02 -2.414139e+00 +1.194911e+02 -6.039474e+03 -2.853362e+05 +1.425161e+09 +1.627441e+08 -2.987186e+10 -2.007220e+12 +5.145382e+14 +6.490508e+16 -3.330279e+20   +3.427740e-07 +1.136647e-04 -1.318199e-03 -5.371367e-02 +1.455400e+00 -9.180435e+00 -1.540152e+03 -1.527940e+05 -6.888929e+07 -5.243008e+08 +2.515297e+10 +6.932293e+11 -3.201013e+14 +1.005319e+17 +5.871836e+18   
S15-281   +9.996650e+00   +6.545493e-07 +1.884212e-05 -2.341111e+00 -9.735560e-02 +5.702149e-01 -6.813218e+00 -2.365136e+03 -2.053267e+05 +1.414455e+09 +2.383733e+08 -1.204173e+11 +5.087773e+12 +9.540810e+13 -9.447786e+16 -3.350485e+20   -2.412076e-07 +1.164114e-04 -2.172475e-03 +4.080139e-02 +4.513575e+00 -1.280856e+01 -2.530458e+03 -2.481816e+05 -8.940661e+07 -2.553090e+09 +9.615710e+09 +2.058555e+13 -3.724103e+14 +1.943725e+17 +8.198645e+17   
