# multipoles are divided by excitation current and units are [T], [m] and [A]
# harmonics (dipole n=0): 00 01 02 03 04 05 06 07 08 09 10 11 12 13 14 
# MAG_LABEL   CURRENT[A]   <NORMAL_MULTIPOLES/CURRENT>[T/m^(n-1)/A]   <SKEW_MULTIPOLES/CURRENT>[T/m^(n-1)/A]
S15-004   +4.999410e+01   +4.616231e-07 +7.205258e-05 -2.254580e+00 -4.347417e-02 -1.711388e+00 -1.227359e+02 -9.778412e+03 +6.153436e+04 +1.241447e+09 +5.480147e+08 +3.163677e+09 +1.637731e+13 +8.309012e+14 -3.246825e+16 -2.917164e+20   -2.884954e-10 +1.407125e-04 +6.327885e-04 -2.254724e-02 -2.388390e+00 +5.025577e+01 +7.092205e+03 -5.626638e+05 -4.343271e+08 +2.577138e+09 -7.937457e+09 +3.334932e+11 -4.018886e+14 +1.684933e+17 +7.198247e+19   
S15-006   +4.999425e+01   +2.325301e-07 +8.809571e-05 -2.254281e+00 -1.714766e-02 -7.019775e+00 +2.579649e+01 -1.881153e+04 -2.065306e+05 +1.258415e+09 +4.868836e+08 -3.373616e+10 +8.202295e+12 +1.552802e+15 +1.156941e+17 -2.897329e+20   -2.871000e-08 +1.054723e-04 +1.602367e-03 -6.168205e-02 +5.339518e-01 +8.860165e+00 -1.810811e+02 -9.603510e+04 -3.949156e+08 +2.014714e+09 +6.092535e+10 -9.764471e+12 -5.119939e+13 +3.584426e+16 +6.869346e+19   
S15-008   +4.999450e+01   -4.173521e-08 +5.050080e-05 -2.253944e+00 -6.620188e-03 -7.877643e+00 +7.105722e+01 -1.740373e+04 +2.454872e+05 +1.308547e+09 -1.826294e+07 +6.189319e+10 -2.485289e+12 +9.698729e+14 +1.307221e+16 -3.181672e+20   +1.741821e-07 +1.130318e-04 +4.610017e-04 -2.882977e-02 -7.121907e+00 +1.570839e+01 +1.117040e+04 -2.640951e+05 -1.880716e+08 -2.075324e+09 +1.322395e+11 -2.154705e+12 -2.363338e+14 +1.199129e+17 +2.207373e+19   
S15-009   +4.999460e+01   +1.643665e-07 +1.008407e-04 -2.256128e+00 +2.033738e-02 -8.001542e+00 -3.763728e+01 -1.650258e+04 -7.366364e+04 +1.306471e+09 +4.423616e+08 +1.149674e+11 -4.743314e+12 +7.963206e+14 +7.388764e+16 -3.177843e+20   +7.486343e-09 +9.829802e-05 -6.887858e-04 -9.540704e-03 +2.988347e+00 +3.978058e+01 -9.084573e+03 -2.127146e+05 -1.950487e+08 +9.588404e+08 +2.095472e+11 -8.015716e+12 +3.274228e+14 +4.280000e+16 +2.743228e+19   
S15-010   +4.999415e+01   +3.436518e-07 +9.709310e-05 -2.256710e+00 -4.817290e-02 -2.269526e+00 +5.874981e+01 -5.454628e+03 -2.112913e+05 +1.371951e+09 -2.978781e+08 +4.869712e+10 +6.089704e+12 +6.443862e+14 +9.171147e+16 -3.299492e+20   -3.401002e-08 +8.088906e-05 -4.807969e-04 +1.468697e-02 +5.243035e+00 -1.020693e+01 -9.723256e+03 +9.282854e+04 -3.753691e+07 -1.408428e+09 -6.622425e+10 +1.289759e+12 +1.228051e+13 +6.186256e+16 +3.141122e+17   
S15-014   +4.999455e+01   +1.266058e-07 +8.776061e-05 -2.251249e+00 -2.995983e-02 -1.557990e+01 -9.363763e+01 -3.774917e+04 -7.188248e+05 +1.367459e+09 -1.606060e+08 +8.077904e+10 +4.927879e+12 +3.791077e+15 +2.198114e+17 -3.210356e+20   -8.774074e-09 +1.283202e-04 -7.535373e-05 -2.371805e-02 -2.404110e-01 -7.393208e+01 -2.447365e+03 -7.150907e+05 -1.886668e+08 +2.302243e+09 +1.436535e+11 +3.143791e+13 +2.634097e+14 -3.561904e+16 +1.153731e+19   
S15-016   +4.999460e+01   -8.591828e-08 +6.823267e-05 -2.255756e+00 -8.807391e-02 -6.461990e+00 -6.011163e+01 -1.143018e+04 -1.983204e+05 +1.478681e+09 +1.108573e+09 +3.153707e+10 +1.263421e+12 +5.204338e+14 +8.715403e+16 -3.298038e+20   +5.650322e-08 +1.166393e-04 -1.012319e-03 -2.332406e-02 -3.554124e-01 +2.888438e+01 +3.772575e+03 -8.022470e+04 -3.635253e+07 -7.842331e+08 +5.539168e+10 -7.350324e+10 -7.659939e+14 +1.105934e+17 -1.882386e+18   
S15-017   +4.999440e+01   +1.900103e-07 +9.974825e-05 -2.256251e+00 -6.324940e-02 -2.127200e+00 -1.264627e+02 -5.274453e+03 -2.034630e+05 +1.450251e+09 -1.324813e+08 +1.606824e+10 +5.363701e+11 +1.243870e+14 +6.904785e+16 -3.301598e+20   +4.512671e-08 +1.337227e-04 -1.982688e-03 -3.517046e-02 +1.713401e+00 +3.355324e+01 -1.341801e+03 -7.732016e+04 -4.874724e+07 -1.095863e+09 +1.103511e+10 -5.354016e+12 -7.841262e+12 +9.447620e+16 -2.098321e+18   
S15-018   +4.999430e+01   +3.700420e-07 +1.077329e-04 -2.258591e+00 -1.743354e-02 +7.953997e-01 +6.187579e+01 -2.607381e+03 -1.345941e+05 +1.335828e+09 +1.140518e+09 +3.467999e+10 +8.437844e+11 +6.861450e+14 +1.194848e+17 -3.048922e+20   -2.003396e-07 +1.453530e-04 +7.488682e-04 -6.887291e-02 +1.306217e+00 -4.330514e+00 -3.317472e+02 +4.049516e+03 -2.876600e+08 +1.172686e+07 +4.596650e+10 +5.264552e+12 -8.418988e+14 +8.632350e+16 +3.850015e+19   
S15-021   +4.999460e+01   +2.764199e-07 +1.140977e-04 -2.256426e+00 -1.591500e-02 -3.403100e+00 +3.310372e+02 -9.400013e+03 -1.798155e+05 +1.500643e+09 +3.462746e+08 -4.047617e+09 -1.618615e+12 +5.155663e+14 +1.034647e+17 -3.349558e+20   -1.991393e-07 +9.740806e-05 -6.387952e-04 +1.172453e-02 +3.606650e+00 +1.095595e+01 -3.245465e+03 -2.757714e+05 -3.794878e+07 -7.056110e+07 +2.032794e+09 -2.631638e+12 -2.817554e+14 +1.157983e+17 -2.930222e+18   
S15-026   +4.999455e+01   +1.203016e-07 +1.439212e-04 -2.251595e+00 -8.963727e-03 -2.993650e+00 -5.375346e+01 -5.956111e+03 -5.147801e+05 +1.345005e+09 -6.995364e+08 +5.383569e+10 +1.216709e+13 +5.087461e+14 +1.855905e+17 -3.080486e+20   -2.104145e-07 +1.367268e-04 -1.177186e-03 -1.383500e-02 +1.148732e+00 -2.030881e+01 -2.007383e+03 -2.648805e+05 -2.717068e+08 +7.386427e+08 +1.248244e+10 +8.453833e+12 +3.293769e+14 +3.772539e+16 +3.594936e+19   
S15-027   +4.999395e+01   +3.174464e-07 +1.149937e-04 -2.250420e+00 -1.012127e-01 +5.041810e+00 -5.630809e+01 +3.706388e+03 -5.733088e+05 +1.496016e+09 +6.344604e+08 -7.293130e+10 +3.552834e+12 +5.509929e+14 +1.643963e+17 -3.385516e+20   -1.871159e-08 +1.378206e-04 -1.956586e-03 -1.314344e-02 +4.858426e+00 +3.413457e+01 -5.066375e+03 -2.512816e+05 -8.531862e+07 +1.013915e+07 +4.616117e+10 -4.051274e+12 -2.841714e+14 +1.574911e+17 +3.955007e+18   
S15-029   +4.999410e+01   +1.768181e-07 +2.111579e-05 -2.258178e+00 -7.082054e-02 -3.456172e+00 +9.474670e+01 -8.441810e+03 -3.198721e+05 +1.481867e+09 +5.750083e+08 +4.475602e+10 -1.145470e+12 +4.760896e+14 +6.092989e+16 -3.321662e+20   -2.672021e-07 +8.408554e-05 -6.601461e-04 +9.696362e-03 +6.134566e-01 +1.441945e+01 +4.074083e+03 -1.750742e+05 -6.890433e+07 -8.718539e+08 -4.437468e+09 +2.336838e+12 -5.375622e+14 +6.290104e+16 +4.340494e+18   
S15-030   +4.999425e+01   +1.258853e-07 +8.686465e-05 -2.249911e+00 -6.281026e-02 -7.379745e+00 -5.990669e+01 -1.544958e+04 -1.743548e+05 +1.378292e+09 -2.065326e+08 -1.664915e+09 -3.501123e+12 +4.910761e+14 +1.117441e+17 -3.139587e+20   +1.568370e-07 +1.284234e-04 +1.273080e-03 -4.033818e-02 -5.428986e+00 +2.146235e+01 +1.141407e+04 -1.179640e+05 -2.627152e+08 +6.628906e+08 +3.106317e+10 -2.753415e+12 -1.157695e+14 +3.927438e+16 +4.186441e+19   
S15-031   +4.999415e+01   +6.437077e-08 +4.557849e-05 -2.259096e+00 -3.380430e-02 -1.384322e+00 -7.317052e+01 -4.737664e+03 -2.121924e+05 +1.467819e+09 -5.691650e+08 +6.064126e+10 +3.347816e+11 +3.036383e+14 +5.063926e+16 -3.361011e+20   +1.731484e-07 +7.883844e-05 -8.139766e-04 -5.843478e-03 -2.465808e+00 +2.053784e+01 +3.444707e+03 -1.747797e+05 -4.423039e+07 +9.869463e+07 +9.188607e+10 -3.714349e+12 -3.515551e+14 +8.134644e+16 -5.289817e+17   
S15-032   +4.999405e+01   +4.254376e-08 +1.342839e-05 -2.259895e+00 -1.727357e-02 -2.425027e+00 +8.120052e+01 -4.333276e+03 +2.395751e+03 +1.478096e+09 +2.044243e+08 +1.266040e+10 -4.079181e+11 +2.536132e+14 +4.109389e+16 -3.396800e+20   -1.164763e-07 +9.955495e-05 -1.606895e-03 -1.631705e-03 +2.813229e+00 +1.108221e+01 -2.786920e+03 -3.656979e+05 -6.872324e+07 +6.395251e+08 +2.783563e+10 +1.288702e+12 -3.089480e+14 +1.079649e+17 +3.391714e+18   
S15-033   +4.999415e+01   +4.622465e-07 +3.747642e-05 -2.256988e+00 -8.641779e-02 -1.720072e+00 +9.349974e+01 -9.881466e+03 -1.912003e+05 +1.483127e+09 -3.342795e+08 +2.785448e+10 +1.494867e+12 +7.033767e+14 +4.869516e+16 -3.383770e+20   -1.248294e-07 +7.540672e-05 -1.721976e-03 -1.617268e-02 +1.831695e+00 +9.545785e+00 +1.938661e+03 -1.381400e+05 -1.177128e+08 +3.661232e+08 +1.705984e+10 +2.006639e+12 -1.001350e+15 +9.562893e+16 +1.468688e+19   
S15-034   +4.999420e+01   +3.675786e-08 +9.097285e-05 -2.246033e+00 -2.967572e-02 -6.021625e+00 -3.168007e+01 -9.962806e+03 -3.901317e+04 +1.375368e+09 +2.062977e+08 -3.721352e+10 +8.343738e+12 +5.355547e+14 +5.980826e+16 -3.091663e+20   +9.022741e-08 +1.243691e-04 +1.105027e-03 -4.781793e-03 +1.755040e-01 +4.015718e+01 -2.979990e+03 -3.695161e+05 -2.143245e+08 +1.022332e+09 +2.246151e+11 -9.928924e+12 -2.143361e+14 +1.576034e+17 +2.719467e+19   
S15-035   +4.999440e+01   +2.776313e-08 +7.154243e-05 -2.245880e+00 +1.263286e-02 -4.975533e+00 +2.471005e+02 -1.047572e+04 +5.860478e+04 +1.504604e+09 -2.404727e+07 -1.087027e+10 +3.492101e+11 +3.206275e+14 +3.713396e+16 -3.281051e+20   +5.682150e-08 +9.242687e-05 -1.862917e-03 +8.117101e-02 +3.631265e+00 +4.566375e+01 -6.133803e+03 -4.504360e+05 -4.469137e+07 +2.101087e+07 -1.456039e+10 +1.298045e+12 +1.464712e+13 +9.838494e+16 -3.431470e+18   
S15-036   +4.999470e+01   +2.864716e-07 +5.734016e-05 -2.247010e+00 -3.092494e-02 -1.282966e+00 +1.541598e+02 -6.201483e+03 -1.606629e+05 +1.500161e+09 +6.591509e+08 -1.132697e+11 -5.150752e+12 +7.127349e+14 +2.393410e+16 -3.226772e+20   -2.353141e-07 +1.135307e-04 -2.534585e-03 +1.519138e-02 +2.975455e+00 +5.399004e+01 -2.303108e+02 -4.611875e+05 -5.099485e+07 -1.970084e+08 +7.647089e+10 +3.241716e+12 -2.118981e+14 +1.147377e+17 -1.015796e+19   
S15-037   +4.999440e+01   +3.381751e-07 +1.060386e-04 -2.248014e+00 -2.188947e-02 -3.866761e+00 +2.096213e+02 -1.089103e+04 -2.629843e+05 +1.489068e+09 +1.099071e+08 -6.513880e+10 +6.021766e+12 +5.143192e+14 +1.185535e+17 -3.282698e+20   +7.478420e-08 +1.265814e-04 -2.036478e-03 -9.165233e-02 -8.533468e-01 +2.336050e+01 +6.488749e+03 -2.392454e+04 -3.058841e+07 +1.031239e+09 +5.116699e+10 +4.533706e+12 -2.744923e+14 +1.113313e+17 -5.726361e+17   
S15-038   +4.999385e+01   +3.995147e-07 +6.103289e-05 -2.249825e+00 -7.898528e-02 -7.845289e+00 +1.491895e+02 -1.953937e+04 -1.975027e+05 +1.484394e+09 -8.198592e+08 +6.644787e+10 -3.293235e+11 +6.102549e+14 +5.663151e+16 -3.296123e+20   -4.870991e-08 +1.178746e-04 +3.640660e-04 -6.527243e-03 -8.785763e-01 +3.890319e+01 +3.737754e+03 -1.426499e+05 -5.757470e+07 +1.210419e+08 +5.591140e+10 -3.029049e+11 -5.738722e+14 +1.258133e+17 +2.682038e+18   
S15-040   +4.999450e+01   +1.389433e-07 +1.439662e-04 -2.254142e+00 +3.414662e-02 -1.197008e+01 +4.497111e+01 -1.975030e+04 -1.770649e+05 +1.476200e+09 -7.078381e+08 +1.276255e+11 +3.413792e+12 +9.845119e+14 +1.425492e+17 -3.287786e+20   -1.842999e-07 +7.620454e-05 -1.324045e-03 +6.484831e-02 +5.595151e+00 +1.754111e+01 -7.158185e+03 -5.213413e+05 -4.465565e+07 -4.908828e+08 -7.861185e+09 -5.537935e+12 -3.733715e+14 +1.227665e+17 -3.773095e+18   
S15-041   +4.999395e+01   -2.116042e-07 +6.896236e-05 -2.252653e+00 -2.304113e-02 -6.504017e+00 +2.446194e+02 -1.116596e+04 -1.965654e+05 +1.453658e+09 -8.184624e+07 +8.059759e+10 -1.895640e+12 +4.848257e+14 +1.180853e+17 -3.220334e+20   +1.143792e-08 +1.313069e-04 -5.630939e-04 -3.813507e-02 -2.677750e+00 +2.147146e+01 +8.930891e+03 -3.139156e+05 -8.852969e+07 -5.078330e+06 +1.525247e+10 +1.492390e+12 -5.601336e+14 +1.407637e+17 +5.980586e+18   
S15-043   +4.999445e+01   +3.519783e-07 +1.106941e-04 -2.254608e+00 -1.055433e-02 -4.507246e+00 +8.946119e+01 -1.295681e+04 -1.505138e+05 +1.478188e+09 +8.035642e+07 +1.000068e+09 +6.177820e+11 +4.056598e+14 +9.064278e+16 -3.311404e+20   +1.600990e-08 +1.104402e-04 -7.484561e-04 -1.237104e-02 -2.218540e+00 +5.991191e+01 +7.173186e+03 -6.805405e+04 -3.258348e+07 +4.157097e+08 +7.518039e+10 -2.241297e+12 -5.243466e+14 +1.191622e+17 -5.215779e+18   
S15-044   +4.999455e+01   +2.668493e-07 +7.251140e-05 -2.254184e+00 +4.719572e-03 -2.161376e+00 +5.581690e+02 -7.634714e+03 -5.038951e+04 +1.486299e+09 +9.717009e+07 +1.417233e+10 -7.041326e+12 +4.136025e+14 +4.739953e+16 -3.273411e+20   -5.975277e-08 +1.169818e-04 -9.639135e-04 -5.871126e-02 +1.324182e+00 +6.563761e+01 +1.248904e+03 -4.905879e+04 -4.392695e+07 +1.132610e+09 -1.170985e+10 +1.066243e+12 -3.390772e+14 +9.733791e+16 -4.310084e+18   
S15-045   +4.999395e+01   +1.210167e-07 +8.885361e-05 -2.250888e+00 -6.537785e-04 -9.263263e+00 -2.256019e+01 -1.914538e+04 -1.168191e+04 +1.473189e+09 -1.665953e+09 +1.624130e+11 -1.875525e+12 +1.261923e+15 +3.862413e+16 -3.253910e+20   -2.643562e-08 +1.448959e-04 -8.809270e-04 -9.829841e-02 -1.203824e+00 +3.017883e+00 +4.687821e+03 -1.765957e+05 -8.340251e+07 +1.906927e+09 +6.018526e+10 -7.809553e+11 -7.765970e+14 +8.186993e+16 +6.216454e+18   
S15-046   +4.999450e+01   +1.454001e-07 +1.156096e-04 -2.247875e+00 -1.112455e-02 -1.958442e+00 +1.593277e+02 -4.820552e+03 -3.140465e+05 +1.444045e+09 -1.068248e+09 -3.024257e+10 -2.373547e+12 +2.473638e+14 +1.255359e+17 -3.288894e+20   +1.525651e-08 +1.295727e-04 -1.308285e-03 -5.376931e-03 -3.152291e+00 +1.424784e+01 +6.855400e+03 -4.266725e+05 -7.350159e+07 +2.181280e+08 +1.987812e+10 +2.304067e+12 -5.615010e+14 +1.654930e+17 +2.706252e+18   
S15-047   +4.999450e+01   -2.073736e-09 +1.014947e-04 -2.249853e+00 -5.923660e-02 -5.652828e+00 +1.527591e+01 -1.121417e+04 -2.885641e+05 +1.445421e+09 +2.775029e+08 +7.413401e+10 -7.323450e+11 +6.740775e+14 +1.054495e+17 -3.269778e+20   -7.313088e-09 +1.223824e-04 -1.755493e-03 +1.717962e-03 +1.682874e+00 +1.104974e+01 -1.868167e+03 -3.783490e+05 -8.515243e+07 -1.894979e+08 -5.305506e+09 -4.493770e+10 -2.717527e+14 +1.829031e+17 +5.989195e+18   
S15-048   +4.999400e+01   +2.796356e-07 +1.344890e-04 -2.248986e+00 -2.568994e-02 -2.205375e+00 -1.266807e+02 -7.309181e+03 -3.258771e+05 +1.466479e+09 +2.690641e+07 -5.651150e+10 +3.662319e+12 +5.401544e+14 +1.350099e+17 -3.291095e+20   +1.880738e-07 +1.301067e-04 -4.494005e-04 -1.644951e-02 +6.951076e-01 +1.539854e+01 -2.966126e+03 -2.102066e+05 -7.073325e+07 +5.672893e+08 +4.344889e+10 -8.939187e+11 -2.525847e+14 +1.244751e+17 +8.499954e+18   
S15-050   +4.999455e+01   +8.586308e-08 +1.026379e-04 -2.254416e+00 -3.801548e-02 -5.468984e+00 +2.077326e+02 -9.454305e+03 -2.240054e+05 +1.462144e+09 -2.494970e+08 +9.532049e+10 -4.360589e+12 +6.551932e+14 +9.455959e+16 -3.287518e+20   -1.091437e-08 +1.148568e-04 -2.160423e-03 +5.283300e-03 +2.688201e-01 +1.459343e+01 +2.004212e+03 -2.466597e+05 -4.969708e+07 -5.658391e+08 +5.043650e+10 +2.000191e+12 -4.706561e+14 +1.324578e+17 -6.660380e+18   
S15-051   +4.999445e+01   +2.949799e-08 +9.539765e-05 -2.246621e+00 -4.310000e-02 -7.262224e+00 +7.905093e+01 -1.482841e+04 -3.199555e+05 +1.442390e+09 +6.508924e+08 +2.438661e+10 -2.123416e+12 +3.306009e+14 +1.198275e+17 -3.239972e+20   -2.807832e-08 +1.269328e-04 -1.587163e-03 -3.554239e-02 +6.388329e-01 +2.916260e+01 +1.647750e+03 -2.232806e+05 -7.664977e+07 +1.207954e+08 +5.426996e+10 +8.893455e+11 -6.774860e+14 +1.354624e+17 +1.102804e+18   
S15-052   +4.999420e+01   +1.105097e-07 +1.165902e-04 -2.247077e+00 -8.480658e-02 -8.975165e+00 +1.843121e+02 -1.913894e+04 -6.547642e+05 +1.354227e+09 +1.693060e+08 -5.407985e+10 +1.191703e+12 +1.298170e+15 +1.642901e+17 -3.018520e+20   +2.288521e-07 +1.400989e-04 -4.071002e-04 -6.777274e-02 +5.144341e-01 -1.731333e+00 -5.274492e+03 -1.932333e+05 -2.895416e+08 +5.244444e+08 +2.260712e+11 +7.501746e+12 +7.954017e+14 +1.028547e+17 +4.117928e+19   
S15-053   +4.999270e+01   +3.720761e-08 +9.797142e-05 -2.247120e+00 -1.571896e-02 -9.676549e+00 +2.277551e+02 -1.942759e+04 -2.548966e+05 +1.462245e+09 -7.837406e+07 +9.394652e+10 -2.439296e+11 +7.257550e+14 +1.049908e+17 -3.240979e+20   +7.952153e-08 +1.307824e-04 -6.494420e-04 -7.427952e-02 -3.469575e+00 +4.732297e+00 +8.015452e+03 +2.640862e+04 -6.182739e+07 +4.060685e+08 +1.095521e+11 -9.959874e+11 -6.519410e+14 +1.207694e+17 +2.278175e+18   
S15-054   +4.999595e+01   +3.670403e-07 +7.274553e-05 -2.246304e+00 -1.902263e-03 -4.705165e+00 -8.990300e+01 -1.380884e+04 -5.373443e+04 +1.476769e+09 +4.114173e+08 +4.707417e+10 +1.098662e+13 +3.740039e+14 +4.973779e+16 -3.270785e+20   +2.513664e-07 +1.031008e-04 -4.082119e-04 -2.826089e-02 -2.938888e+00 +2.289993e+01 +2.875433e+03 -9.748142e+04 -6.562910e+07 +1.082314e+08 +5.896084e+10 -3.436708e+12 -5.648348e+14 +1.148392e+17 +2.953115e+18   
S15-055   +4.999395e+01   +1.921693e-07 +8.474225e-05 -2.250676e+00 +1.454006e-02 -9.191352e-01 -1.065218e+02 -1.675800e+03 -1.117880e+05 +1.460970e+09 -5.370886e+08 +1.194843e+09 +3.476601e+12 +1.072441e+14 +9.217803e+16 -3.281539e+20   +2.166814e-07 +1.060703e-04 -1.609919e-03 +3.035889e-02 -2.348620e+00 +3.021656e+01 +3.739334e+03 -3.050725e+05 -4.361224e+07 -3.637770e+08 +9.262309e+10 -9.383303e+11 -1.555682e+14 +1.381432e+17 -3.359995e+17   
S15-056   +4.999470e+01   +4.597817e-07 +1.186618e-04 -2.248122e+00 +2.201407e-03 -1.015509e-01 +5.298168e+01 -6.370313e+03 -1.720838e+05 +1.450363e+09 -1.206587e+09 +1.173859e+09 -3.610377e+12 +1.924805e+13 +1.802741e+17 -3.313821e+20   -3.181925e-08 +1.337572e-04 -6.055848e-04 -1.309433e-01 -1.027906e+00 +3.408441e+01 +5.756838e+03 +1.330940e+05 -1.617775e+08 +2.302774e+09 +5.383847e+10 +2.438811e+12 -8.837661e+14 +8.775284e+16 +1.210773e+19   
S15-057   +4.999490e+01   +2.336590e-07 +6.907929e-05 -2.249787e+00 -7.489786e-02 -6.616321e+00 +1.291094e+02 -1.643390e+04 -1.693714e+05 +1.436101e+09 +4.255404e+08 +5.655079e+10 -4.290194e+12 +5.909933e+14 +5.266099e+16 -3.366973e+20   +6.074810e-09 +1.026875e-04 -1.412722e-03 +1.499329e-03 -3.450826e-01 -5.246811e+00 +3.790647e+03 -2.804874e+05 -1.559769e+08 -5.927467e+08 +3.331406e+09 -1.077976e+12 -8.300667e+14 +1.543116e+17 +1.077770e+19   
S15-058   +4.999495e+01   +1.879443e-07 +8.615686e-05 -2.248211e+00 -2.037590e-02 -4.190377e+00 +3.178331e+02 -1.046403e+04 -1.661377e+05 +1.435584e+09 -1.356123e+09 -7.707112e+09 -1.238823e+13 +7.359747e+14 +7.087044e+16 -3.220707e+20   -2.627889e-07 +9.790471e-05 -2.324421e-03 +1.032541e-03 +8.564859e+00 +2.665141e+01 -1.429257e+04 -2.050479e+05 -1.458870e+08 -5.535237e+07 -2.652066e+10 +5.042877e+12 -2.676420e+13 +9.262512e+16 +1.442794e+19   
S15-059   +4.999455e+01   +1.784426e-07 +1.116619e-04 -2.245895e+00 +3.270262e-04 -9.567387e+00 +1.405873e+02 -2.232955e+04 -7.797836e+04 +1.439493e+09 +5.984064e+07 +1.195797e+11 +1.133709e+12 +1.467869e+15 +7.670512e+16 -3.284960e+20   +3.284430e-07 +8.636455e-05 -8.454798e-04 +3.070515e-02 -1.635082e+00 +2.354281e+01 +1.823994e+03 -1.172255e+05 -1.490855e+08 -2.055258e+08 -5.045958e+10 -4.771532e+12 -1.488659e+15 +7.055169e+16 +1.368637e+19   
S15-060   +4.999550e+01   +2.620898e-07 +7.931926e-05 -2.242708e+00 -1.838223e-02 -7.819734e+00 -1.184425e+02 -2.001656e+04 -8.323901e+03 +1.469006e+09 -6.145055e+07 +6.758802e+09 +2.191295e+12 +9.991653e+14 +7.917611e+16 -3.276301e+20   -2.002866e-10 +1.203531e-04 +3.096083e-04 -6.590911e-02 -2.040624e+00 +1.621781e+01 +7.113210e+03 -7.016904e+04 -6.321949e+07 +5.202592e+08 +1.275150e+11 +5.692580e+12 -7.748549e+14 +1.152598e+17 +7.179342e+18   
S15-061   +4.999530e+01   -5.078141e-08 +9.211240e-05 -2.244603e+00 +3.430400e-03 -1.056172e+01 +8.941298e+01 -1.934262e+04 -6.131634e+03 +1.461153e+09 -7.620392e+08 +7.271113e+10 -4.467944e+10 +6.936586e+14 +8.024840e+16 -3.259290e+20   +1.845495e-07 +9.259860e-05 -6.013611e-04 +4.648217e-03 -5.239487e+00 +2.271294e+00 +9.506808e+03 -2.697646e+05 -6.619324e+07 +6.069096e+06 +5.233866e+10 -2.505806e+12 -6.386996e+14 +1.329513e+17 +3.113137e+18   
S15-062   +4.999470e+01   -1.207536e-08 +8.805217e-05 -2.246930e+00 -1.323717e-02 -8.789932e+00 -2.368679e+01 -1.619946e+04 -2.222582e+05 +1.461345e+09 +2.125793e+08 +8.613781e+10 +3.334653e+12 +6.246214e+14 +1.067612e+17 -3.232039e+20   -9.894833e-08 +1.029985e-04 -2.538191e-04 +1.658603e-02 -4.432490e+00 +2.968307e+01 +1.461882e+04 -3.649531e+05 -9.241194e+07 -1.600012e+08 +3.466431e+10 +2.428469e+11 -9.042440e+14 +9.803209e+16 +9.563704e+18   
S15-070   +4.999420e+01   +2.034628e-07 +1.333165e-04 -2.248807e+00 -3.533328e-02 -3.031680e+00 +8.750725e+01 -1.168237e+04 -1.657611e+05 +1.258156e+09 +4.737434e+09 +3.086468e+10 +5.128097e+12 +8.728603e+14 +1.213011e+17 -2.899266e+20   -1.025944e-07 +1.760299e-04 +6.872861e-04 -9.371969e-02 +3.793280e+00 +1.539259e+01 -1.547663e+03 +4.866575e+05 -2.677665e+08 +4.535600e+07 -3.032490e+11 -6.359332e+12 +3.712701e+13 +4.751955e+16 +4.159709e+19   
S15-072   +4.999495e+01   +1.229944e-08 +1.061200e-04 -2.249741e+00 -2.632710e-02 -6.091569e+00 +2.185787e+01 -1.368739e+04 -3.221407e+05 +1.429274e+09 -9.224852e+08 +8.662151e+09 +3.296599e+12 +6.719285e+14 +1.179323e+17 -3.301939e+20   -1.033765e-07 +1.070600e-04 -2.519140e-04 +3.461426e-02 +2.163004e+00 +1.229294e+01 -1.054900e+03 -3.624230e+05 -2.115174e+07 -1.396341e+09 +2.969840e+10 +5.062319e+12 +9.715717e+13 +1.571127e+17 -1.403404e+18   
S15-076   +4.999440e+01   +4.567062e-07 +1.020406e-04 -2.248474e+00 -6.393746e-02 +1.143302e+00 +1.515623e+01 +8.003220e+02 -2.956589e+05 +1.426452e+09 +9.741819e+08 -6.085694e+10 +6.738547e+11 +4.634257e+14 +1.218451e+17 -3.329979e+20   +1.524760e-08 +1.211905e-04 -7.554538e-04 -4.398977e-02 +1.505603e+00 -4.481566e+01 +9.371292e+02 -3.500114e+05 -1.899874e+07 +8.301758e+08 -8.396252e+09 +1.355132e+12 -2.111212e+14 +1.214762e+17 -6.050238e+18   
S15-078   +4.999465e+01   +3.060083e-07 +1.161072e-04 -2.251977e+00 +5.654581e-02 -1.714735e+00 +6.652414e-01 -4.742939e+03 +2.371492e+05 +1.424317e+09 -1.578626e+07 -2.537285e+10 +3.540837e+11 +7.865104e+14 +1.377279e+17 -3.314581e+20   +1.273902e-07 +1.077968e-04 +5.214166e-04 +2.291407e-02 +3.195182e-02 +7.089669e+01 +1.396342e+03 -2.790675e+05 -2.829345e+07 -1.052774e+09 +3.032086e+10 -3.674043e+12 -3.360508e+14 +1.242587e+17 -1.571175e+17   
S15-079   +4.999440e+01   +1.965827e-07 +1.288062e-04 -2.250090e+00 -5.450604e-02 -4.097513e+00 -2.486310e+01 -1.149352e+04 -4.849193e+05 +1.439938e+09 +1.542209e+08 -2.109160e+10 +9.835320e+11 +6.201795e+14 +1.529577e+17 -3.310797e+20   +6.887507e-08 +1.330292e-04 -1.017765e-03 -1.913330e-02 +3.944432e+00 +3.561713e+01 -3.567406e+03 -2.538068e+05 -3.049698e+07 -3.413890e+07 -1.099320e+10 -3.974885e+12 -2.960224e+14 +1.273341e+17 -2.192938e+18   
S15-087   +4.999470e+01   +2.033782e-07 +1.283418e-04 -2.250243e+00 -2.129956e-02 -3.736882e+00 +2.524660e+01 -1.187111e+04 -2.477113e+05 +1.252582e+09 -1.154284e+09 -4.940532e+10 +5.289191e+12 +9.456634e+14 +1.536486e+17 -3.004947e+20   +1.494238e-07 +1.091895e-04 +2.322088e-04 +1.820933e-02 -2.371907e+00 +3.812520e+01 +3.703151e+03 -8.315751e+05 -2.876179e+08 +3.553223e+08 -2.210384e+10 +3.999996e+11 +1.290389e+14 +1.576896e+17 +3.755504e+19   
S15-091   +4.999505e+01   -4.176335e-07 -1.625057e-04 -2.250421e+00 +1.307953e-01 -2.686960e+00 -3.578156e+02 -1.906537e+03 +1.434196e+06 +1.416269e+09 -4.236243e+08 +7.650063e+10 +8.777027e+12 -3.056815e+14 -1.768535e+17 -3.245471e+20   +2.756043e-07 +4.988784e-05 -4.420418e-03 +1.340523e-01 -3.681066e+00 +1.123884e+02 +3.870101e+02 -7.946673e+05 +2.574165e+06 -1.287897e+09 +8.656395e+10 +1.401224e+12 -2.248529e+13 +9.205123e+16 -4.559895e+18   
S15-092   +4.999720e+01   +2.725077e-07 +1.422116e-05 -2.252464e+00 +2.706714e-02 -7.387458e+00 +1.379388e+02 -1.609137e+04 +1.689357e+05 +1.395870e+09 -6.980627e+08 +6.223289e+10 -2.088675e+11 +6.248072e+14 -3.471504e+16 -3.255068e+20   -9.441867e-08 +7.179648e-05 -1.753474e-03 -3.136132e-02 -6.384444e-01 +3.423350e+01 +4.026085e+03 +1.179486e+04 -4.707804e+07 +1.800015e+08 +1.014697e+11 +2.890408e+12 -7.806911e+14 +1.252403e+17 -6.712642e+18   
S15-093   +4.999525e+01   +2.670370e-07 +5.044875e-05 -2.254248e+00 -3.495950e-02 -5.543111e+00 +1.337051e+01 -1.132932e+04 -7.636900e+03 +1.407303e+09 +3.551981e+08 +9.882603e+09 -1.216437e+11 +7.551901e+14 +4.606530e+16 -3.286834e+20   -6.206178e-08 +6.201787e-05 -1.923761e-03 -3.226325e-02 +1.605639e+00 +3.858553e+01 -1.351474e+03 -2.447423e+04 -3.050418e+07 +4.550676e+08 +1.091806e+10 -6.754104e+10 -2.819920e+14 +5.363316e+16 -2.601079e+18   
S15-099   +4.999510e+01   +1.942454e-07 +7.577419e-05 -2.250093e+00 -2.019688e-02 -2.942340e+00 +3.125892e+02 -6.883829e+03 -3.342370e+05 +1.303670e+09 +5.074387e+08 -5.347758e+10 -1.642557e+13 -1.089995e+14 +8.984172e+16 -3.226308e+20   +9.966115e-08 +8.667433e-05 -2.434033e-03 +2.637668e-02 +6.057812e-01 -5.482133e-01 -5.343098e+02 -3.656772e+05 -2.543709e+08 +9.476005e+08 +1.599575e+11 -2.228676e+12 -7.802771e+14 +1.015808e+17 +2.312531e+19   
S15-100   +4.999540e+01   +6.991327e-08 +6.246041e-05 -2.249981e+00 -3.001374e-02 -3.333545e+00 -8.931992e+01 -6.997310e+03 -1.273722e+05 +1.387579e+09 +5.684741e+08 +1.100693e+11 +7.276755e+12 +2.198730e+14 +2.509159e+16 -3.227371e+20   +1.275006e-07 +9.589120e-05 -2.261420e-03 -3.351914e-02 +1.213594e-01 -4.418663e+00 +3.135574e+03 -2.576399e+05 -2.088070e+08 -1.962652e+07 +7.279874e+10 +2.592491e+12 -6.800258e+14 +9.493175e+16 +1.879542e+19   
S15-101   +4.999525e+01   -7.565171e-08 +3.715367e-05 -2.251418e+00 -4.730849e-02 -5.327898e+00 +1.800658e+02 -6.274454e+03 -9.003355e+04 +1.400650e+09 -4.068286e+08 +3.100873e+10 -6.011503e+12 +7.506091e+14 +1.411740e+16 -3.303316e+20   -3.869192e-08 +9.707106e-05 -1.630731e-03 -2.821654e-02 +1.883515e+00 -4.365241e+00 -7.371180e+02 -4.289594e+05 -2.417296e+08 -1.652427e+08 -1.027449e+10 -7.675683e+11 -5.589455e+13 +1.259776e+17 +1.441226e+19   
S15-102   +4.999535e+01   +1.070979e-09 +5.056678e-05 -2.251425e+00 -5.020377e-02 -1.986540e+00 +2.030921e+01 -5.627849e+02 -1.008868e+05 +1.405112e+09 -1.450682e+09 -4.374725e+10 -8.481385e+12 +9.543142e+13 -1.752771e+15 -3.356708e+20   +1.828525e-07 +1.014622e-04 -2.491000e-03 -2.800648e-02 -1.139738e+00 -2.482153e+00 +1.139446e+03 -1.617175e+05 -2.520374e+08 +1.810341e+09 +1.581119e+11 +1.278140e+13 -9.915668e+14 +9.962933e+16 +2.402367e+19   
S15-103   +4.999500e+01   -9.766621e-10 +3.838234e-05 -2.249645e+00 -4.564668e-02 -3.109485e+00 -1.656057e+02 -4.496422e+03 +2.439546e+04 +1.469234e+09 -1.111269e+09 +6.404982e+10 +1.467341e+13 +2.126093e+14 -8.930937e+15 -3.331777e+20   +1.312499e-07 +1.225247e-04 -5.221586e-04 -9.110749e-02 -3.990305e+00 -1.325642e+01 +9.677962e+03 +9.128525e+04 -1.221231e+08 +2.258452e+08 +1.720434e+11 +2.323026e+12 -1.151767e+15 +8.539266e+16 +1.107880e+19   
S15-104   +4.999450e+01   +4.144874e-07 +5.379684e-05 -2.246933e+00 -4.523928e-02 -3.594907e+00 +7.452262e+01 -1.352003e+04 -4.261263e+05 +1.383060e+09 +2.304533e+09 -1.902696e+10 -3.313833e+12 +7.006665e+14 +1.094683e+17 -3.142728e+20   +1.135849e-07 +1.109745e-04 +4.659475e-04 -3.576125e-02 +3.225227e-01 +9.774395e+00 -7.338587e+02 -1.565949e+05 -2.144848e+08 -5.933159e+08 +6.766946e+10 +1.841318e+12 -4.942080e+14 +6.380450e+16 +2.910462e+19   
S15-105   +4.999410e+01   +4.048850e-07 +4.386406e-05 -2.249665e+00 -9.262933e-02 -3.607824e+00 +1.835403e+02 -1.257073e+04 -2.537339e+05 +1.463355e+09 +5.471710e+08 -3.094113e+09 -6.152638e+11 +5.585151e+14 +3.383819e+16 -3.267646e+20   +2.111977e-07 +7.448383e-05 -1.273598e-03 +9.394761e-03 -1.780929e+00 +3.783852e+00 +2.635947e+03 -8.031284e+04 -8.505184e+07 +1.282800e+08 +4.062023e+10 -2.809628e+12 -2.082100e+14 +7.155406e+16 +2.850762e+18   
S15-106   +4.999470e+01   -2.482353e-08 +2.623172e-05 -2.250765e+00 -6.931287e-02 -5.263790e+00 +6.158375e+01 -8.131194e+03 -1.484469e+05 +1.466519e+09 -4.297816e+07 +8.292709e+10 +1.886152e+12 +3.871738e+14 +3.178559e+16 -3.322244e+20   +4.347161e-08 +7.621802e-05 -1.493675e-03 +2.418306e-02 +2.936783e-01 +2.013823e+01 +1.627977e+03 -1.380224e+05 -9.273771e+07 -4.051871e+08 +2.397336e+10 +4.141107e+12 -7.528686e+14 +8.491984e+16 +3.971809e+18   
S15-107   +4.999495e+01   +2.475984e-07 +3.302622e-05 -2.252059e+00 -6.564167e-02 -1.917026e+00 -1.439070e+01 -7.295265e+03 -1.940586e+05 +1.386708e+09 +1.749145e+09 -7.061645e+10 -2.101442e+12 +1.017686e+15 +6.991202e+16 -3.156483e+20   +1.386641e-07 +9.143097e-05 +1.104362e-04 +2.789380e-02 -1.447349e+00 +2.932306e+01 +5.412091e+02 -2.436628e+05 -2.140616e+08 +1.076256e+09 +6.385667e+10 -3.016227e+12 +4.109661e+14 +3.673127e+16 +2.708198e+19   
S15-109   +4.999445e+01   +3.357441e-07 +1.157082e-05 -2.252018e+00 -7.666281e-02 -2.681062e+00 +1.355062e+02 -9.189546e+03 -1.197364e+05 +1.483138e+09 +5.414523e+07 +1.530697e+09 -1.355463e+12 +7.280320e+14 +2.617169e+16 -3.312800e+20   +1.727008e-07 +6.089048e-05 -2.098987e-03 +6.358680e-02 -1.006209e+00 +1.170260e+01 +1.037605e+03 -1.614286e+05 -5.912244e+07 -4.869030e+08 +6.559436e+10 -3.377663e+11 -4.011129e+14 +3.782718e+16 +1.050814e+18   
S15-110   +4.999435e+01   +1.641185e-07 +1.658944e-05 -2.252190e+00 -3.982586e-03 -3.494557e+00 +7.334165e+01 -7.812587e+03 +1.497552e+05 +1.494542e+09 -9.972199e+08 +9.006218e+09 -5.861526e+11 +4.815256e+14 -4.574713e+14 -3.333583e+20   -4.776638e-08 +9.415990e-05 -6.695833e-04 +1.996459e-02 +2.699525e+00 +2.428278e+01 -3.481227e+03 -3.694487e+05 -5.120227e+07 -3.900553e+08 +2.658422e+10 -2.281010e+12 -8.405126e+13 +8.893649e+16 +1.795176e+18   
S15-111   +4.999460e+01   +4.910834e-08 +2.260204e-05 -2.249537e+00 -5.258670e-02 -7.426776e+00 -6.940918e+00 -1.397117e+04 -1.560704e+04 +1.487571e+09 -9.590634e+07 +1.056321e+11 +3.886230e+11 +2.743590e+14 +2.636343e+16 -3.295788e+20   +1.394238e-07 +9.964796e-05 -1.550028e-03 -1.384743e-02 -1.740636e+00 +6.746293e+01 +2.646398e+03 -7.449873e+04 -3.371832e+07 +1.572617e+08 +1.162711e+11 +1.209262e+12 -2.429076e+14 +9.237460e+16 -4.533004e+18   
S15-113   +4.999470e+01   +3.505460e-07 +8.474090e-05 -2.252445e+00 -6.668831e-03 -2.559483e+00 -3.502221e+01 -7.860401e+03 -1.920834e+05 +1.486177e+09 +4.836743e+08 -5.699088e+10 +1.802437e+12 +4.083105e+14 +7.078932e+16 -3.301764e+20   -8.644666e-08 +8.783413e-05 -2.105957e-04 +4.408545e-02 +4.813794e+00 +9.423039e+00 -6.905244e+03 -2.346433e+05 -9.036316e+07 -1.205708e+09 -2.662094e+10 -1.371111e+12 -1.651294e+14 +1.159457e+17 +5.044691e+18   
S15-116   +4.999460e+01   -9.006959e-08 +2.458241e-05 -2.252295e+00 -3.256434e-02 -5.081133e+00 +3.162754e+02 -1.188660e+04 -4.864409e+05 +1.374501e+09 +1.494460e+09 +7.610838e+10 -6.739678e+12 +1.110327e+15 +1.085079e+17 -3.156273e+20   +2.108044e-07 +1.302768e-04 +1.052764e-03 -3.401603e-02 -4.962304e+00 +4.057628e+01 +3.421330e+03 -1.857669e+05 -3.914955e+08 +2.157723e+08 +6.021976e+10 +4.388952e+12 +6.151634e+14 +4.025987e+16 +6.153241e+19   
S15-117   +4.999465e+01   +2.644651e-07 +3.933297e-05 -2.253485e+00 -3.948356e-02 -6.933548e-01 +2.828909e+02 +1.466319e+03 -1.244696e+05 +1.490357e+09 +2.933500e+08 +6.446348e+10 -6.553363e+12 -7.432485e+13 +5.056193e+16 -3.336083e+20   -3.887310e-07 +1.127457e-04 -5.307186e-04 -3.845245e-02 +3.139552e+00 -9.852050e+00 +8.917624e+02 -1.542143e+05 -1.233048e+07 -3.251256e+08 -6.264932e+10 +2.347449e+12 -7.161150e+14 +8.356250e+16 -5.792370e+18   
S15-118   +4.999485e+01   +4.873990e-08 +6.240449e-05 -2.255958e+00 -2.649067e-02 -6.446644e+00 +7.198723e+01 -1.083158e+04 -4.848985e+04 +1.516746e+09 -4.379133e+08 +4.547938e+10 +1.499523e+12 +5.371699e+14 +6.024024e+16 -3.347691e+20   +1.019028e-07 +1.301489e-04 +9.077259e-05 -3.880874e-02 +2.022382e+00 +2.898567e+01 -2.349182e+03 -3.213155e+05 -2.191214e+07 +8.056800e+08 +4.079422e+10 -2.185809e+11 -5.532712e+14 +1.088810e+17 -1.041654e+18   
S15-119   +4.999450e+01   +8.991717e-08 +8.537393e-05 -2.252660e+00 +1.621042e-02 -6.409353e+00 -1.200472e+02 -1.374063e+04 -4.449749e+04 +1.492459e+09 -6.823961e+08 +4.154263e+10 +6.618652e+12 +5.308520e+14 +1.031407e+17 -3.339575e+20   +4.302457e-08 +9.166748e-05 -1.152171e-03 +4.547702e-02 +2.440504e+00 -1.712769e+01 -4.971495e+03 -3.860145e+05 -1.102655e+08 -1.766309e+08 +5.060651e+10 +4.005735e+12 +1.183710e+14 +9.669354e+16 +9.240432e+18   
S15-120   +4.999435e+01   -1.515550e-07 +7.175571e-05 -2.252166e+00 +4.070744e-02 -8.426608e+00 +1.105554e+02 -1.024795e+04 +4.295483e+04 +1.476910e+09 -5.789014e+08 +1.685410e+11 -2.211456e+12 +3.979024e+13 +4.437719e+16 -3.309384e+20   +2.272765e-08 +9.809354e-05 -1.531592e-03 +9.810825e-03 +2.213300e+00 +1.337663e+01 -3.529365e+03 -2.703938e+05 -3.948590e+07 -6.436745e+08 -2.166763e+09 -1.935578e+12 -3.648080e+14 +9.735578e+16 -2.123744e+18   
S15-121   +4.999500e+01   +3.170717e-07 +3.427055e-05 -2.252575e+00 +9.763176e-03 -7.060320e-01 +9.914523e+01 -3.503104e+03 +7.689631e+04 +1.478946e+09 -2.237306e+08 -2.145545e+10 +3.376898e+11 +1.997673e+13 +3.298492e+16 -3.275588e+20   -2.604692e-07 +7.988511e-05 +9.699046e-05 +5.052571e-02 -1.046914e+00 +5.931263e+00 +8.825683e+03 -1.764210e+05 -7.759832e+07 -7.832419e+08 +6.456806e+09 +2.385547e+12 -7.912737e+14 +8.176004e+16 +7.460400e+18   
S15-122   +4.999485e+01   +1.082819e-07 +1.405802e-05 -2.254954e+00 -2.448720e-02 -4.811034e+00 +1.297136e+02 -1.078167e+04 +1.919125e+05 +1.512847e+09 -7.274249e+07 +3.821988e+10 -4.656178e+11 +4.670441e+14 +1.874322e+16 -3.360810e+20   +1.146197e-07 +9.584603e-05 -1.588355e-04 +5.111707e-02 +8.731971e-01 +3.266916e+01 -1.863399e+03 -4.857700e+05 -1.259819e+07 -6.602020e+08 +8.461668e+09 +1.070104e+12 -2.924925e+14 +1.209167e+17 -3.590174e+18   
S15-123   +4.999450e+01   +2.682981e-07 +7.888560e-05 -2.253474e+00 +1.109719e-01 -4.701005e+00 +1.245188e+01 -1.226675e+04 +1.111122e+05 +1.481645e+09 -1.326989e+09 +1.548276e+10 +9.121665e+11 +9.612721e+14 +5.715597e+16 -3.272888e+20   -9.023345e-08 +1.218798e-04 -1.700476e-04 -8.375627e-02 +1.687161e+00 +1.046139e+01 -1.313194e+02 -1.290142e+05 -7.717589e+07 +4.137159e+08 +2.143766e+10 +3.841685e+12 -3.933465e+14 +9.875722e+16 +4.231199e+18   
S15-124   +4.999415e+01   +6.085850e-08 +2.679181e-05 -2.253866e+00 -9.843052e-02 -2.972164e+00 +8.496516e+00 -4.350969e+03 -3.356415e+05 +1.499174e+09 +6.631148e+08 -6.360000e+08 +2.574599e+12 +1.907435e+14 +4.750822e+16 -3.313664e+20   -1.883015e-07 +1.088730e-04 -9.265788e-06 -4.540411e-02 +2.111133e+00 +2.693155e+01 +2.196993e+03 -1.876147e+05 -8.037288e+07 +2.569441e+08 -5.464351e+10 -3.004850e+11 -5.553694e+14 +1.179403e+17 +1.987682e+18   
S15-126   +4.999470e+01   +1.275022e-08 +3.619658e-05 -2.253939e+00 -6.352119e-03 -7.808416e+00 -1.413659e+01 -1.371902e+04 -1.016879e+04 +1.447477e+09 +1.975843e+08 +1.509612e+11 +1.587786e+12 +3.560889e+14 +8.650907e+15 -3.215287e+20   +1.434790e-07 +1.388106e-04 -1.664362e-04 -1.093215e-01 -2.510674e+00 -8.668373e+00 +4.912981e+03 +1.229264e+05 -1.079157e+08 +1.888835e+08 -2.444627e+10 +9.974177e+12 -2.555701e+14 +8.085485e+16 +3.349803e+18   
S15-127   +4.999430e+01   +1.761439e-07 +3.954327e-05 -2.252405e+00 +1.981499e-02 -4.945790e+00 +1.640729e+01 -9.623837e+03 +1.184293e+05 +1.474395e+09 -4.214428e+08 -6.375059e+07 +1.284717e+12 +3.170453e+14 +1.934173e+16 -3.244580e+20   -2.396427e-08 +1.169224e-04 -3.075343e-04 -5.652364e-02 -2.784807e+00 +1.890731e+01 +7.970613e+03 -2.271283e+05 -8.209928e+07 +1.711728e+07 +5.827084e+10 +2.269105e+12 -3.484291e+14 +1.347815e+17 +6.532001e+18   
S15-128   +4.999435e+01   +1.995225e-07 +3.937649e-05 -2.253513e+00 -2.592855e-02 -2.669634e+00 +2.087554e+02 -7.333697e+03 -3.752544e+05 +1.512290e+09 -2.009663e+09 -8.727892e+09 +1.922832e+12 -5.990707e+14 +1.626924e+17 -3.328878e+20   -3.488008e-08 +1.049768e-04 -3.444891e-04 -1.755104e-02 +9.016457e-01 +3.499895e+01 -7.964868e+02 -2.699345e+04 -7.546577e+07 -1.342238e+09 +1.210917e+11 -8.130035e+12 +2.283672e+14 +9.749036e+16 -2.541311e+18   
S15-130   +4.999445e+01   -2.274168e-08 +5.958693e-05 -2.252370e+00 -1.123052e-02 -5.139887e+00 -4.167651e+01 -8.365963e+03 -2.299425e+05 +1.508108e+09 -2.961843e+08 +3.894872e+10 +4.381028e+11 +5.137230e+14 +6.222877e+16 -3.333202e+20   +2.443889e-09 +8.866768e-05 -2.118053e-03 +2.289968e-02 -5.486065e-01 +3.911938e+01 +2.025521e+03 -3.162471e+05 -5.496540e+07 -5.897697e+08 +6.117983e+10 -2.118029e+12 -4.882336e+14 +9.884315e+16 +2.649400e+18   
S15-131   +4.999445e+01   +3.604148e-07 +6.506298e-05 -2.252188e+00 -6.077963e-03 -7.644321e-01 -6.728883e+01 -5.476528e+03 -3.181077e+04 +1.493043e+09 -6.977238e+08 -2.504236e+10 +4.942921e+12 +5.019235e+14 +5.433111e+16 -3.332252e+20   +7.059668e-08 +7.559435e-05 -9.254185e-04 +3.633185e-02 +1.888574e+00 +1.173164e+01 -3.426794e+03 -2.667944e+05 -5.139292e+07 -3.092507e+08 +9.439412e+09 +4.571531e+11 -2.219182e+14 +9.185794e+16 +1.152789e+18   
S15-132   +4.999445e+01   +3.234257e-08 +6.730751e-05 -2.250402e+00 -1.904524e-02 -7.366302e+00 -2.139153e+02 -1.496607e+04 -1.149624e+05 +1.482547e+09 +2.355135e+08 +3.372926e+10 +7.462742e+12 +6.575848e+14 +6.318829e+16 -3.242832e+20   +4.391960e-08 +1.065470e-04 -1.387881e-03 -2.175898e-02 +1.719876e-03 +4.460139e+01 +1.473335e+03 -2.082049e+05 -8.576180e+07 -9.561865e+07 +5.070321e+10 -9.872514e+11 -4.894221e+14 +9.727372e+16 +5.039677e+18   
S15-133   +4.999455e+01   -5.668304e-08 +5.083248e-05 -2.248237e+00 -5.699093e-02 -5.417629e+00 -3.897015e+01 -8.410241e+03 -2.413851e+05 +1.492043e+09 +5.456499e+08 +4.225679e+10 +2.794577e+12 +3.919333e+14 +6.753472e+16 -3.288918e+20   +2.674063e-07 +1.085397e-04 -7.733125e-04 -1.173439e-02 -6.935538e-01 +2.288549e+00 -6.468037e+01 -1.573626e+05 -7.859903e+07 -2.666837e+07 +6.023953e+10 +1.247287e+12 -3.406229e+14 +8.542309e+16 +2.314552e+18   
S15-134   +4.999405e+01   +2.433468e-07 +4.327147e-05 -2.251862e+00 -8.141197e-02 -2.653226e+00 +7.235523e+00 -6.515741e+03 -2.589838e+05 +1.407353e+09 +5.816466e+08 +2.793892e+10 +8.671090e+11 +8.946437e+12 +4.265296e+16 -3.220451e+20   +2.290977e-07 +1.023882e-04 -2.471194e-03 -1.863567e-02 -3.692187e+00 -1.225676e+01 +8.226367e+03 +4.855606e+04 -1.537855e+08 -2.131848e+09 +1.797876e+10 +8.782457e+12 -5.425348e+14 +6.930425e+16 +1.302076e+19   
S15-136   +4.999480e+01   +1.095755e-07 +4.300663e-05 -2.254863e+00 -1.619813e-03 -1.137272e+00 +4.162545e+01 -2.324170e+03 -4.003108e+04 +1.495460e+09 +8.921114e+08 +2.133298e+10 +3.648023e+12 +3.671130e+14 +4.930151e+16 -3.366732e+20   +7.269436e-08 +1.081088e-04 -1.397691e-03 -3.555826e-03 +1.584931e-02 +8.847260e+00 +2.038192e+03 -2.476350e+05 -7.508829e+07 +8.418416e+08 -7.428127e+09 -1.125031e+11 -2.782993e+14 +6.937884e+16 +1.016804e+19   
S15-137   +4.999430e+01   +2.330462e-07 +4.264026e-05 -2.254511e+00 -7.994207e-03 -3.678527e+00 +1.684682e+02 -7.911478e+03 -6.571229e+04 +1.438877e+09 +2.279496e+09 -1.473223e+09 -3.906523e+12 +3.262602e+14 +5.162138e+16 -3.216791e+20   +8.396095e-08 +9.527986e-05 -1.525956e-03 -2.195254e-02 -2.302154e+00 +3.395793e+01 +5.950332e+03 +2.008765e+05 -7.857822e+07 -6.903161e+08 +1.223628e+11 -5.972023e+12 -7.232340e+14 +1.975462e+16 +3.721886e+18   
S15-138   +4.999390e+01   +1.003907e-07 +5.417491e-05 -2.252913e+00 +8.214630e-04 -2.588812e+00 +6.134658e+01 -8.133692e+03 +5.268415e+04 +1.485141e+09 -6.295080e+07 +8.096720e+09 -1.821363e+12 +8.420833e+14 +2.027807e+16 -3.340750e+20   -8.607254e-09 +8.950624e-05 -1.733574e-03 -2.531239e-03 +3.945129e+00 +2.116970e+01 -5.485249e+03 -1.985784e+05 -4.892919e+07 -2.457058e+08 -2.535223e+10 +8.301503e+11 -2.440434e+14 +8.126877e+16 -7.175613e+17   
S15-139   +4.999445e+01   +2.482106e-07 +5.321637e-05 -2.255036e+00 -9.350536e-03 -6.649246e+00 +7.084820e+01 -1.451130e+04 -1.530762e+05 +1.482650e+09 +4.106088e+07 +4.542190e+10 +2.546927e+12 +6.511321e+14 +4.570763e+16 -3.281712e+20   +3.020585e-07 +8.683986e-05 -7.760833e-04 +2.967807e-02 -6.716011e+00 +5.769448e+00 +1.065899e+04 -1.128571e+05 -1.034516e+08 -5.085763e+08 +1.531814e+11 +1.906639e+12 -6.437479e+14 +8.846430e+16 +9.218619e+18   
S15-140   +4.999455e+01   -8.211977e-08 +4.111198e-05 -2.251319e+00 -5.341744e-02 -7.471684e+00 +7.845445e+01 -1.340233e+04 -4.602512e+05 +1.408071e+09 -4.625316e+08 +1.301402e+11 +7.612958e+11 +1.058058e+14 +7.088085e+16 -3.203193e+20   -8.340587e-08 +1.215597e-04 -2.768114e-03 -5.061828e-02 +1.973217e+00 +2.092104e+01 +1.103463e+03 +4.896008e+04 -1.789890e+08 -1.289520e+09 +3.157290e+10 +6.414739e+12 -3.191430e+14 +5.004379e+16 +2.286875e+19   
S15-141   +4.999435e+01   +5.898279e-08 +3.388525e-05 -2.251964e+00 -3.600549e-02 -4.077923e+00 +7.846409e+01 -8.255557e+03 -1.150922e+05 +1.490694e+09 -4.160128e+08 -3.386111e+10 -1.054061e+12 +7.093080e+14 +2.844085e+16 -3.323090e+20   +1.702056e-07 +1.298831e-04 -1.451816e-03 -4.434207e-02 +3.069777e+00 +1.370982e+01 -6.263360e+03 -3.309176e+05 -6.657538e+07 +3.692475e+08 +4.885972e+10 +1.151495e+12 -2.221311e+14 +1.180227e+17 +4.025193e+18   
S15-142   +4.999465e+01   +1.879717e-07 +6.181635e-05 -2.251223e+00 +6.388164e-02 -5.200852e+00 +8.576212e+01 -1.383067e+04 +1.741786e+05 +1.436978e+09 -1.055581e+09 +7.104036e+09 -9.995317e+11 +1.894402e+12 +6.406131e+16 -3.252638e+20   -2.144487e-08 +8.722981e-05 -2.241954e-03 +6.508770e-02 -2.015158e+00 +1.448245e+01 +6.195479e+03 -4.338880e+05 -1.685363e+08 +1.806231e+08 +1.519275e+11 +3.769019e+12 -8.816719e+14 +1.267801e+17 +2.329075e+19   
S15-143   +4.999530e+01   +1.604305e-07 +4.176479e-05 -2.252622e+00 -9.440891e-02 -4.077901e+00 -1.709941e+02 -9.256126e+03 -1.291729e+05 +1.470179e+09 -1.155653e+08 +1.022582e+10 +3.324368e+12 +4.426878e+14 +7.664434e+16 -3.256234e+20   +9.381168e-08 +8.855028e-05 -3.568747e-04 +2.995364e-02 +3.941428e+00 -6.592036e+00 -7.793033e+03 -2.613778e+05 -8.515112e+07 -3.247191e+08 -2.369981e+10 +2.323460e+12 -1.547319e+14 +1.121965e+17 +8.185781e+18   
S15-145   +4.999550e+01   +8.824670e-10 +4.170031e-05 -2.253149e+00 -3.344547e-02 -3.953154e+00 +2.840726e+01 -7.285670e+03 -1.797139e+05 +1.474935e+09 +3.885416e+08 -2.633029e+10 +5.396662e+12 -1.839774e+13 +6.296829e+16 -3.263944e+20   -1.318776e-07 +9.791091e-05 -3.901993e-04 -1.775398e-02 +8.106426e-01 +1.138328e+01 +2.131962e+03 -2.185271e+05 -7.264364e+07 -5.197320e+08 +2.378414e+10 +8.085948e+10 -5.090822e+14 +1.279989e+17 +8.960682e+18   
S15-146   +4.999470e+01   +2.147432e-07 +2.016902e-05 -2.253601e+00 -6.848910e-02 -2.891779e+00 +2.371943e+02 -5.885120e+03 -1.490308e+05 +1.478290e+09 +3.132738e+07 +3.238095e+10 +2.892481e+12 +5.295927e+13 +1.580801e+16 -3.286848e+20   -1.565674e-08 +1.157117e-04 +1.360406e-04 -5.164585e-02 +1.944132e+00 +1.813326e+01 -1.915686e+03 -8.031403e+04 -8.106367e+07 -1.085998e+08 +2.180389e+10 -3.329135e+12 +1.275916e+13 +9.138465e+16 +6.632335e+18   
S15-148   +4.999400e+01   +2.339515e-07 +5.312656e-05 -2.252030e+00 +2.074141e-02 -5.759907e+00 -7.382554e+00 -1.333441e+04 +9.053514e+04 +1.492382e+09 -7.336548e+08 +1.501116e+10 +7.731662e+12 +3.474539e+14 +2.266616e+16 -3.360025e+20   -1.571844e-08 +8.942783e-05 -1.984882e-03 -4.011643e-02 +1.463225e+00 +2.917316e-01 -2.290371e+03 -8.056089e+04 -6.406137e+07 +3.316560e+08 +4.079848e+10 -1.135011e+12 -1.066537e+14 +1.034095e+17 +2.009297e+17   
S15-149   +4.999455e+01   -3.392636e-08 +6.084483e-05 -2.253480e+00 -6.964849e-02 -2.020580e+00 -1.044779e+02 -1.544766e+03 -4.373003e+05 +1.358817e+09 +1.963659e+09 -5.096666e+10 +1.047687e+13 +7.406375e+14 +1.004693e+17 -3.099928e+20   -4.113248e-09 +1.138705e-04 -2.840020e-04 -4.633385e-02 +2.681490e-01 +9.059694e+00 +9.573542e+02 -8.269657e+03 -2.235774e+08 +8.305769e+08 +3.728376e+09 -4.774962e+12 +9.384891e+13 +7.556478e+16 +2.689549e+19   
S15-154   +4.999420e+01   +3.758922e-07 +3.706536e-05 -2.250465e+00 -7.499972e-03 -4.867957e+00 +2.247317e+01 -1.535073e+04 +1.131818e+05 +1.477784e+09 -6.039397e+08 +1.001484e+10 +1.855968e+11 +7.734269e+14 -2.561083e+16 -3.286655e+20   -2.697347e-07 +6.234063e-05 -1.204316e-03 +5.750171e-02 +2.575593e+00 +6.869713e+00 +3.385855e+01 -2.023457e+05 -7.216005e+07 +2.149103e+08 -8.161679e+09 +2.642675e+12 -4.523555e+14 +9.720024e+16 +1.615553e+18   
S15-155   +4.999490e+01   +1.851976e-07 +6.291878e-05 -2.253198e+00 -4.059792e-02 -2.171782e+00 +3.199134e+01 -5.102048e+03 -3.667616e+05 +1.448429e+09 +1.893649e+08 -4.016032e+10 -4.014978e+12 +4.646220e+14 +1.051776e+17 -3.317912e+20   +9.552622e-08 +8.552364e-05 -3.054948e-03 +1.028397e-02 -3.014904e-01 -1.074524e+01 +3.174506e+03 -2.033915e+05 -1.806984e+08 -5.624418e+08 +8.353768e+10 +2.184837e+12 -8.912219e+14 +1.266129e+17 +1.926480e+19   
S15-156   +4.999465e+01   +1.471340e-07 +7.130717e-05 -2.249501e+00 +8.449830e-03 -2.924965e+00 +2.994360e+00 -7.592368e+03 -3.081202e+04 +1.443493e+09 -1.335952e+09 -2.853169e+10 -1.312662e+11 +5.537441e+14 +6.698213e+16 -3.359613e+20   -5.050496e-08 +1.327356e-04 -2.807668e-03 -1.173663e-01 +1.221920e+00 -3.382748e+00 +2.786914e+02 -1.531592e+05 -2.105039e+08 +1.761593e+09 -7.878211e+09 +5.212432e+12 -4.081421e+14 +1.510413e+17 +2.212779e+19   
S15-157   +4.999435e+01   +5.856360e-07 +5.627526e-05 -2.251468e+00 +3.392369e-03 -2.710350e+00 +1.522304e+02 -1.298573e+04 -1.053055e+05 +1.345152e+09 -5.132878e+08 -6.327651e+10 -1.532643e+12 +8.636932e+14 +3.743765e+16 -2.995468e+20   -2.346771e-07 +1.220636e-04 -7.917741e-04 -4.172163e-02 -2.371430e-02 +1.613954e+01 +1.544925e+03 -2.363529e+05 -3.400262e+08 +7.684690e+08 +2.624541e+10 +3.967414e+11 +4.493550e+13 +1.008292e+17 +4.891401e+19   
S15-159   +4.999405e+01   +1.638872e-07 +7.080755e-05 -2.250894e+00 +6.256799e-03 -3.978541e+00 +3.630728e+02 -7.973067e+03 -2.379441e+05 +1.380034e+09 +7.206820e+08 +2.250486e+11 -7.015901e+12 +8.006909e+14 +1.048970e+17 -3.056954e+20   +8.935179e-08 +1.255899e-04 -8.414307e-04 -2.909682e-03 -6.204120e-01 -2.677959e+01 +2.093503e+03 -2.403224e+05 -2.234406e+08 -1.697828e+09 +3.294638e+10 +3.688483e+12 -2.885731e+14 +5.406919e+16 +2.912815e+19   
S15-162   +4.999470e+01   -1.150258e-07 +3.102775e-06 -2.251845e+00 -3.490996e-02 -2.324700e+00 +2.664478e+01 -4.499015e+03 +5.299876e+04 +1.508931e+09 +1.924901e+08 +4.592485e+09 +2.241146e+12 +1.673915e+14 +8.321054e+15 -3.333955e+20   +2.231729e-08 +1.035939e-04 -1.960477e-03 +4.868236e-02 -1.286482e+00 -1.124353e+01 +2.304166e+03 -4.452708e+05 -1.402323e+07 -1.004277e+09 +1.136515e+11 +3.919159e+12 -4.740366e+14 +1.323773e+17 -6.520113e+18   
S15-164   +4.999450e+01   -3.532517e-08 +8.335817e-05 -2.253168e+00 -2.949018e-02 -7.462059e+00 +5.394897e+01 -1.396039e+04 -2.029263e+05 +1.506660e+09 -1.269115e+08 +9.182432e+09 +3.789599e+11 +5.154203e+14 +8.746372e+16 -3.311494e+20   -2.125346e-07 +1.198553e-04 -1.128140e-03 +1.035118e-02 +4.806005e-01 +4.076122e+01 +2.815264e+03 -3.631984e+05 -1.432598e+07 -4.003876e+08 +3.301787e+10 +1.123214e+12 -5.050294e+14 +1.366147e+17 -6.198278e+18   
S15-165   +4.999465e+01   -4.801696e-08 +4.756813e-05 -2.256407e+00 -1.050570e-02 -4.016362e+00 +1.888188e+02 -9.268682e+03 -1.330119e+05 +1.497479e+09 +7.316597e+07 -1.786218e+10 +2.494357e+12 +4.963117e+14 +4.120247e+16 -3.331712e+20   +1.111576e-08 +1.003686e-04 -5.181272e-04 -2.381469e-04 -1.063516e+00 +1.563576e+01 +5.173166e+03 -2.012565e+05 -2.215447e+07 -1.052366e+07 +2.904511e+10 -5.236218e+10 -6.706552e+14 +1.093312e+17 -3.327340e+18   
S15-166   +4.999420e+01   +2.186132e-07 +7.977579e-05 -2.258024e+00 -9.855501e-03 -9.564327e-01 -1.884065e+01 -4.428468e+03 -2.824330e+05 +1.493159e+09 +6.401411e+06 -9.111951e+09 +2.344920e+12 +2.534660e+14 +5.990989e+16 -3.309062e+20   +1.813521e-07 +9.846482e-05 -2.715359e-04 +2.690896e-02 -2.595693e+00 +9.676306e+00 +5.305719e+03 -1.723606e+05 -1.554318e+07 -6.775594e+08 +7.224412e+10 +8.215263e+11 -6.532084e+14 +1.188897e+17 -4.258782e+18   
S15-167   +4.999500e+01   +4.235144e-07 +7.686215e-05 -2.256880e+00 -3.312341e-02 -5.076210e+00 -2.385991e+02 -1.378271e+04 -1.550581e+05 +1.450154e+09 +1.716536e+09 -4.103484e+10 +8.358768e+12 +4.204166e+14 +8.768755e+15 -3.175402e+20   +6.738972e-08 +1.230983e-04 -3.781010e-04 -1.471115e-02 -1.051797e-01 -8.157882e+00 +3.564186e+03 -3.342616e+05 -6.962202e+07 -8.836104e+08 -2.235522e+10 +1.028429e+13 -1.399067e+15 +1.373740e+17 +6.263706e+18   
S15-168   +4.999455e+01   +1.634399e-07 +5.010830e-05 -2.256494e+00 -4.017268e-02 -2.037182e+00 +8.163232e+01 -5.361540e+03 -1.903498e+04 +1.463421e+09 -2.328378e+08 +4.381062e+10 +7.293283e+11 +1.459587e+14 +3.241615e+16 -3.247208e+20   +7.843789e-08 +1.188922e-04 -2.941907e-04 +1.334116e-02 -1.068748e+00 +1.509470e+01 +5.581500e+03 -3.239573e+05 -6.958524e+07 -1.503759e+08 +6.905303e+10 +2.820179e+11 -7.545294e+14 +1.622604e+17 +5.787351e+18   
S15-170   +4.999510e+01   +5.634016e-07 +2.948791e-05 -2.254267e+00 -1.554268e-01 +2.317803e+00 +3.328276e+02 -5.337301e+03 -4.137075e+05 +1.502952e+09 +1.099484e+09 -9.847531e+10 -4.786183e+12 +3.719304e+14 +5.252523e+16 -3.336211e+20   +2.615052e-07 +1.182714e-04 -5.426758e-04 +6.894198e-02 -4.436807e+00 +1.286759e+01 +7.563903e+03 -5.576092e+05 -1.591815e+07 -4.876832e+08 +9.902176e+10 -5.257695e+11 -5.861574e+14 +1.390175e+17 -3.843741e+18   
S15-171   +4.999465e+01   +1.479449e-07 +4.539700e-05 -2.256749e+00 +7.978302e-03 +1.173884e+00 -9.111143e+00 -1.720367e+03 -3.698850e+04 +1.497938e+09 -3.192352e+08 -5.487043e+10 +8.596608e+11 +4.321482e+13 +2.013849e+16 -3.350799e+20   +1.371227e-07 +1.306336e-04 -6.438293e-04 -5.113543e-02 -3.535356e-01 +1.581322e+01 +1.017032e+03 -2.102855e+05 -2.245602e+07 -1.190227e+08 +8.425051e+10 -1.385088e+12 -3.638407e+14 +1.211994e+17 -2.975316e+18   
S15-172   +4.999450e+01   +5.654250e-08 +8.479211e-05 -2.256060e+00 -4.767522e-02 -3.704163e+00 +1.040151e+01 -2.330872e+02 -1.110762e+05 +1.442478e+09 -2.396108e+08 +1.247828e+11 +2.112852e+12 -2.622815e+14 +7.198368e+16 -3.244515e+20   +3.433874e-07 +1.304849e-04 -7.694052e-04 -3.836972e-02 +1.433033e+00 -1.787134e+01 -7.199712e+03 -9.673512e+04 -5.776971e+07 -8.854224e+08 +3.305080e+10 +3.030017e+12 -7.436190e+13 +1.242809e+17 +2.600064e+18   
S15-174   +4.999455e+01   -2.533920e-08 +6.348012e-05 -2.255916e+00 -3.198533e-02 -1.642588e+00 +1.452612e+02 -6.045825e+02 -2.166320e+05 +1.462582e+09 +2.336393e+08 -1.880558e+10 -6.470213e+11 +1.270793e+14 +3.784218e+16 -3.254245e+20   +5.952483e-08 +1.496890e-04 -3.652466e-04 -3.445534e-02 -1.713270e+00 +2.187206e+01 +3.483832e+03 -2.938560e+05 -9.378192e+07 +1.356042e+08 +9.074297e+10 +2.930393e+12 -1.531431e+14 +1.330825e+17 +1.056854e+19   
S15-175   +4.999440e+01   +8.019088e-08 +6.480774e-05 -2.254086e+00 -3.203819e-02 -5.108220e+00 -4.730226e+01 -1.233093e+04 -1.078894e+05 +1.502931e+09 +9.796099e+08 -4.460066e+10 +6.688139e+12 +3.530947e+14 +7.425784e+16 -3.357104e+20   +1.888425e-07 +1.384179e-04 -1.532370e-03 -8.826369e-02 -1.846445e+00 +3.577585e+01 +4.252686e+03 -1.572277e+05 -1.559560e+07 +2.006579e+08 +6.966078e+10 +3.094579e+12 -6.247040e+14 +1.561638e+17 -8.748074e+18   
S15-176   +4.999420e+01   +1.182817e-07 +3.911382e-05 -2.252803e+00 -4.179863e-02 -1.424289e+00 -4.368819e+01 -4.741168e+03 -5.948850e+04 +1.501231e+09 -4.697735e+08 -6.600040e+10 -5.601010e+11 +5.945472e+14 +1.568398e+16 -3.338413e+20   -3.617770e-07 +1.276180e-04 -1.094062e-03 -4.248697e-02 +3.357996e+00 +1.842984e+01 +1.081408e+03 -2.771427e+05 -4.240206e+07 +1.365938e+08 -4.175904e+10 -5.887865e+12 -6.281679e+14 +1.059282e+17 -3.908667e+17   
S15-177   +4.999465e+01   +1.359940e-07 +9.354073e-05 -2.253861e+00 -5.064408e-03 -6.231297e+00 -8.332876e+01 -1.690097e+04 -1.435515e+05 +1.374546e+09 -3.049146e+08 -4.715029e+10 +1.995670e+12 +1.458650e+15 +6.151490e+16 -3.059407e+20   -2.814259e-07 +1.204435e-04 -2.389302e-04 +3.330204e-02 +5.129995e+00 +1.502429e+01 -6.178855e+03 -6.130604e+05 -3.099934e+08 +4.097492e+08 -1.577463e+11 -4.249095e+12 -9.355685e+14 +1.579706e+17 +3.959254e+19   
S15-179   +4.999455e+01   -3.604107e-08 +7.667080e-05 -2.253588e+00 +1.760115e-02 -4.501965e+00 -2.030041e+01 -8.972732e+03 -1.822251e+05 +1.365944e+09 +1.650173e+09 -6.867831e+09 +1.016639e+13 +7.420443e+14 +7.560902e+16 -3.065120e+20   -6.925189e-10 +1.520313e-04 +5.260353e-04 -3.110169e-02 -1.825249e+00 +1.041571e+01 +7.958569e+02 -5.122940e+05 -3.255187e+08 -5.613574e+08 +1.719521e+10 -8.479486e+12 +3.501246e+14 +1.403145e+17 +5.008314e+19   
S15-180   +4.999405e+01   +2.440694e-07 +5.176132e-05 -2.252784e+00 -2.801491e-02 +7.380080e-01 -5.456437e+01 -1.451630e+03 -5.949392e+04 +1.496909e+09 +5.346408e+08 +7.289915e+09 +5.565364e+12 +9.352425e+12 +4.146995e+16 -3.333641e+20   +1.572113e-07 +1.337310e-04 -1.236011e-03 -6.050730e-02 -1.810103e+00 +2.497203e+01 +2.788712e+03 -9.223212e+04 -7.100575e+07 +3.929852e+08 +9.338751e+10 -2.241487e+12 -6.952445e+14 +9.207654e+16 +4.583019e+18   
S15-181   +4.999420e+01   +2.567598e-07 +9.118692e-05 -2.253069e+00 +3.534804e-02 -2.168368e+00 +8.227944e+01 -1.447419e+03 -1.094702e+05 +1.383195e+09 +4.044517e+08 +9.434196e+10 +1.692111e+12 +3.003934e+14 +6.840904e+16 -3.181829e+20   -2.683289e-08 +1.542383e-04 -1.762606e-04 -8.605040e-02 +1.185018e-01 -1.073334e+01 +5.217655e+02 -2.807996e+05 -1.863758e+08 +1.141764e+09 -4.877998e+10 +4.079249e+12 -4.220880e+12 +1.658805e+17 +2.514730e+19   
S15-183   +4.999420e+01   +2.537254e-07 +2.566162e-05 -2.250775e+00 -8.406561e-02 -1.460413e+00 -2.691502e+02 -4.145573e+03 -1.786038e+05 +1.499468e+09 -3.276110e+08 -9.238614e+10 +9.346180e+12 +4.170922e+14 +2.229437e+16 -3.359796e+20   -7.761012e-08 +1.602174e-04 -1.751641e-03 -9.393114e-02 -3.936741e+00 +3.045759e+01 +1.151656e+04 -2.421229e+05 -5.272782e+07 +1.195174e+09 +4.899356e+10 -8.298711e+11 -7.677875e+14 +1.412937e+17 +9.570334e+17   
S15-184   +4.999415e+01   +4.111187e-08 +6.813801e-05 -2.254582e+00 -1.273962e-02 -5.334092e+00 +2.888978e+02 -1.171582e+04 -5.940357e+04 +1.337778e+09 +1.570679e+09 +1.200386e+11 -1.455975e+13 +1.087899e+15 +4.309224e+16 -2.996029e+20   +7.839059e-10 +1.661501e-04 -1.002324e-04 -6.975094e-02 -3.831246e+00 -4.449431e+00 +5.796316e+03 -3.053419e+05 -3.561709e+08 +2.858388e+09 +3.467916e+09 +4.525599e+12 -3.288387e+14 +1.129229e+17 +4.905226e+19   
S15-185   +4.999485e+01   +3.923846e-08 +9.370759e-05 -2.251754e+00 -1.334992e-03 -3.398492e+00 +1.990462e+02 -7.789448e+03 -1.397782e+04 +1.339730e+09 -7.425933e+08 +5.198917e+10 -1.692204e+13 +1.030417e+15 +1.374721e+16 -2.901689e+20   -1.751758e-08 +1.368591e-04 +6.065549e-04 -4.313666e-02 -5.810981e-01 +1.451388e+01 +4.784991e+03 -3.360516e+05 -3.408173e+08 +1.370766e+09 -1.336858e+11 +4.468276e+12 -9.450827e+14 +1.421499e+17 +5.060125e+19   
S15-186   +4.999420e+01   +1.262336e-07 +5.054164e-05 -2.250915e+00 -1.537283e-03 -2.407097e+00 +1.362732e+02 -7.219605e+03 -7.777746e+04 +1.387527e+09 -2.422209e+08 -7.625049e+10 -3.931748e+12 +3.857639e+14 +5.358770e+16 -3.168816e+20   +1.888044e-07 +1.274540e-04 +1.123470e-04 -2.027621e-02 -2.270063e+00 +2.510869e+01 -4.990411e+00 -3.584970e+05 -2.510157e+08 +7.805059e+08 +3.911628e+10 -2.248261e+12 +4.796356e+14 +1.171402e+17 +3.458065e+19   
S15-187   +4.999435e+01   -1.753527e-07 +8.448623e-05 -2.252413e+00 +4.846404e-02 -6.001092e+00 +2.616292e+02 -9.938531e+03 -8.000336e+04 +1.405863e+09 +7.015807e+07 +8.855335e+10 -6.043493e+12 +3.064770e+14 +1.032797e+17 -3.140503e+20   +3.343106e-07 +1.496318e-04 -6.957290e-04 -5.691501e-02 -5.811725e+00 +1.107993e+01 +7.586337e+03 -4.005343e+05 -1.823664e+08 +6.702643e+08 +1.861717e+11 +1.891057e+12 -2.379233e+14 +1.571939e+17 +2.512156e+19   
S15-188   +4.999430e+01   +2.518845e-07 +8.494034e-05 -2.253377e+00 -5.578518e-02 -1.401505e-01 -2.121626e+01 -1.990717e+03 -3.033118e+05 +1.366231e+09 +7.373255e+08 +1.468194e+10 -2.212908e+12 +2.778277e+14 +7.074673e+16 -3.099453e+20   -2.405764e-08 +1.523296e-04 +1.327619e-04 -1.025702e-01 +2.649680e+00 -1.081820e+01 -2.615550e+03 -1.289412e+05 -2.258790e+08 +7.106800e+08 +3.652006e+10 +9.961804e+12 -9.819257e+14 +1.056516e+17 +2.331124e+19   
S15-189   +4.999535e+01   +3.821421e-07 +6.907878e-05 -2.251891e+00 -2.879776e-02 -2.942694e+00 -6.223115e+01 -8.848295e+03 -1.967289e+05 +1.470766e+09 -9.127537e+08 -9.648907e+08 +2.847771e+12 +3.997248e+14 +6.774390e+16 -3.325611e+20   +1.043713e-07 +1.348520e-04 -2.878756e-04 -4.641738e-02 -7.112577e-01 +7.778797e+00 +2.551543e+03 -5.247408e+05 -1.006511e+08 +5.014134e+08 +7.928925e+10 +5.824132e+12 -6.636235e+14 +1.827555e+17 +2.560202e+18   
S15-190   +4.999480e+01   +1.151614e-07 +7.349102e-05 -2.250786e+00 -2.622611e-02 -3.477942e+00 +1.111340e+01 -6.585459e+03 -2.542946e+05 +1.440964e+09 +1.718162e+09 +2.707644e+10 +1.634009e+12 -5.085885e+13 +2.821087e+16 -3.245085e+20   +2.272244e-07 +1.211890e-04 -4.064807e-04 +5.118706e-02 -1.178315e-01 +2.810136e+01 -3.427870e+03 -2.330074e+05 -9.572440e+07 -1.686689e+08 +7.866266e+10 +6.124095e+12 -2.600696e+14 +1.591254e+17 -1.027469e+18   
S15-191   +4.999805e+01   +4.590317e-08 +4.756474e-05 -2.250262e+00 -1.277518e-01 -6.968274e+00 +1.284349e+02 -7.914453e+03 -4.267474e+05 +1.452466e+09 +1.387801e+09 +2.144726e+11 -1.743348e+12 -3.756823e+13 +1.588714e+17 -3.216679e+20   -4.181699e-07 +1.323735e-04 -8.926868e-04 -4.452276e-02 +7.656179e+00 +3.423043e+01 -8.058372e+03 -4.202014e+05 -7.317967e+07 -1.268946e+09 -1.815727e+11 +1.145460e+13 -2.328413e+14 +9.879293e+16 -8.981592e+16   
S15-192   +4.999445e+01   +2.423895e-07 +1.380038e-04 -2.249042e+00 +7.087169e-02 -2.555954e+00 -2.290622e+02 -6.529261e+03 -1.992232e+05 +1.385436e+09 -4.642867e+08 +2.613368e+10 +1.016655e+13 +6.221049e+14 +1.368755e+17 -3.073687e+20   -4.533609e-08 +1.442552e-04 +8.908441e-04 -1.566113e-02 +2.389317e+00 +1.797445e+01 -4.969236e+03 -3.227960e+05 -2.887861e+08 +6.882506e+08 -4.684584e+09 -5.158393e+12 -7.802712e+13 +1.030356e+17 +4.486950e+19   
S15-193   +4.999545e+01   +4.366259e-07 +3.855621e-05 -2.252501e+00 -3.290411e-02 -4.076437e+00 +3.911810e+01 -1.467773e+04 -1.310923e+05 +1.451034e+09 -1.609755e+08 +1.777184e+10 +1.800083e+12 +6.002128e+14 +3.444323e+16 -3.214573e+20   +1.396460e-07 +1.378141e-04 -1.224243e-04 -5.151911e-02 -1.377323e+00 +1.808057e+01 +4.665171e+03 -3.130723e+04 -1.152081e+08 -9.878891e+08 +9.508081e+09 -1.098899e+12 -6.746018e+14 +8.031023e+16 +8.402129e+18   
S15-194   +4.999410e+01   +1.598022e-07 +3.288822e-05 -2.250450e+00 -2.631955e-03 -2.959303e+00 +4.779196e+01 -3.398091e+03 +8.643708e+04 +1.370452e+09 -4.966096e+08 +1.353966e+11 +8.344369e+12 -8.964570e+13 +1.911720e+16 -3.083882e+20   -5.905787e-08 +1.265025e-04 +3.956851e-04 +2.346167e-03 -2.553755e+00 -6.281775e+00 +8.293819e+03 -5.103482e+05 -2.366543e+08 +2.857513e+08 -6.806551e+10 -8.458482e+11 -3.487790e+14 +1.404244e+17 +3.281899e+19   
S15-195   +4.999510e+01   +3.223360e-07 -7.146300e-06 -2.251847e+00 -6.728393e-02 -4.674366e+00 +1.049327e+01 -1.337204e+04 -1.704975e+05 +1.444275e+09 +1.289252e+08 +9.290642e+10 +5.300305e+11 +5.418807e+14 +2.824371e+16 -3.357663e+20   -4.948271e-09 +1.632548e-04 -2.174579e-03 +1.919533e-03 -1.931561e+00 +1.797368e+01 +7.601085e+03 -6.222252e+05 -1.777289e+08 -7.908635e+08 +5.725667e+10 -2.582177e+11 -1.214960e+15 +1.933540e+17 +1.301152e+19   
S15-197   +4.999495e+01   +1.888939e-07 +3.429746e-05 -2.252744e+00 -5.390150e-02 -7.812989e+00 +1.540470e+02 -1.329568e+04 -1.635020e+05 +1.441485e+09 -3.424020e+08 +4.060844e+10 -1.033289e+12 +6.178738e+14 +3.831447e+16 -3.351358e+20   -2.009527e-07 +1.030304e-04 -2.732012e-03 +2.660705e-02 +2.445371e-01 +1.705113e-01 +2.620011e+03 -4.308743e+05 -1.793765e+08 -1.240499e+09 +7.265004e+09 +7.389862e+12 -9.147604e+14 +1.352848e+17 +9.220133e+18   
S15-199   +4.999520e+01   -7.864133e-08 +6.771944e-05 -2.250160e+00 -4.451353e-02 -6.006795e+00 -8.865911e+01 -1.245057e+04 -2.248286e+05 +1.437991e+09 +7.714601e+08 -4.547669e+10 -2.426331e+12 +1.292796e+14 +1.008476e+17 -3.388171e+20   +2.327749e-07 +1.115137e-04 -1.834780e-03 -2.559622e-02 -1.378005e+00 +1.061890e+01 +2.463849e+03 -2.005607e+05 -2.113425e+08 +7.439402e+08 +6.407929e+10 -3.669156e+12 +4.658451e+13 +1.042992e+17 +1.956362e+19   
S15-206   +4.999415e+01   -2.441634e-07 +8.519177e-05 -2.251023e+00 -4.347593e-02 -2.491666e+00 -1.338740e+02 -1.748890e+03 -2.127221e+05 +1.418613e+09 -6.228449e+08 +1.582108e+10 +1.079741e+11 +7.465387e+14 +1.052449e+17 -3.257765e+20   +1.838761e-07 +1.185556e-04 -2.487127e-03 +2.491219e-02 +5.213324e-01 +1.809045e+01 -1.987197e+03 -1.158007e+05 -1.621279e+08 +3.290965e+08 +3.390125e+10 -2.552651e+12 -3.416304e+14 +9.496089e+16 +2.318881e+19   
S15-207   +4.999445e+01   +3.443308e-07 +7.377825e-05 -2.252160e+00 -2.964765e-03 -2.945239e+00 -7.745222e+01 -1.188318e+04 -2.261603e+04 +1.515334e+09 -2.993002e+08 -1.007537e+10 +1.543851e+12 +5.417523e+14 +5.219177e+16 -3.320161e+20   +4.125720e-07 +1.222209e-04 -1.118815e-03 +1.166335e-02 -4.536590e+00 +3.455592e+01 +4.327472e+03 -3.384954e+05 -2.106460e+07 +4.358720e+05 +9.763404e+10 +2.729617e+12 -5.983580e+14 +1.371449e+17 -4.269832e+18   
S15-209   +4.999535e+01   +1.428844e-07 +5.895216e-05 -2.252916e+00 -7.645143e-02 -5.283815e+00 -2.216758e+02 -1.216103e+04 -4.323174e+05 +1.405905e+09 +1.207008e+09 +1.130994e+11 +2.020930e+13 +8.721379e+14 +7.222742e+16 -3.292282e+20   +9.191767e-08 +1.235071e-04 -2.033977e-03 -3.181440e-03 -1.411349e+00 +2.701037e+01 +4.878372e+03 -5.281915e+04 -2.544567e+08 -2.079041e+09 +8.280258e+10 -3.530124e+12 -3.508750e+14 +1.133867e+17 +1.887193e+19   
S15-210   +4.999490e+01   +3.610348e-07 +8.356686e-05 -2.253284e+00 +1.174596e-02 -2.309564e+00 +5.072215e+00 -1.064363e+04 -1.005576e+05 +1.456565e+09 -1.398639e+09 -2.830175e+10 +1.471927e+12 +4.286407e+14 +1.057192e+17 -3.391740e+20   +1.050948e-07 +1.078192e-04 -1.701996e-03 +3.266091e-02 -2.502903e-01 +1.765920e+01 +1.711123e+03 -3.617417e+05 -2.022780e+08 +9.075598e+08 +3.144113e+10 -2.976816e+12 -1.228994e+15 +1.280811e+17 +1.555096e+19   
S15-212   +4.999430e+01   +4.787558e-07 +4.469990e-05 -2.252527e+00 -7.522034e-02 -3.303191e+00 +6.127239e+01 -8.774684e+03 -3.444269e+05 +1.431087e+09 +8.463533e+08 +1.087171e+11 -3.915752e+12 +5.637377e+14 +1.367951e+17 -3.245270e+20   +6.205751e-08 +1.308580e-04 -2.129575e-03 -4.273797e-02 -1.217450e+00 +1.054956e+01 +2.257805e+03 -1.659367e+05 -1.028207e+08 -5.755118e+08 -5.245702e+10 +2.049216e+12 +3.040569e+14 +1.370073e+17 +1.132182e+19   
S15-213   +4.999425e+01   +4.543615e-08 +6.806469e-05 -2.250841e+00 -5.548438e-03 -4.388535e+00 -1.069894e+02 -1.349830e+04 -9.944216e+04 +1.482517e+09 -3.846620e+08 -1.973803e+10 +3.422006e+12 +5.752083e+14 +3.545726e+16 -3.320438e+20   +2.640696e-08 +1.072999e-04 -1.157578e-03 -1.783742e-02 +2.896523e-01 +1.107432e+01 +1.285281e+03 -2.229108e+05 -3.189833e+07 -2.362192e+08 +5.213948e+10 +1.045703e+12 -4.337791e+14 +1.151569e+17 -5.146568e+17   
S15-215   +4.999450e+01   +2.896199e-07 +6.428499e-05 -2.248235e+00 -6.278527e-02 -7.016702e+00 -2.970143e+00 -1.643164e+04 -3.189067e+05 +1.454024e+09 -9.161888e+07 +7.456506e+10 -6.908130e+10 +8.933155e+14 +4.768421e+16 -3.253514e+20   +1.428059e-07 +1.429971e-04 -1.674627e-03 -2.623203e-02 -4.437544e+00 -1.141793e+01 +8.166890e+03 -2.128522e+05 -1.292028e+08 -4.616152e+08 +9.007015e+10 -1.217062e+12 -2.671542e+14 +9.114563e+16 +1.297467e+19   
S15-216   +4.999390e+01   +9.287353e-08 +6.232348e-05 -2.248792e+00 -4.771716e-02 -4.525164e+00 -3.650697e+01 -1.167534e+04 -1.897093e+05 +1.489529e+09 -1.359200e+08 +3.430439e+10 -1.422801e+12 +6.392070e+14 +5.262144e+16 -3.270331e+20   +5.960647e-08 +9.681983e-05 -1.438492e-03 +4.277870e-02 -1.923191e+00 +1.860906e+01 +5.207439e+03 -3.196996e+05 -2.674790e+07 -7.267825e+08 +8.178998e+10 -3.702924e+12 -5.949878e+14 +1.064005e+17 +1.548407e+18   
S15-218   +4.999500e+01   +3.432903e-07 +5.959868e-05 -2.251669e+00 -7.334497e-03 +1.512037e+00 +1.417649e+02 -2.870907e+03 -3.981930e+05 +1.443316e+09 +1.058500e+08 -6.718564e+10 +8.444802e+12 +1.867650e+14 +5.013307e+16 -3.315082e+20   -4.365373e-08 +1.345588e-04 -2.277838e-03 -8.869909e-03 -3.177956e+00 +4.023030e+01 +9.024998e+03 -1.633926e+03 -1.041590e+08 +4.613571e+08 +1.840642e+09 -2.341578e+12 -3.061750e+14 +6.315552e+16 +1.457195e+18   
S15-219   +4.999425e+01   +2.757769e-07 +8.345494e-05 -2.252039e+00 +1.037935e-02 -2.229918e+00 +4.561221e+01 -8.079065e+03 -9.909026e+04 +1.428792e+09 +8.451024e+08 -2.451496e+09 -2.056238e+12 +5.142237e+14 +5.866725e+16 -3.246393e+20   -6.147827e-09 +1.273291e-04 -2.205324e-03 -5.474166e-03 +4.965465e-01 +2.811947e+01 -1.633191e+02 -1.918698e+03 -1.698510e+08 +7.828926e+08 -1.100525e+11 -5.516598e+11 -6.601127e+14 +8.078867e+16 +1.952371e+19   
S15-220   +4.999395e+01   +2.904549e-08 +7.459067e-05 -2.255203e+00 -2.445602e-02 -6.381132e-01 +1.029400e+02 -7.884296e+02 -1.317490e+05 +1.487505e+09 -8.531150e+07 -6.732181e+09 +1.500926e+12 +1.937175e+14 +8.363744e+16 -3.353330e+20   +2.426236e-07 +1.034848e-04 -1.341426e-03 +7.537066e-04 -1.551081e+00 +2.004511e+01 +1.696295e+03 -4.080472e+05 -3.594731e+07 -3.280111e+08 +5.309864e+10 +2.087091e+12 -3.378181e+14 +1.256810e+17 -2.007955e+18   
S15-221   +4.999415e+01   +2.085876e-07 +3.512237e-05 -2.254408e+00 +2.363076e-02 -2.561070e+00 -9.516307e+01 -7.973407e+03 +9.309759e+04 +1.464983e+09 -6.100850e+07 +1.741012e+10 +1.367939e+12 +3.635785e+14 +4.327262e+16 -3.273231e+20   +1.132785e-07 +8.792117e-05 -6.172290e-04 +2.553373e-02 +2.269348e+00 +2.978606e+01 -5.282202e+03 -3.032739e+05 -5.973135e+07 -7.040562e+08 +5.286737e+10 -7.324259e+11 -2.834964e+14 +8.428954e+16 +5.953435e+18   
S15-222   +4.999550e+01   -4.376936e-08 +8.692518e-05 -2.252867e+00 -5.429525e-02 -2.123859e+00 +8.891164e+01 -4.863104e+03 -3.660225e+05 +1.449941e+09 -5.750382e+08 +2.265666e+10 -4.270038e+12 +6.688952e+14 +1.193737e+17 -3.279833e+20   +5.004674e-08 +1.008709e-04 -2.533650e-03 +3.511844e-02 +2.582736e+00 +7.535180e+00 -2.771845e+03 -4.967621e+05 -1.912511e+08 -1.882751e+08 +5.620648e+10 -1.060187e+12 -4.842684e+14 +1.674810e+17 +2.053347e+19   
S15-223   +4.999455e+01   +4.533294e-07 +6.726045e-05 -2.253974e+00 -5.732337e-02 -1.810457e+00 +4.288635e+01 -9.120018e+03 -3.017013e+05 +1.434879e+09 -4.215583e+08 -4.952770e+10 -1.330711e+12 +5.029812e+14 +8.583460e+16 -3.254715e+20   -4.790076e-08 +1.353967e-04 -2.062231e-03 -3.297759e-02 +5.052169e-01 +8.009933e+00 +2.559513e+03 -2.099339e+05 -1.097808e+08 +2.778415e+07 -6.104099e+09 +2.088930e+12 -4.875831e+14 +1.296087e+17 +1.350683e+19   
S15-227   +4.999410e+01   +1.635624e-07 +6.313747e-05 -2.254048e+00 -2.521440e-02 -4.262325e+00 -3.930384e+01 -9.461250e+03 -7.773147e+04 +1.461536e+09 -7.570199e+08 +4.514827e+10 +8.393100e+11 +1.150432e+15 +8.399833e+16 -3.353164e+20   +2.192353e-07 +1.386699e-04 -2.511972e-03 -1.334000e-02 -1.549170e+00 +9.347533e+00 +1.594776e+03 -3.835189e+05 -1.219385e+08 -1.157664e+08 +2.890739e+10 -3.968104e+12 -7.442784e+13 +1.123810e+17 +1.983805e+19   
S15-228   +4.999500e+01   +3.842642e-08 +5.433681e-05 -2.251079e+00 -8.217886e-02 -7.022550e+00 -3.471471e+01 -1.368259e+04 -2.653017e+05 +1.456036e+09 +4.579862e+08 +5.568883e+10 +3.976724e+12 +5.362586e+14 +5.771395e+16 -3.284424e+20   +1.854992e-08 +1.404489e-04 -1.876815e-03 -5.819114e-02 +5.166395e-01 +9.114399e+00 +9.295984e+02 -1.967110e+05 -1.300882e+08 +8.633515e+08 +3.020846e+10 +1.125620e+12 -4.994155e+14 +1.254036e+17 +1.310662e+19   
S15-229   +4.999530e+01   +7.077787e-08 +6.193060e-05 -2.253202e+00 -3.681870e-02 -4.748364e+00 -3.482945e+01 -8.438267e+03 -2.894276e+05 +1.470914e+09 +4.370047e+08 +7.475701e+10 +4.951689e+12 +5.049933e+14 +4.651967e+16 -3.285679e+20   +1.562279e-07 +1.067750e-04 -1.223114e-03 +2.896080e-02 +3.998806e-01 +3.222189e+01 -1.352582e+03 -4.281032e+05 -9.588105e+07 -7.969751e+08 +5.578510e+10 +1.522276e+12 -4.593508e+14 +1.657133e+17 +3.157305e+18   
S15-230   +4.999480e+01   +1.993759e-07 +5.803606e-05 -2.252290e+00 -4.064513e-02 -2.145027e-01 +1.755855e+01 -4.033271e+03 -1.431743e+05 +1.474742e+09 -4.505673e+08 +3.673138e+10 +1.143459e+12 +8.267324e+12 +6.056058e+16 -3.277957e+20   +2.684963e-07 +1.176817e-04 -6.088927e-04 +2.018830e-03 -3.020120e-01 +3.357229e+01 -2.118520e+03 -2.285228e+05 -9.687754e+07 -3.695372e+08 +6.980340e+10 -6.376887e+12 -2.871123e+14 +1.227420e+17 +7.091980e+18   
S15-231   +4.999405e+01   +1.508606e-07 +4.177439e-05 -2.253864e+00 +7.962928e-03 -4.719736e+00 +1.537845e+01 -1.116198e+04 -1.362389e+05 +1.394178e+09 +7.750076e+07 +7.486709e+09 -7.138898e+12 +5.880216e+14 +7.275860e+16 -3.289918e+20   -2.294769e-08 +1.548440e-04 -1.705778e-03 -2.872006e-02 +8.745603e-01 +3.304145e+01 -8.344681e+02 -2.236294e+05 -2.441741e+08 -5.857705e+08 +5.528182e+10 -2.625690e+12 -3.840457e+14 +1.492979e+17 +3.445334e+19   
S15-232   +4.999470e+01   +1.892104e-07 +4.901044e-05 -2.252515e+00 -7.086311e-02 +1.112301e-01 -7.407233e+01 -2.497391e+03 -3.563082e+04 +1.445134e+09 -1.212477e+08 +6.517975e+09 +3.166966e+12 +4.592381e+14 +4.317372e+16 -3.232389e+20   +7.777146e-08 +1.206159e-04 -6.707139e-04 +1.414462e-02 -1.143891e+00 +1.104298e+01 +2.251557e+03 -4.275601e+05 -1.281653e+08 +8.740276e+08 +3.367949e+10 -5.143415e+11 -4.776386e+14 +1.311645e+17 +8.796486e+18   
S15-234   +4.999460e+01   +3.491863e-07 +6.774554e-05 -2.253119e+00 -1.543997e-02 -1.911160e+00 +1.801328e+02 -9.246173e+03 -1.892381e+05 +1.420546e+09 -1.256553e+09 -7.486217e+10 -5.397041e+12 +2.533774e+14 +7.490345e+16 -3.322341e+20   +2.037680e-07 +1.206328e-04 -2.581205e-03 +2.851536e-02 -1.057463e+00 +2.720490e+01 +2.304065e+03 -5.478288e+05 -1.728439e+08 -1.457701e+09 +1.548106e+10 +2.003144e+12 +4.395155e+14 +1.699225e+17 +1.959636e+19   
S15-236   +4.999465e+01   +3.183735e-07 +4.870103e-05 -2.255295e+00 -5.255368e-02 -3.570410e+00 +4.665761e+00 -1.003851e+04 -3.253076e+05 +1.347982e+09 +1.122036e+09 -2.234331e+10 +9.351311e+12 +3.610548e+14 +9.636741e+16 -3.051012e+20   -1.180979e-07 +1.379375e-04 -8.719491e-04 -2.832409e-02 -1.165372e+00 -1.325438e+01 -2.328347e+01 -3.368740e+05 -3.082490e+08 -1.044790e+09 +1.103733e+11 +2.725398e+12 +2.502326e+14 +7.648774e+16 +3.618507e+19   
S15-237   +4.999430e+01   +1.874320e-07 +6.917121e-05 -2.253843e+00 +3.962910e-02 -1.254187e+00 +1.379509e+02 -2.766311e+03 -5.804342e+04 +1.473242e+09 -3.377275e+08 +2.409167e+10 -4.474958e+12 +2.463037e+14 +5.399814e+16 -3.268197e+20   -6.646732e-08 +1.312365e-04 -1.061859e-03 -5.866033e-02 -2.648792e+00 -5.825416e+00 +8.501947e+03 -1.878726e+05 -1.012254e+08 +4.571731e+08 +4.012947e+10 +5.226322e+11 -4.493736e+14 +1.320350e+17 +9.192742e+18   
S15-238   +4.999515e+01   +7.239272e-08 +6.023830e-05 -2.253553e+00 -5.612998e-02 -2.928428e+00 -2.814749e+01 -5.182627e+03 -2.910314e+05 +1.483065e+09 -4.437366e+07 -3.961810e+09 +1.108032e+12 +3.528246e+14 +8.084502e+16 -3.322452e+20   -1.341976e-08 +1.426866e-04 -1.179382e-03 -3.043343e-02 -2.004666e+00 +1.495311e+01 +4.914553e+03 -3.222605e+05 -1.116862e+08 -1.148736e+07 +7.765315e+10 +4.040790e+11 -1.164625e+14 +1.365049e+17 +8.456312e+18   
S15-239   +4.999425e+01   +2.110605e-07 +9.423326e-05 -2.251285e+00 -2.867396e-02 -2.970652e+00 -4.772337e+01 -6.706159e+03 -2.709654e+05 +1.474243e+09 -1.160827e+08 -2.016152e+10 -4.139494e+11 +1.320559e+14 +1.029017e+17 -3.299331e+20   +1.389456e-07 +1.040456e-04 -1.125390e-03 +1.398756e-02 +2.082646e+00 +1.773637e+01 -4.204319e+03 -2.193900e+05 -1.431198e+08 -3.775204e+08 +8.495499e+10 -1.200388e+12 -2.960704e+14 +8.485844e+16 +1.005176e+19   
S15-240   +4.999480e+01   +2.168824e-07 +1.060503e-04 -2.255821e+00 -4.008319e-03 -1.839561e+00 -7.410063e+01 -7.846230e+03 -1.672955e+05 +1.343214e+09 -1.226855e+08 -1.531707e+11 -5.253164e+12 +5.717261e+14 +3.478828e+16 -3.008847e+20   +1.454875e-09 +1.159314e-04 -4.613538e-06 +2.467139e-02 -3.910033e-01 +3.592502e+01 +1.829138e+03 -3.653494e+05 -3.154130e+08 -2.997234e+08 +8.135196e+10 -1.954095e+13 -1.016488e+15 +1.029250e+17 +3.640921e+19   
S15-242   +4.999490e+01   +2.759081e-07 +4.193774e-05 -2.255226e+00 -8.176452e-02 -1.234457e+00 +1.775850e+02 -6.059356e+03 -1.624175e+05 +1.465756e+09 +5.784552e+07 -5.324017e+10 -1.521017e+12 +4.146331e+14 +3.356036e+16 -3.276352e+20   +1.487645e-08 +1.240786e-04 -4.339543e-04 -1.570373e-02 -4.943756e-01 +3.585674e+01 +2.267489e+03 -4.005883e+05 -7.930961e+07 +5.710891e+08 +6.819982e+10 -8.951405e+11 -5.001500e+14 +1.330984e+17 +7.983868e+17   
S15-244   +4.999495e+01   +1.922760e-07 +6.665651e-05 -2.253554e+00 -6.694626e-02 -2.982853e+00 +1.253741e+02 -1.069364e+04 -2.885749e+05 +1.455534e+09 -1.075681e+09 -4.757112e+10 -5.246740e+12 +1.560204e+15 +1.411021e+17 -3.190690e+20   +7.400119e-08 +1.165193e-04 -8.211667e-04 +8.637402e-03 +1.950744e+00 -6.409289e+00 -5.707592e+03 -5.255695e+05 -1.373852e+08 +1.825033e+08 +1.134900e+11 +5.573431e+12 +2.170623e+13 +1.619820e+17 +5.692575e+18   
S15-245   +4.999480e+01   +2.352119e-08 +5.374813e-05 -2.257051e+00 -5.211500e-02 -4.434377e+00 +2.766170e+01 -7.774341e+03 -1.917341e+05 +1.464629e+09 +5.244959e+08 +3.087213e+10 +2.858501e+12 +2.908907e+14 +5.024969e+16 -3.266030e+20   -1.351837e-07 +1.106946e-04 -1.220896e-03 +3.693104e-02 +1.623933e+00 +3.475197e+00 +1.616389e+02 -3.658286e+05 -1.109132e+08 -1.163016e+09 -1.984395e+10 +4.949843e+12 -4.850726e+14 +1.390740e+17 +9.053788e+18   
S15-246   +4.999410e+01   +3.206236e-07 +6.311949e-05 -2.256374e+00 -1.771377e-02 -3.414103e+00 +8.184324e+01 -1.138664e+04 -1.525665e+05 +1.503623e+09 -9.707023e+06 -2.194565e+10 -4.599009e+11 +7.532969e+14 +4.633481e+16 -3.326066e+20   -1.923916e-07 +9.338466e-05 -1.136436e-03 +7.670187e-02 +1.757284e+00 +1.381331e+01 +1.862527e+03 -4.521224e+05 -2.060959e+07 -8.768745e+08 -1.055165e+10 -8.467349e+11 -9.658678e+14 +1.177504e+17 -5.327171e+18   
S15-248   +4.999490e+01   +9.024869e-08 +9.290100e-05 -2.258240e+00 +6.438503e-02 -1.505745e+00 -8.324905e+01 -3.874163e+03 -2.556951e+05 +1.339188e+09 +2.215042e+08 -3.314968e+10 +5.740302e+12 +6.555317e+14 +1.122118e+17 -2.970939e+20   -1.181119e-07 +1.322748e-04 -3.372354e-04 -2.607592e-02 +2.269485e+00 -2.720596e+01 -3.416044e+03 -2.931395e+05 -3.365711e+08 +3.610950e+08 +1.656890e+10 +1.193031e+13 -1.436420e+14 +1.061985e+17 +4.306423e+19   
S15-249   +4.999430e+01   +9.985394e-08 +7.458586e-05 -2.254749e+00 +3.393943e-03 -3.693801e+00 -8.015370e+01 -7.912630e+03 -1.595039e+05 +1.483492e+09 +9.340507e+08 +4.995283e+09 +5.579538e+12 +5.994687e+14 +5.257605e+16 -3.420096e+20   +2.322751e-07 +1.330139e-04 -1.012524e-03 +1.747879e-02 -4.141640e+00 +1.235992e+01 +7.908306e+03 -4.251869e+05 -1.609546e+08 -4.705360e+08 +1.603736e+11 +3.781337e+11 -8.885701e+14 +1.604291e+17 +5.685198e+18   
S15-251   +4.999455e+01   +2.103755e-07 +5.302144e-05 -2.255416e+00 -6.393633e-02 -6.295926e-01 +9.845669e+01 -4.611587e+03 -2.722981e+05 +1.439294e+09 -2.185634e+08 -8.346166e+10 +5.212690e+12 +2.242884e+14 +9.331573e+16 -3.255617e+20   +8.595455e-08 +1.269679e-04 -1.649878e-03 -2.824412e-02 -1.349148e+00 +1.034758e+01 +3.725102e+03 -3.955747e+05 -1.879508e+08 +9.885968e+08 +1.904378e+10 +9.870896e+10 -1.401894e+14 +1.768652e+17 +2.426292e+19   
S15-253   +4.999445e+01   +3.607930e-08 +5.769286e-05 -2.255404e+00 -1.108338e-01 -2.880700e+00 +2.739500e+01 -7.205190e+03 -4.050516e+05 +1.462939e+09 -5.476350e+08 +3.160079e+10 +1.986025e+12 +2.571121e+14 +7.554621e+16 -3.276040e+20   +2.842850e-08 +1.266250e-04 -1.439653e-03 -8.840621e-02 +4.160304e+00 +1.518555e+01 -5.446563e+03 -9.411727e+04 -8.857531e+07 +1.388404e+09 +1.536953e+10 -3.984916e+12 -1.681306e+13 +7.724481e+16 +8.595420e+18   
S15-256   +4.999455e+01   +7.575894e-08 +4.708845e-05 -2.259580e+00 -1.755536e-02 -3.168759e+00 +3.350285e+01 -8.033740e+03 -1.741933e+05 +1.342543e+09 +1.251658e+09 +1.019752e+11 -8.621650e+12 +8.983185e+14 +9.596810e+16 -3.014139e+20   -2.293068e-07 +1.338479e-04 -4.413325e-04 -6.703109e-03 +2.300585e-01 +1.808754e+01 +1.742780e+02 -3.256883e+05 -3.452916e+08 +8.754406e+08 -6.254028e+10 -8.139541e+11 +2.669623e+14 +8.470273e+16 +4.855697e+19   
S15-257   +4.999460e+01   +2.327625e-07 +7.560531e-05 -2.255054e+00 -5.581517e-02 -5.486511e+00 -2.385076e+02 -1.411859e+04 +3.161557e+04 +1.481704e+09 -6.524569e+07 -1.625153e+10 +6.746747e+11 +7.760426e+14 +6.943076e+16 -3.278850e+20   +2.273532e-07 +1.060939e-04 -1.655950e-03 +3.140505e-02 +2.074166e+00 -3.308091e+00 -6.427384e+03 -1.373500e+05 -1.538337e+08 +8.447234e+08 +7.631978e+10 -1.296107e+12 +2.126890e+14 +1.093297e+17 +1.767769e+19   
S15-258   +4.999435e+01   -2.582492e-08 +5.829185e-05 -2.254617e+00 -2.417615e-02 -5.809759e+00 +1.379488e+02 -2.564966e+03 -1.606761e+05 +1.441837e+09 +6.888838e+07 +2.378761e+11 -2.065885e+12 -2.390756e+14 +6.735017e+16 -3.277940e+20   -2.079417e-07 +1.316170e-04 -9.792095e-04 -8.110146e-02 +4.517534e+00 -4.776666e+00 -6.984569e+03 +1.905910e+05 -8.574425e+07 -1.014321e+09 -2.255279e+10 +6.067696e+12 -9.565199e+13 +7.301931e+16 +1.476245e+18   
S15-261   +4.999460e+01   +1.948367e-07 +4.142351e-05 -2.256104e+00 -8.853224e-02 -1.921147e+00 +1.957418e+01 -2.923666e+03 -4.724490e+05 +1.460752e+09 +1.446174e+08 -4.245549e+09 +5.226602e+12 +5.765895e+14 +7.467192e+16 -3.269631e+20   -2.910210e-07 +1.639329e-04 -2.596690e-05 -7.000478e-02 +6.608132e+00 -2.080977e+00 -1.010234e+04 -5.383211e+05 -8.575676e+07 +6.281808e+08 -3.384780e+09 +3.826971e+12 +2.660243e+14 +1.048261e+17 +6.984282e+18   
S15-263   +4.999415e+01   +1.988704e-07 +4.745077e-05 -2.256894e+00 -4.737136e-02 -1.884836e+00 +2.744703e+02 -2.206274e+03 -4.168082e+04 +1.473319e+09 +6.702894e+08 +4.715236e+10 -2.779019e+12 +6.259430e+14 +2.282235e+16 -3.257155e+20   +2.005249e-08 +1.150344e-04 +1.178849e-04 +3.823321e-02 +4.788910e-01 +5.688776e+00 +1.206816e+03 -4.870258e+05 -9.000355e+07 +2.599070e+07 +1.621171e+11 +3.273941e+12 -4.905758e+14 +4.461094e+16 +2.826083e+18   
S15-267   +4.999525e+01   +1.844696e-07 +7.689180e-05 -2.255960e+00 +1.898158e-02 -3.770280e+00 +4.986640e+00 -8.819802e+03 -5.097632e+04 +1.471115e+09 -4.131585e+08 +4.300329e+10 +1.489217e+12 +3.593755e+14 +5.635577e+16 -3.298231e+20   +1.220714e-07 +1.289160e-04 -6.869019e-04 -7.447894e-02 -1.826919e+00 +8.841738e+00 +4.973945e+03 +1.023786e+04 -1.138917e+08 +4.033887e+08 +1.088737e+11 -6.610196e+11 -8.182833e+14 +1.123085e+17 +6.833463e+18   
S15-271   +4.999515e+01   +3.290999e-08 +6.121146e-05 -2.256785e+00 -1.366348e-02 -2.654239e+00 +1.628320e+01 -4.566613e+03 -1.582038e+05 +1.434761e+09 -1.500326e+09 +5.903339e+10 -5.893270e+12 +3.696301e+14 +5.010002e+16 -3.301812e+20   -6.694243e-08 +1.176972e-04 -2.712699e-03 -2.026179e-02 +4.328670e+00 +3.557997e+00 -4.066326e+03 -3.202849e+05 -1.406042e+08 +7.450421e+08 -6.132283e+09 +4.405971e+12 -5.794292e+14 +1.090442e+17 +3.430867e+17   
S15-272   +4.999410e+01   +3.754769e-07 +6.224983e-05 -2.257224e+00 -4.989713e-03 -3.304718e+00 +4.283797e+01 -1.228270e+04 -2.289344e+05 +1.450636e+09 +5.773039e+07 -8.033264e+10 +7.000924e+12 +1.789190e+14 +8.120566e+16 -3.274242e+20   -3.731752e-08 +1.210636e-04 -1.421134e-03 -3.689275e-02 -1.502353e+00 +2.105878e+01 +6.911822e+03 -3.344423e+05 -1.554624e+08 +2.581057e+08 +1.434740e+10 +1.448189e+12 -1.296255e+14 +1.715866e+17 +1.166222e+19   
S15-274   +4.999425e+01   +2.853642e-07 +7.861434e-05 -2.254073e+00 +2.573886e-02 -4.279202e+00 -1.709436e+02 -1.298201e+04 -2.008457e+05 +1.427771e+09 -6.781256e+08 -3.713923e+10 +1.588426e+12 +2.039227e+14 +8.783200e+16 -3.260727e+20   -6.262218e-08 +1.129381e-04 -1.157741e-03 +4.739099e-04 +4.860201e+00 +4.954696e+01 -5.794908e+03 -3.991967e+05 -1.291186e+08 -1.196256e+09 -3.098166e+09 +4.581541e+11 -2.173182e+14 +1.470134e+17 +4.404513e+18   
S15-275   +4.999735e+01   +5.601873e-07 +6.847057e-05 -2.257438e+00 -4.250813e-02 -6.630827e-01 -1.676971e+02 -1.024995e+04 -3.680017e+05 +1.414097e+09 +6.589951e+07 +1.525608e+11 +1.397898e+12 +2.908420e+14 +7.802374e+16 -3.307645e+20   +1.118695e-07 +1.013622e-04 -2.710678e-03 -1.676780e-02 -1.023259e+00 +1.126444e+01 +2.237357e+03 -4.101019e+05 -1.469152e+08 -3.479460e+08 -1.871517e+11 +9.639769e+12 -4.746480e+14 +1.506002e+17 +1.605308e+19   
S15-276   +4.999470e+01   +7.516347e-08 +2.473570e-05 -2.256779e+00 -8.779215e-02 -5.024579e+00 +1.358393e+02 -7.700576e+03 -1.876917e+05 +1.433310e+09 +4.110298e+08 +8.398980e+10 +8.737266e+11 +2.111800e+14 +3.108800e+16 -3.312865e+20   -2.490404e-08 +9.612417e-05 -2.083843e-03 -3.004072e-02 +2.594335e-01 +1.578085e+01 +3.113406e+03 -1.940182e+05 -9.964640e+07 +6.440355e+08 -9.269187e+08 -3.450370e+12 -6.053916e+14 +1.168934e+17 +5.162459e+18   
S15-277   +4.999470e+01   +2.556295e-07 +4.716148e-05 -2.259844e+00 +2.341752e-02 -1.889387e-01 -5.303372e+01 -3.315471e+03 -6.603394e+04 +1.386897e+09 -9.968463e+07 -1.390615e+11 -2.825205e+12 +3.963470e+14 +7.686719e+16 -3.215919e+20   -6.253227e-08 +1.099873e-04 -5.782095e-04 -3.687621e-02 -2.204300e+00 +9.582408e+00 +5.501269e+03 -3.329205e+05 -1.985873e+08 +1.159144e+08 +3.264854e+10 +7.874931e+12 -3.246386e+14 +1.291647e+17 +2.635621e+19   
S15-278   +4.999420e+01   +3.608251e-08 +6.877510e-05 -2.256630e+00 -2.290308e-02 -5.075481e+00 +8.136578e+01 -8.635800e+03 -1.596687e+05 +1.482489e+09 -2.333267e+08 +7.378006e+10 -1.685595e+12 +4.964134e+14 +7.980668e+16 -3.387823e+20   +9.183651e-08 +8.819277e-05 -1.075683e-03 +2.201919e-02 +9.101284e-01 +1.821324e+00 -1.102170e+03 -2.879296e+05 -9.484024e+07 +6.741798e+06 +6.225742e+10 -3.064890e+12 -3.080707e+14 +9.804405e+16 +5.415224e+18   
S15-281   +4.999480e+01   +2.478610e-07 +2.627969e-05 -2.255633e+00 -6.206619e-02 +1.746370e+00 +2.095898e+00 +4.889238e+02 -6.508913e+04 +1.450242e+09 +1.856688e+08 -5.404994e+09 -4.365368e+11 +3.803420e+13 +2.448797e+16 -3.346428e+20   -5.378765e-08 +1.373776e-04 -1.691715e-03 -6.594794e-02 -3.831412e-01 -1.431511e+01 +3.609291e+03 -1.891969e+05 -1.258917e+08 +8.682763e+08 +3.353317e+10 +2.046867e+12 -6.469651e+14 +1.359447e+17 -1.888803e+18   
