# multipoles are divided by excitation current and units are [T], [m] and [A]
# harmonics (dipole n=0): 00 01 02 03 04 05 06 07 08 09 10 11 12 13 14 
# MAG_LABEL   CURRENT[A]   <NORMAL_MULTIPOLES/CURRENT>[T/m^(n-1)/A]   <SKEW_MULTIPOLES/CURRENT>[T/m^(n-1)/A]
S15-004   +3.997900e+00   +1.637145e-06 +1.119902e-04 -2.654461e+00 +4.047015e-02 -5.057548e+00 -1.041096e+02 -1.603221e+04 +2.900080e+05 +1.076486e+09 -1.394743e+09 +7.384332e+10 +1.283554e+13 +5.733067e+14 -3.827399e+16 -3.316136e+20   +8.277723e-07 +1.602886e-04 +6.175617e-04 -2.255278e-02 -4.670327e+00 +1.413330e+02 +1.162829e+04 -4.594972e+05 -5.077038e+08 +3.919260e+09 +1.832886e+10 +6.623022e+12 -1.423919e+15 +1.970173e+17 +8.301893e+19   
S15-006   +3.997600e+00   +1.182519e-06 +7.138818e-05 -2.690709e+00 -1.217356e-01 -1.302179e+01 +2.943241e+00 -2.450923e+04 -4.150693e+05 +1.106068e+09 -1.008830e+09 +9.547601e+10 +1.975471e+12 +1.956766e+15 +4.896873e+16 -3.413913e+20   +3.364281e-07 +1.166695e-04 +1.998978e-03 -2.135117e-02 +1.878559e+00 +4.008645e+01 -2.620357e+03 -4.358430e+04 -4.445220e+08 +3.688986e+09 +1.417467e+11 -2.685271e+12 -3.307277e+14 +7.724617e+16 +7.390907e+19   
S15-008   +3.998150e+00   +1.652956e-06 +3.720298e-05 -2.707032e+00 -1.756079e-01 +1.250222e+00 +1.796893e+02 -1.241705e+04 +1.313347e+05 +1.150352e+09 +3.235536e+08 -2.248996e+11 +4.581844e+12 -9.632848e+13 +5.126799e+16 -3.683569e+20   +2.534605e-07 +1.402755e-04 +5.356552e-04 -3.872566e-02 -2.798654e+00 +1.134106e+02 +7.521546e+03 -5.103385e+04 -2.453687e+08 -3.413206e+09 +2.193230e+11 +2.368734e+13 +2.338327e+14 +9.008719e+16 +2.295286e+19   
S15-009   +3.998150e+00   +8.645986e-07 +7.249563e-05 -2.700552e+00 -1.585046e-01 -1.647588e+01 +2.010197e+01 -2.585271e+04 -7.895629e+05 +1.155543e+09 +2.790781e+09 +2.402122e+11 +1.656523e+13 +7.273121e+14 +2.508215e+16 -3.718872e+20   +9.025449e-07 +1.374136e-04 -7.993707e-04 -1.244679e-01 -1.154153e+00 +7.484829e+01 -1.287949e+04 +5.714951e+05 -2.317732e+08 +1.910240e+09 +5.085440e+11 -1.727625e+12 +1.948433e+14 +2.496406e+16 +4.059768e+19   
S15-010   +3.997550e+00   +7.931308e-07 +1.903755e-04 -2.684472e+00 +2.493800e-01 -1.454265e+01 +5.324781e+01 -1.667219e+04 +3.218249e+05 +1.194225e+09 -2.391883e+09 +2.627439e+11 +2.710800e+11 +1.196092e+15 +6.964848e+16 -3.892892e+20   +2.484164e-07 +1.473782e-04 -8.042524e-04 -1.592501e-01 +1.061527e+01 +2.878951e+01 -1.404601e+04 +4.554457e+05 -4.314077e+07 -1.499344e+09 -3.565686e+10 +1.636715e+12 -3.080274e+14 +1.773855e+17 -4.626744e+18   
S15-014   +3.998050e+00   +1.807994e-06 +1.231689e-04 -2.679296e+00 +6.565005e-03 -1.443975e+01 -7.167347e+01 -3.903390e+04 -8.376939e+05 +1.152527e+09 -2.669649e+09 -6.440370e+10 +2.399319e+13 +5.758010e+15 +2.357668e+17 -3.722630e+20   +8.100166e-07 +1.197162e-04 -1.268549e-04 +1.078581e-01 -5.479591e-01 +9.482473e+01 -2.292938e+03 -1.087729e+06 -2.219585e+08 -4.179002e+08 -5.299046e+10 +5.319028e+13 +1.219827e+14 +5.418487e+16 +1.414717e+19   
S15-016   +3.998100e+00   +1.606794e-06 +4.730950e-05 -2.643708e+00 -1.941694e-01 +2.823901e+00 -3.302784e+01 -2.209841e+03 -6.773605e+04 +1.205033e+09 +1.102774e+09 -2.058481e+11 +1.703357e+13 +5.322118e+14 +7.083995e+16 -3.638941e+20   +4.130402e-07 +1.121329e-04 -1.613683e-03 +5.730577e-02 +4.060321e+00 +1.807467e+02 +5.921485e+02 -2.306699e+05 -5.568177e+07 -4.044116e+09 -6.750959e+10 -6.875809e+11 -1.798352e+15 +1.545307e+17 -5.620740e+18   
S15-017   +3.997950e+00   +1.471992e-06 +1.054975e-04 -2.641926e+00 -1.324057e-01 -4.412969e+00 -1.374873e+02 -9.099143e+03 -3.943398e+05 +1.243929e+09 +1.677307e+09 +2.015055e+11 +1.399421e+13 +5.394112e+14 +1.509785e+17 -3.660241e+20   +4.817321e-07 +1.685633e-04 -2.741993e-03 -6.700211e-02 +4.279611e+00 +1.264745e+02 -7.110994e+03 -4.368794e+04 -5.131160e+07 -1.105347e+09 -4.910004e+10 +7.030556e+12 -1.580939e+15 +9.624523e+16 -3.274088e+17   
S15-018   +3.997450e+00   +1.471831e-06 +1.153861e-04 -2.651253e+00 -7.645592e-02 -2.713860e+00 +8.129513e+01 -8.970524e+02 -1.238181e+05 +1.075582e+09 +1.167991e+09 -1.642047e+10 +1.825476e+12 +1.234032e+14 +1.739196e+17 -3.397281e+20   +8.801258e-07 +1.574662e-04 +6.894213e-04 -1.943241e-02 -6.054205e+00 +1.004134e+02 +3.755439e+03 +3.102911e+05 -3.221489e+08 -2.934631e+09 +5.135201e+11 -3.354178e+12 -6.655548e+14 +7.150563e+16 +4.671801e+19   
S15-021   +3.998000e+00   +1.937405e-06 +9.411153e-05 -2.651741e+00 -1.845791e-01 -6.088684e+00 +4.208654e+02 -1.612347e+04 -2.870268e+05 +1.291122e+09 +1.970148e+09 -9.436358e+10 -7.595035e+12 +1.485822e+15 +1.342714e+17 -3.659390e+20   +1.387083e-06 +1.502738e-04 -1.228437e-03 -1.064480e-01 -7.865295e+00 +8.782604e+01 +9.104547e+03 -1.170487e+05 -6.515848e+07 -1.077425e+08 +5.575215e+10 -4.261703e+12 -6.418287e+14 -3.660880e+16 -3.148797e+18   
S15-026   +3.998700e+00   +1.450761e-06 +1.770543e-04 -2.650379e+00 +8.828584e-03 -5.064041e+00 -6.755005e+01 -1.286950e+04 -8.223473e+05 +1.249757e+09 -5.401863e+09 +3.922465e+11 +2.163936e+13 +8.440336e+14 +2.999625e+17 -3.480471e+20   -1.096282e-06 +1.563575e-04 -1.416028e-03 -1.140792e-02 +8.346290e-01 +9.967810e+01 -6.658001e+03 -5.954938e+05 -2.927712e+08 +8.408685e+08 +4.014615e+11 +3.896579e+13 +1.474468e+15 +4.346798e+16 +4.407660e+19   
S15-027   +3.997600e+00   +1.446246e-06 +1.403336e-04 -2.670970e+00 -8.179713e-02 -1.420391e+00 +1.792476e+01 +1.100457e+03 -4.108635e+05 +1.327520e+09 -1.782426e+09 +2.435948e+11 +3.324240e+13 +1.968344e+14 +5.233548e+16 -3.745365e+20   +8.084541e-07 +1.969254e-04 -2.774252e-03 -1.608380e-01 +2.559951e+00 +1.481607e+02 -3.577582e+03 +5.282157e+05 -2.054855e+07 +1.235272e+08 +1.967157e+11 +2.897631e+13 -1.855139e+15 +1.629575e+17 -3.061832e+18   
S15-029   +3.997950e+00   +1.296726e-06 +1.446191e-06 -2.651224e+00 -1.453481e-01 -6.341855e+00 +1.700959e+02 -9.164869e+03 -8.034595e+05 +1.334904e+09 +5.693133e+08 +5.635020e+10 -3.863267e+12 +4.094869e+14 +1.129281e+17 -3.737323e+20   +2.710342e-07 +1.061431e-04 -8.034658e-04 -1.847140e-02 +1.042086e-01 +6.708446e+01 -3.616921e+03 +3.095789e+04 -7.221111e+07 -1.943849e+09 +1.742100e+11 +1.254043e+13 -9.176543e+14 +9.967681e+16 +2.889221e+18   
S15-030   +3.997950e+00   +1.771277e-06 +1.340742e-04 -2.659498e+00 +4.893375e-02 -2.680164e+00 -8.612221e+01 -1.479257e+04 +1.936948e+05 +1.193938e+09 +3.806016e+08 -7.579039e+09 +5.290114e+12 +5.196663e+14 +2.304178e+17 -3.638032e+20   +1.315285e-07 +1.249242e-04 +1.426223e-03 +3.117960e-02 +2.264202e+00 +1.439912e+02 +7.878280e+03 +9.524952e+04 -2.993952e+08 +8.914281e+07 -3.059270e+10 +2.245764e+11 -1.113587e+14 +8.209120e+16 +5.359674e+19   
S15-031   +3.997450e+00   +1.266241e-06 +6.654130e-05 -2.648041e+00 +2.594234e-02 -2.150549e+00 -1.264022e+02 -2.805704e+03 +6.456706e+04 +1.316239e+09 +2.492681e+08 +1.298898e+11 -3.801338e+12 +1.801780e+14 -1.863813e+15 -3.653922e+20   +8.928840e-07 +8.961098e-05 -1.060992e-03 +2.092649e-02 -1.474306e+00 +1.427673e+02 +2.768002e+03 -6.263871e+04 -2.619115e+07 -2.203993e+09 +9.675828e+10 -8.072446e+12 -1.255922e+15 +1.195853e+17 -5.284099e+18   
S15-032   +3.997850e+00   +1.336623e-06 +2.262192e-05 -2.662906e+00 +2.489999e-02 -3.357322e+00 +4.080999e+01 -8.424768e+03 +1.176105e+05 +1.299806e+09 +4.474468e+08 +1.209533e+11 +1.151916e+13 +6.797406e+14 +2.644949e+16 -3.773591e+20   +6.508731e-07 +1.233057e-04 -2.086734e-03 -5.582361e-03 +2.251867e+00 +1.035936e+02 -4.681484e+03 -4.763891e+05 -2.204882e+07 -1.191055e+09 +1.831243e+11 +4.176307e+12 -1.231027e+14 +1.445085e+17 -5.031097e+18   
S15-033   +3.997550e+00   +1.662478e-06 +3.936141e-05 -2.651912e+00 -1.124134e-01 -2.315799e+00 +1.632565e+02 -7.300517e+03 -4.621936e+05 +1.300610e+09 -8.264700e+08 -7.381661e+10 -9.281492e+12 +9.617168e+14 +1.089878e+17 -3.755500e+20   +1.655125e-07 +7.864354e-05 -2.419323e-03 +1.370658e-02 +5.878463e+00 +5.306703e+01 -5.354192e+03 +2.556191e+04 -1.072107e+08 -4.154217e+08 +1.008952e+11 -9.236687e+12 -1.877261e+14 +1.266815e+17 +8.478135e+18   
S15-034   +3.997750e+00   +1.010548e-06 +1.321783e-04 -2.739153e+00 +2.631475e-02 -1.117977e+01 -4.121563e+01 -1.937910e+04 -2.503571e+05 +1.177454e+09 +8.535033e+08 +7.601393e+10 +1.623732e+13 +2.916963e+10 +1.660529e+17 -3.611099e+20   +1.131010e-06 +1.517561e-04 +1.774247e-03 +7.891754e-03 -6.459696e+00 +1.880935e+02 +4.361871e+03 -3.464136e+05 -2.705915e+08 +1.206122e+07 +4.648225e+11 -4.518834e+12 +4.965601e+13 +8.220582e+16 +3.356521e+19   
S15-035   +3.998150e+00   +1.500890e-06 +6.143764e-05 -2.704949e+00 -9.023146e-02 -8.795681e+00 +2.692518e+02 -1.543451e+04 -3.425017e+04 +1.303198e+09 -1.222041e+09 -2.939962e+11 +2.102895e+12 +2.197164e+15 +7.057046e+16 -3.827950e+20   +9.053090e-07 +1.239815e-04 -2.248611e-03 +1.650683e-02 +1.380019e+00 +5.498513e+01 -2.851922e+03 -7.016020e+05 -1.470748e+07 +6.062326e+09 +2.149616e+11 -7.636639e+12 -2.212633e+15 +1.179821e+17 +1.113522e+19   
S15-036   +4.001250e+00   +2.106977e-06 +8.362424e-05 -2.706707e+00 +8.838041e-03 -4.958520e+00 -8.573888e+01 +3.459561e+04 -2.064418e+06 +1.319346e+09 +5.142600e+09 +1.521716e+12 +6.574680e+13 +1.038292e+16 -5.753132e+17 -4.205456e+20   +4.535870e-07 +1.417250e-04 -3.176945e-03 -1.567350e-02 +4.417322e-01 +1.864576e+02 -2.057191e+04 +2.074780e+06 +3.520535e+07 -1.138912e+09 -1.059058e+11 +9.598643e+13 -9.471053e+15 +1.728285e+18 +2.177063e+19   
S15-037   +3.998850e+00   -5.756372e-07 +1.270297e-04 -2.697813e+00 -3.591358e-02 -4.115473e+01 +8.452540e+01 -5.095357e+04 +2.745287e+05 +1.416788e+09 +8.826960e+09 +2.817140e+11 -7.154915e+13 -3.492669e+15 -5.205724e+17 -3.253888e+20   +7.684109e-07 -8.032959e-05 -2.725459e-03 +8.335862e-01 -3.936197e+00 +1.089314e+02 +2.173179e+04 -2.864716e+06 +8.446143e+07 -9.534416e+09 -9.863793e+11 +4.499271e+12 +6.297836e+15 -2.847426e+17 +4.797567e+19   
S15-038   +3.997650e+00   -5.198189e-07 +4.259818e-04 -2.652318e+00 +1.291927e+00 -4.029405e+01 +1.381257e+02 -5.138329e+04 +2.288388e+06 +1.347096e+09 -9.922232e+09 +5.497910e+11 -5.720886e+12 +1.481937e+15 +1.519399e+17 -3.736933e+20   +3.367166e-07 +1.961478e-04 +2.097565e-04 -2.171030e-01 +4.248511e-01 +1.732896e+02 -5.269071e+03 +7.077941e+05 -4.317989e+07 -4.300056e+07 -1.131351e+11 -3.064178e+12 -2.294000e+15 +1.760827e+17 +1.570437e+19   
S15-040   +3.998050e+00   +2.415465e-06 +1.411115e-04 -2.648133e+00 -7.854329e-02 -7.944916e+00 +4.204145e+01 -1.905870e+04 -8.851227e+04 +1.214468e+09 +5.620437e+07 +1.049113e+11 +1.972857e+13 +9.165993e+14 +1.429614e+17 -3.814565e+20   +1.118710e-06 +1.098716e-04 -1.985010e-03 +5.533918e-02 -1.980117e+00 +1.976487e+01 -7.559325e+02 -8.835472e+05 -8.040430e+07 +6.959800e+08 +2.000410e+11 +1.206172e+13 -3.014012e+15 +1.143578e+17 +1.829080e+17   
S15-041   +3.997600e+00   +1.679983e-06 +5.099330e-05 -2.630608e+00 -1.231994e-01 -1.875847e+00 +2.455204e+02 -6.382499e+03 -3.765067e+05 +1.265882e+09 +2.028001e+09 +4.563160e+10 +1.248557e+12 +4.001931e+14 +1.205659e+17 -3.575140e+20   +3.787225e-07 +1.483287e-04 -1.015246e-03 +6.276586e-03 -4.290677e+00 +5.085744e+01 +8.775873e+03 -2.447736e+05 -1.013440e+08 -2.025472e+09 +5.047704e+10 +1.212264e+12 -1.376516e+15 +1.845383e+17 +6.863731e+18   
S15-043   +3.997850e+00   +1.879547e-06 +1.268991e-04 -2.655777e+00 -3.489651e-02 -9.648016e+00 +4.050407e+00 -1.859223e+04 +3.310792e+03 +1.245066e+09 +2.692250e+09 +5.375932e+10 +7.539570e+12 +1.101294e+14 +8.264812e+16 -3.698293e+20   +6.763773e-07 +1.119000e-04 -1.301317e-03 +8.027162e-02 -1.681680e+00 +1.049602e+02 +1.014178e+04 -3.522656e+05 -2.837538e+07 -1.156072e+09 +8.014323e+10 +4.261581e+12 -1.159971e+15 +1.066977e+17 -3.654819e+18   
S15-044   +3.997750e+00   +1.528225e-06 +1.148344e-04 -2.652997e+00 +1.361707e-01 -9.495896e+00 +5.439362e+02 -1.398876e+04 +3.493988e+04 +1.310406e+09 -3.710862e+08 +5.861074e+10 +1.638740e+12 +2.406862e+14 +7.072448e+16 -3.636841e+20   +7.363812e-07 +1.468245e-04 -1.635635e-03 -7.184846e-02 +2.985972e+00 +9.225079e+01 +1.853416e+03 -1.488224e+03 -5.584917e+07 -3.230462e+08 -5.337805e+10 +8.031195e+12 -1.043697e+15 +1.036530e+17 -4.955860e+18   
S15-045   +3.997750e+00   +1.897627e-06 +5.550710e-05 -2.652327e+00 -2.331256e-01 -3.673646e+00 +2.817717e+00 -1.504324e+04 -6.097170e+05 +1.315923e+09 -4.523097e+08 +9.117116e+10 -4.180361e+12 +1.433621e+15 -6.676438e+16 -3.694816e+20   +4.503078e-07 -6.076260e-05 -1.438549e-03 +8.119677e-01 +2.720538e+00 +1.398765e+01 -5.278454e+03 -1.689184e+06 -8.464136e+07 -8.646984e+09 +1.875743e+11 -4.001698e+10 -1.237928e+15 +1.858739e+17 +1.388919e+19   
S15-046   +3.998150e+00   +9.878586e-07 +1.176853e-04 -2.684074e+00 -6.503693e-02 -5.539937e+00 +2.270535e+02 -4.309085e+03 -6.476648e+05 +1.310844e+09 -7.245506e+08 +4.116609e+08 +5.962418e+12 +2.594565e+14 +1.177377e+17 -3.679749e+20   +8.731238e-07 +1.804777e-04 -1.943925e-03 -9.504203e-02 -7.203231e+00 +1.398121e+01 +1.085164e+04 -3.860133e+05 -5.606831e+07 +1.262461e+09 +8.633563e+10 +1.676545e+13 -1.109561e+15 +1.924531e+17 +8.330538e+18   
S15-047   +3.998300e+00   +1.683369e-06 +1.095892e-04 -2.693547e+00 -9.006048e-02 -2.081622e+00 -7.041183e+00 -9.309239e+03 -9.468874e+05 +1.286721e+09 -9.140655e+07 -1.089598e+11 -5.187042e+12 +2.107859e+15 +3.884881e+16 -3.743541e+20   +5.646892e-07 +1.827725e-04 -2.609657e-03 -1.354986e-01 -8.728687e-02 +1.029721e+02 -5.185546e+03 +2.372384e+05 -7.924093e+07 -2.098003e+09 +3.021807e+11 +1.776866e+13 -1.019267e+14 +3.347545e+17 +5.095088e+18   
S15-048   +3.997650e+00   +9.858172e-07 +1.376189e-04 -2.656723e+00 -1.243675e-01 -1.123720e+01 -1.316590e+02 -1.236796e+04 -3.941486e+05 +1.309085e+09 +1.292746e+09 +1.262546e+11 +1.164616e+13 +8.441955e+14 +1.529727e+17 -3.721634e+20   +1.120087e-06 +1.796561e-04 -8.474059e-04 -1.122067e-01 -4.943990e+00 +9.962330e+01 -2.544332e+02 +1.536190e+05 -5.730091e+07 +5.151497e+08 +7.097202e+09 +1.879729e+12 -5.335475e+14 +1.645703e+17 +1.356661e+19   
S15-050   +3.998200e+00   +2.464279e-06 +1.290897e-04 -2.702126e+00 -3.405115e-02 -1.623076e-01 +2.492323e+02 -1.000207e+04 -2.178386e+05 +1.257243e+09 +2.585729e+09 -7.497064e+10 -2.598832e+12 +1.362805e+15 +1.046061e+17 -3.784686e+20   +3.049510e-07 +1.482400e-04 -2.921787e-03 -2.338548e-02 +3.408209e+00 +1.119650e+02 +1.456867e+03 -9.025882e+04 -2.270347e+07 -1.670933e+09 +1.753808e+11 +1.129565e+13 -7.692604e+14 +2.394264e+17 +7.198712e+18   
S15-051   +3.998150e+00   +1.550138e-06 +1.405817e-04 -2.697488e+00 +5.287851e-02 -4.292063e+00 +1.706262e+02 -1.215845e+04 -2.992399e+05 +1.298915e+09 +9.668339e+08 -3.839298e+10 +7.892093e+11 +1.611856e+15 +1.044367e+17 -3.683571e+20   +3.820267e-07 +1.743679e-04 -2.187307e-03 -9.439681e-02 +1.625603e+00 +1.120042e+02 -3.104678e+03 +1.339200e+05 -8.038435e+07 +3.883379e+08 -1.435398e+11 +1.131564e+13 -1.444055e+15 +1.879864e+17 +4.534295e+18   
S15-052   +3.998150e+00   +1.706070e-06 +1.163836e-04 -2.687058e+00 -1.726766e-01 -7.024984e+00 +2.222542e+02 -1.936713e+04 -1.082082e+06 +1.174187e+09 -8.519045e+08 -2.233354e+11 +5.620257e+12 -1.797617e+14 +1.858386e+17 -3.478724e+20   +2.839018e-07 +1.513302e-04 -7.151525e-04 +2.248158e-02 +7.852842e+00 +7.162488e+01 -8.283379e+03 -4.645831e+05 -3.420157e+08 -1.741732e+09 +9.080285e+10 +4.523302e+12 +7.022605e+14 +1.190644e+17 +5.597849e+19   
S15-053   +3.997950e+00   +1.640018e-06 +3.236766e-05 -2.703133e+00 -3.257685e-01 -7.362493e+00 +3.027619e+02 -1.821644e+04 -9.982446e+05 +1.316621e+09 +1.630641e+09 +3.081824e+11 +5.336235e+12 +1.095250e+15 +1.580875e+17 -3.609675e+20   +7.635333e-07 +6.343716e-05 -1.129267e-03 +3.179767e-01 -5.057572e+00 +8.869446e+01 +9.132065e+03 -1.133769e+05 -1.212833e+08 -3.992123e+09 +9.017279e+10 +1.589440e+13 -1.966855e+15 +9.838647e+16 -4.055063e+18   
S15-054   +3.995700e+00   +1.647039e-06 +8.346062e-05 -2.688715e+00 +1.906370e-02 -3.519674e+00 -8.948970e+01 -1.346321e+04 -1.409209e+06 +1.259930e+09 +5.241187e+09 -1.234958e+11 +6.957327e+13 -3.752521e+15 +1.744509e+15 -3.828753e+20   +7.736419e-07 +8.974921e-05 -7.901792e-04 +9.505874e-02 -2.174294e+00 -2.811955e+02 +3.565638e+03 -6.774380e+05 -3.539770e+07 -9.074863e+09 +1.601474e+12 -5.929274e+13 -5.133714e+14 -4.293808e+16 +3.197297e+19   
S15-055   +3.997550e+00   +2.362231e-06 -6.081467e-05 -2.700977e+00 -6.018744e-01 +9.432050e+00 -1.926952e+02 +7.358987e+01 -1.139126e+06 +1.340013e+09 +1.139253e+09 -1.112073e+11 +1.007566e+13 +5.417208e+14 +7.614169e+16 -3.742320e+20   -7.214496e-07 +2.015016e-04 -1.987067e-03 -2.414613e-01 +2.136891e+01 +1.280627e+02 -1.838098e+04 +1.057041e+05 -4.983272e+07 +2.518082e+09 -4.885682e+11 +1.513533e+13 -5.606366e+14 +1.215062e+17 +1.414118e+18   
S15-056   +3.998400e+00   -1.114722e-07 +8.905080e-05 -2.689426e+00 -1.750045e-01 -2.543007e+01 +6.674967e+01 -2.048150e+04 -1.978998e+05 +1.275515e+09 +9.907738e+08 +3.978139e+11 +1.418939e+13 +1.304340e+15 +1.213377e+17 -3.757000e+20   +8.249685e-07 -5.174695e-05 -1.470334e-03 +7.174190e-01 -4.698249e+00 +5.626391e+01 +8.812095e+03 -1.138147e+06 -8.195361e+07 -7.919603e+09 +3.608718e+10 +3.127799e+12 -1.049058e+15 +1.961401e+17 +1.416397e+19   
S15-057   +3.998350e+00   +1.533104e-06 +9.119809e-05 -2.717096e+00 -6.477364e-02 -9.906909e+00 +2.257080e+02 -2.224861e+04 -4.039219e+05 +1.300663e+09 +2.573086e+09 +2.088174e+11 +1.785722e+13 +1.125900e+15 +6.574492e+16 -3.735333e+20   +9.862946e-08 +1.417035e-04 -2.471762e-03 -4.405917e-02 +5.495915e+00 +2.434865e+01 -6.697585e+03 +9.927698e+03 -8.787560e+07 -9.740458e+08 +1.606807e+11 +1.402825e+13 -1.627792e+15 +1.598192e+17 +1.351327e+19   
S15-058   +3.998300e+00   +1.382925e-07 +1.409776e-04 -2.693395e+00 +1.280327e-01 -2.431517e+01 +4.260621e+02 -3.107868e+04 +1.314658e+05 +1.292434e+09 -1.610681e+09 +2.478153e+11 -1.840509e+12 +6.607501e+14 +6.712103e+16 -3.603021e+20   +8.075370e-07 +2.121523e-04 -3.273934e-03 -3.842881e-01 +9.288030e-01 +9.988518e+01 -5.449874e+03 +6.440740e+05 -9.529748e+07 +3.443926e+09 +1.591658e+11 +6.332829e+12 -4.236305e+14 +1.422023e+17 +8.949133e+18   
S15-059   +3.998350e+00   +1.380307e-06 +1.052976e-04 -2.725187e+00 -1.010233e-01 -1.586856e+01 +8.241230e+01 -3.226376e+04 -1.091364e+06 +1.263057e+09 +6.907679e+09 +6.301399e+11 +5.587860e+13 +5.965871e+14 -1.727530e+17 -3.515358e+20   +6.501374e-07 +1.452395e-04 -1.842565e-03 -1.018343e-01 +1.277863e+00 -1.035530e+02 -4.652314e+03 +6.847280e+05 -1.348717e+08 -2.496946e+08 -2.103240e+11 -2.924736e+13 +6.154991e+13 +1.385677e+17 +7.892528e+18   
S15-060   +3.998700e+00   +1.522207e-06 +9.397282e-05 -2.706092e+00 -2.896019e-02 -1.055412e+01 -1.770170e+02 -2.119419e+04 -1.606179e+05 +1.331183e+09 -9.647946e+08 +1.151202e+11 +8.766489e+12 +9.610021e+14 +7.098910e+16 -3.799500e+20   +8.931275e-07 +1.522540e-04 +1.440034e-04 -9.931450e-02 -7.794866e+00 +4.899625e+01 +9.605309e+03 +2.109390e+05 -8.846668e+07 +1.611469e+08 +2.409862e+11 +2.469749e+13 -1.763851e+15 +3.091835e+17 +4.330335e+17   
S15-061   +3.998500e+00   +1.439570e-06 +1.369526e-04 -2.703259e+00 +9.937702e-02 -7.426285e+00 +1.261843e+02 -2.181175e+04 +1.348566e+05 +1.332450e+09 -2.038458e+09 +1.214006e+11 +1.687503e+13 +3.340163e+13 +1.653775e+16 -3.804124e+20   +5.157204e-07 +1.149302e-04 -9.743339e-04 +8.580015e-03 -2.211189e+00 +5.697599e+00 +7.034816e+03 +2.491211e+05 -9.405069e+07 -2.389022e+09 +2.973085e+09 +2.313934e+12 -2.643386e+14 +2.423378e+17 +7.851567e+18   
S15-062   +3.998150e+00   +2.234305e-06 +5.887445e-05 -2.679857e+00 -1.820529e-01 +4.648260e+00 +1.827685e+01 -3.821718e+03 -3.709538e+05 +1.317469e+09 +1.664271e+09 -3.220094e+11 +1.088088e+13 +1.481916e+15 +1.306295e+17 -3.762080e+20   +4.237260e-06 +9.736541e-05 -7.528479e-04 +1.245193e-01 -5.882881e+01 +7.788705e+01 +6.524810e+04 -4.067804e+05 -9.706917e+07 -1.661086e+08 +1.230019e+12 +4.728742e+11 +5.236752e+13 +1.248660e+17 +1.376039e+19   
S15-070   +3.997800e+00   +1.275883e-06 +1.843939e-04 -2.682861e+00 +8.077190e-02 -6.972520e+00 +1.105731e+02 -1.794207e+04 +2.413191e+05 +1.022531e+09 +4.236368e+09 +7.958009e+10 +5.693174e+12 +1.337590e+15 +2.863095e+17 -3.311907e+20   +1.115798e-06 +2.870899e-04 +6.648217e-04 -3.864098e-01 -6.572848e+00 +1.044024e+02 +9.003855e+03 +9.526847e+05 -3.104187e+08 +3.718790e+09 +5.630407e+10 -7.086685e+12 +7.688151e+14 +9.163370e+16 +6.460451e+19   
S15-072   +3.997850e+00   +1.652263e-06 +1.295500e-04 -2.680388e+00 -5.095761e-02 -5.765769e+00 -7.339517e+01 -1.042740e+04 +1.825154e+05 +1.245631e+09 +5.085581e+08 +3.378764e+10 -1.712197e+13 +1.004267e+15 +9.315642e+16 -3.745323e+20   +4.775617e-07 +1.560046e-04 -6.112558e-04 -6.204122e-02 +3.394402e+00 +2.046488e+01 +4.352114e+03 -2.702000e+05 -2.231660e+07 +1.929694e+09 +3.694348e+10 +5.559013e+12 +1.035490e+15 +1.382628e+17 -8.053969e+18   
S15-076   +3.997900e+00   +2.527980e-06 +1.200640e-04 -2.646902e+00 -1.229219e-01 +6.629736e+00 -6.506193e+01 +4.493146e+03 -4.812502e+05 +1.287480e+09 +2.314577e+09 -2.046780e+11 +1.164195e+13 +1.328606e+15 -2.133865e+16 -3.733665e+20   +6.464709e-07 +1.110047e-04 -1.243492e-03 +9.133898e-02 +2.998024e+00 -1.094147e+01 +9.147532e+03 -9.325116e+05 -4.133943e+07 -5.282268e+08 -7.251057e+10 +5.614950e+12 +4.058353e+14 -4.743923e+15 -9.345872e+18   
S15-078   +3.997850e+00   +2.012733e-06 +1.499353e-04 -2.683705e+00 +7.177398e-02 -8.507808e-01 -9.058239e+01 -1.631924e+02 +7.248411e+05 +1.224762e+09 +2.998134e+09 -7.245339e+10 +8.622655e+12 +1.957650e+14 +1.612855e+17 -3.672494e+20   +9.253001e-07 +1.303774e-04 +1.276773e-04 +3.271041e-02 -1.712261e+00 +1.120521e+02 +1.108561e+04 -5.253689e+05 -5.422397e+07 +2.325341e+09 -8.458752e+10 +6.772868e+12 -1.088818e+14 +5.060585e+16 +4.598539e+18   
S15-079   +3.997700e+00   +2.342233e-06 +1.548036e-04 -2.678295e+00 -7.730555e-02 -3.741842e-01 -2.553126e+01 -4.489974e+03 -5.798274e+05 +1.285438e+09 +1.116276e+09 -2.219623e+11 +1.231685e+12 +9.308530e+14 +3.090024e+17 -3.749033e+20   +2.274170e-07 +1.691856e-04 -1.664905e-03 -3.662651e-02 +8.068800e+00 +2.191905e+02 -4.065778e+03 -6.307517e+05 -4.955677e+07 -3.046427e+09 +1.533345e+11 +4.711802e+12 -2.425459e+14 +1.019192e+17 +1.701688e+18   
S15-087   +3.998000e+00   +1.382500e-06 +2.080277e-04 -2.663867e+00 +1.986901e-01 -9.294307e+00 +3.828854e+01 -1.310558e+04 +7.839815e+04 +1.081529e+09 -4.027156e+09 +2.513222e+10 +4.648999e+12 +8.657539e+14 +1.698381e+17 -3.488244e+20   +1.112772e-06 +1.167127e-04 +1.894026e-04 +8.281261e-02 -8.422769e+00 +1.543755e+02 +5.195325e+03 -8.494462e+05 -3.433099e+08 -1.236368e+09 +2.055796e+11 -2.905193e+12 +1.776666e+14 +1.305069e+17 +4.344962e+19   
S15-091   +3.998600e+00   +1.571489e-06 -1.710603e-04 -2.676514e+00 +2.247691e-01 +3.842390e+00 -4.942102e+02 +9.408991e+03 +1.537012e+06 +1.230865e+09 +1.297997e+08 -4.564730e+10 +1.242048e+13 +1.309172e+15 -1.671898e+17 -3.734380e+20   +3.705735e-07 +9.395751e-05 -5.682882e-03 +2.111843e-02 +3.139524e+00 +2.643183e+02 -2.684367e+03 -9.787388e+05 +3.248632e+06 -4.229100e+07 +3.529775e+10 +3.130596e+12 -1.440324e+15 +8.332334e+16 -1.600132e+19   
S15-092   +3.998550e+00   +2.293387e-06 +1.657120e-06 -2.688062e+00 -7.776632e-02 -9.557930e+00 +1.793488e+02 -2.080616e+04 -1.568784e+05 +1.162642e+09 +1.608219e+09 +1.509935e+10 +2.224488e+13 +8.041930e+14 -2.745145e+16 -3.764067e+20   +6.772270e-07 +1.444051e-04 -2.425499e-03 -2.755706e-01 -7.795616e+00 +1.550241e+02 +1.341079e+04 +3.279991e+05 -2.344189e+07 +2.177372e+09 +4.042490e+11 +7.559983e+12 -2.458611e+14 +1.305957e+17 -2.334214e+18   
S15-093   +3.998650e+00   +1.987087e-06 +2.264636e-05 -2.682560e+00 -2.302822e-01 -1.096800e+01 +6.301377e+01 -1.168768e+04 +1.240372e+05 +1.256340e+09 +1.973752e+09 -1.257986e+11 +3.557216e+13 -4.850600e+14 +1.362604e+17 -3.678104e+20   +3.765984e-07 +7.714786e-05 -2.653768e-03 -1.416905e-02 +8.863829e-01 +2.254974e+02 -5.980731e+03 -3.100404e+05 -7.687707e+07 -2.879489e+08 -7.920653e+10 -2.160005e+13 -1.225063e+14 +1.403489e+17 -1.165687e+19   
S15-099   +3.998300e+00   +1.401965e-06 +4.684491e-05 -2.659325e+00 -1.913099e-01 -3.868196e+00 +2.824578e+02 -1.555908e+04 -2.924508e+05 +1.247680e+09 +3.263119e+09 -2.378883e+10 +1.355847e+13 -3.119388e+14 +9.889873e+16 -3.683210e+20   +4.198504e-07 +1.558574e-04 -4.249976e-03 -1.444378e-01 +3.590323e+00 +1.261659e+02 -2.037053e+03 +4.603341e+04 -6.233734e+07 -2.053565e+09 +1.989776e+11 -1.552329e+12 -5.916595e+14 +2.364404e+16 +1.218882e+18   
S15-100   +3.998550e+00   +1.298282e-06 +8.211262e-05 -2.706549e+00 -2.522604e-02 -3.442075e+00 -1.421696e+02 -5.443223e+03 +2.271707e+05 +1.361949e+09 -1.681394e+09 +2.499803e+11 +1.227823e+13 +4.401413e+14 +1.070561e+17 -3.720256e+20   +8.080764e-07 +1.092618e-04 -3.775951e-03 +1.301770e-02 -7.707476e-01 +1.129966e+02 -1.920938e+03 +2.140715e+04 -1.001561e+08 -2.473701e+09 +2.021004e+11 +2.186274e+12 +1.151988e+15 +1.317024e+17 +9.110738e+18   
S15-101   +3.998550e+00   +1.443463e-06 +3.048252e-05 -2.698798e+00 -1.276739e-01 -5.163947e+00 +1.218453e+02 -1.155157e+04 -2.339375e+05 +1.343582e+09 +3.649751e+08 +1.461832e+11 +9.042538e+12 -9.271171e+14 -1.580051e+16 -3.791664e+20   +7.083478e-07 +8.911700e-05 -3.318963e-03 +5.576892e-02 -1.587627e+00 +4.388823e+00 -3.619502e+03 +5.939748e+04 -8.011942e+07 -2.165364e+09 +1.126744e+11 +4.388526e+12 +3.419722e+14 +2.535717e+17 +2.675250e+18   
S15-102   +3.998700e+00   +1.559386e-06 +7.671066e-05 -2.701983e+00 +1.208560e-02 +1.016282e+00 +2.642759e+01 +4.310231e+03 -1.880658e+05 +1.392395e+09 -3.293355e+09 -1.402353e+11 +9.303491e+12 -2.164163e+15 +2.194505e+16 -3.704006e+20   +4.510388e-07 +1.005006e-04 -4.156133e-03 +8.642934e-02 +2.343801e+00 +8.496391e+01 -3.846510e+03 -7.127837e+05 -1.013467e+08 +1.640472e+09 +1.999123e+11 +6.951904e+12 -6.667564e+13 -2.339722e+16 +4.490830e+16   
S15-103   +3.998250e+00   +1.259073e-06 +4.563632e-05 -2.724915e+00 -6.854934e-02 -4.355310e+00 -1.043283e+02 -6.373719e+03 -4.702047e+04 +1.328323e+09 -7.536497e+08 +9.872834e+10 +1.281670e+13 +3.633215e+14 +7.941692e+15 -3.777318e+20   +2.957051e-07 +1.464636e-04 -1.193911e-03 -7.640983e-02 -3.073680e-02 +9.220759e+01 +5.607381e+03 -1.290242e+04 -1.199764e+08 -1.551174e+09 +2.208995e+11 +8.994017e+12 -1.678437e+15 +1.837738e+17 +1.520824e+19   
S15-104   +3.998400e+00   +1.448404e-06 +5.699030e-05 -2.696474e+00 -7.343612e-02 -9.188983e+00 +1.142302e+02 -2.396223e+04 -4.502168e+05 +1.274677e+09 +1.044006e+09 +1.222205e+11 -1.329954e+13 +5.575490e+14 +1.640163e+17 -3.690044e+20   +7.122879e-07 +1.779181e-04 +6.697677e-04 -2.348391e-01 -5.824495e-01 -1.103094e+01 -3.092264e+03 +3.303374e+05 -2.920281e+08 +3.661122e+09 +1.644542e+11 -2.052799e+11 +1.402660e+13 +8.671201e+16 +4.116517e+19   
S15-105   +3.998200e+00   +1.656497e-06 +6.843925e-05 -2.723135e+00 -5.217520e-02 -4.873320e+00 +2.564196e+02 -1.542387e+04 -3.668156e+05 +1.331940e+09 +5.409582e+08 +3.457976e+10 +9.529258e+12 +5.103602e+14 -2.830211e+15 -3.726607e+20   +3.586982e-07 +1.201503e-04 -1.775634e-03 -8.335949e-02 +4.556783e+00 +1.489805e+01 -4.218008e+03 +1.493113e+05 -1.029198e+08 +1.508033e+09 -1.438890e+09 +6.652711e+12 -2.129745e+14 +1.662537e+17 +6.844232e+18   
S15-106   +3.998200e+00   +1.928818e-06 +1.302053e-04 -2.727868e+00 +3.620702e-01 +3.611155e+00 +1.104033e+02 -1.164856e+03 +6.237154e+05 +1.295384e+09 -4.352976e+09 -4.623180e+10 +7.829293e+12 +8.932987e+14 -5.071642e+16 -3.733262e+20   +1.236649e-06 +1.476709e-04 -2.407780e-03 -1.610128e-01 -9.893407e+00 +3.218421e+01 +1.016846e+04 +2.893847e+05 -8.427835e+07 +1.063354e+09 +3.028750e+11 +2.076314e+13 -6.250018e+14 +9.563749e+16 +5.058589e+18   
S15-107   +3.998400e+00   +1.926614e-06 +7.393582e-05 -2.710844e+00 +1.017578e-01 +2.378806e+00 -2.845918e+01 -7.890301e+03 -2.648857e+05 +1.243930e+09 -1.227236e+09 -1.317730e+11 +6.507931e+11 -2.936955e+14 +9.719550e+16 -3.613305e+20   +1.078047e-06 +1.251512e-04 -1.182641e-04 -5.420218e-02 -5.663618e+00 +1.803785e+02 -1.505025e+03 -1.008807e+05 -2.842572e+08 +1.648779e+09 +2.156450e+11 -1.355746e+13 -1.697619e+14 +1.326965e+17 +3.352291e+19   
S15-109   +3.997750e+00   +2.046107e-06 +6.363842e-05 -2.690536e+00 +1.183612e-01 +2.700204e+00 +1.999432e+02 -7.487987e+03 +3.839872e+03 +1.362881e+09 -2.038234e+09 -1.956137e+11 +1.008663e+13 +5.368780e+14 -4.471358e+16 -3.748889e+20   +4.093863e-07 +1.537066e-04 -2.803630e-03 -2.610031e-01 +3.742240e+00 +7.795913e+01 -6.838849e+03 +4.155850e+05 -6.486879e+07 +1.644257e+09 +6.830067e+10 +1.809844e+13 -9.641396e+13 +8.794114e+16 +7.587626e+18   
S15-110   +3.997950e+00   +1.953287e-06 -2.492027e-05 -2.683263e+00 -2.084339e-01 +1.555349e+00 +7.171005e+01 -8.024730e+03 -1.541589e+04 +1.417999e+09 +2.069729e+09 -2.523541e+11 +9.678910e+12 +6.204910e+13 +3.004140e+16 -3.778259e+20   -4.430213e-07 +1.646848e-04 -1.121401e-03 -1.733561e-01 +2.114639e+01 +3.042412e+01 -2.022560e+04 +5.347150e+05 -5.605400e+07 +1.751864e+08 -2.559174e+11 +7.950162e+12 -3.552991e+14 +1.332836e+17 -5.376095e+18   
S15-111   +3.998150e+00   +1.914866e-06 +1.172817e-04 -2.672879e+00 +2.987702e-01 +1.706688e+00 +2.868039e+01 -8.902387e+03 +8.916624e+05 +1.360577e+09 -2.163572e+09 -1.176261e+11 +1.662051e+12 -3.785488e+14 +8.496282e+15 -3.750147e+20   -1.175354e-07 +7.008934e-05 -2.359716e-03 +1.889282e-01 +1.010442e+01 +1.166868e+02 -9.176907e+03 -4.532221e+05 -1.430928e+07 -2.961910e+09 +1.484592e+10 +9.022728e+11 -7.097142e+14 +1.375625e+17 -8.862917e+18   
S15-113   +3.998500e+00   +1.088917e-06 +1.892505e-05 -2.652582e+00 -3.450634e-01 -9.658357e+00 -6.352542e+01 -1.646424e+04 -8.579380e+05 +1.352809e+09 +2.454842e+09 +3.543599e+10 +1.057312e+13 +2.486570e+14 +1.177356e+17 -3.777429e+20   +1.076319e-06 +1.841698e-04 -6.250707e-04 -2.426172e-01 -5.931557e+00 +7.627845e+01 +3.024097e+03 -6.073260e+04 -1.099522e+08 +5.287015e+08 +2.344049e+11 +1.566838e+12 +3.661566e+14 +8.269866e+16 +1.431990e+19   
S15-116   +3.998150e+00   +2.018382e-06 +4.598282e-05 -2.650869e+00 +2.646339e-02 +6.463019e+00 +3.195798e+02 +1.787518e+03 -9.363313e+05 +1.179416e+09 -6.514430e+08 -4.811465e+11 +2.110067e+13 +2.021078e+15 +2.263609e+17 -3.586216e+20   +9.189072e-07 +7.416795e-05 +9.796333e-04 +3.010640e-01 -6.997766e+00 -2.197647e+01 +8.669184e+01 -2.557163e+05 -4.430659e+08 -3.376224e+09 +1.335561e+11 +7.675868e+12 +1.904385e+15 +1.181442e+17 +6.920481e+19   
S15-117   +3.998350e+00   +7.619273e-07 +5.410734e-05 -2.658747e+00 -1.775393e-02 -1.623756e+01 +2.016337e+02 -1.013907e+04 +4.001896e+05 +1.279711e+09 -1.108474e+09 +1.871002e+11 +3.616122e+10 -1.258560e+15 +1.523283e+17 -3.714417e+20   +2.149335e-06 +1.067631e-04 -1.008258e-03 +1.149610e-01 -2.922283e+01 -2.074058e+01 +3.207596e+04 -8.028494e+05 -1.284186e+07 -2.993807e+09 +2.004026e+11 +7.942084e+12 -1.550136e+15 +4.056051e+16 -9.324716e+18   
S15-118   +3.998050e+00   +3.478303e-06 +4.292082e-05 -2.681050e+00 -1.721167e-01 +2.409228e+01 +2.775951e+01 +9.923325e+03 +2.106056e+05 +1.294465e+09 +2.755256e+09 -5.685134e+11 +4.598707e+12 +1.130282e+15 +1.596956e+17 -3.838159e+20   +8.373700e-07 +1.510780e-04 -2.678438e-04 +1.204573e-03 +1.939630e+00 -4.118498e+01 +5.459624e+02 -7.980721e+05 -2.692545e+07 +1.001603e+09 +7.800168e+10 -4.898776e+12 -2.160481e+15 +1.576883e+17 +9.286887e+17   
S15-119   +3.998150e+00   +2.326010e-06 +6.801848e-05 -2.668239e+00 -8.397907e-02 +7.360574e+00 -1.446165e+02 -1.297784e+03 -1.247696e+05 +1.302864e+09 -1.118546e+09 -2.595853e+11 +5.079424e+12 +1.220391e+15 +3.849275e+16 -3.666038e+20   +8.235884e-07 +2.015803e-04 -1.895344e-03 -3.161395e-01 -1.442494e+00 -5.889852e+01 -2.706014e+03 +4.469162e+05 -5.950497e+07 +4.113077e+09 +1.978480e+10 +1.461785e+13 -4.922036e+13 +1.540971e+17 +1.352541e+19   
S15-120   +3.997900e+00   +3.155159e-06 -4.698677e-05 -2.669597e+00 -5.200643e-01 +1.987454e+01 +1.405791e+02 +1.423509e+04 -7.815658e+05 +1.347705e+09 +5.622412e+09 -4.529290e+11 +5.433090e+12 +8.773649e+14 +1.420035e+16 -3.838365e+20   +1.814792e-06 +2.072174e-04 -2.200108e-03 -3.608547e-01 -1.183683e+01 -1.189620e+02 +4.790488e+03 +4.549421e+04 -3.658351e+07 +6.959301e+08 +4.123517e+11 -5.820048e+12 -8.264867e+14 +6.956665e+16 -2.160665e+18   
S15-121   +3.998450e+00   +2.286396e-06 -5.671640e-05 -2.656382e+00 -3.788333e-01 +9.873661e+00 +8.853593e+01 +6.497583e+03 -7.589596e+05 +1.319040e+09 +3.402098e+09 -3.968248e+11 +5.224577e+12 +5.084570e+14 +9.456612e+16 -3.743195e+20   +1.234521e-06 +3.211397e-04 -2.961405e-04 -8.571281e-01 -1.487119e+01 +6.735625e+01 +2.713759e+04 +1.212174e+06 -6.742370e+07 +7.303095e+09 +4.000783e+11 +1.689479e+13 -1.662512e+15 +1.663423e+17 +8.154110e+18   
S15-122   +3.998300e+00   +2.603094e-06 +4.374747e-05 -2.651432e+00 +4.850126e-02 +7.921497e+00 +9.443241e+01 +2.889103e+02 +4.799847e+05 +1.310323e+09 +1.917799e+09 -2.233472e+11 -2.034608e+12 -6.424933e+14 -3.547015e+16 -3.793107e+20   +9.054916e-07 +2.164589e-04 -5.369650e-04 -3.499697e-01 +2.926924e+00 +1.524073e+02 -4.321659e+02 -3.935615e+05 +4.020946e+06 +5.693225e+09 +1.250767e+11 +2.146577e+13 -9.299972e+14 +2.254690e+17 -6.169987e+18   
S15-123   +3.997900e+00   +3.460379e-07 -1.069315e-04 -2.680237e+00 -6.763436e-01 -2.129890e+01 +5.920113e+00 -2.893864e+04 -1.126245e+06 +1.285315e+09 +4.181548e+09 +1.757393e+11 -3.049346e+11 +4.909768e+14 +3.346730e+16 -3.748936e+20   +4.335424e-07 +1.421994e-04 -6.147855e-04 -7.266778e-02 -5.296571e-01 -1.374688e+01 -1.357447e+03 -6.170022e+05 -7.744356e+07 -1.375844e+09 +2.520016e+11 +1.636599e+13 -4.158793e+14 +1.831068e+17 +2.845737e+18   
S15-124   +3.998150e+00   +1.005663e-06 +1.268266e-04 -2.670313e+00 +2.880840e-01 -5.578983e+00 -4.843655e+01 -9.493708e+03 +1.750719e+05 +1.304760e+09 -3.886467e+09 -2.991966e+10 +4.593587e+12 +2.001103e+15 +3.725365e+16 -3.716346e+20   +1.241309e-06 +6.282678e-05 -6.292508e-04 +1.925712e-01 -1.310928e+01 +1.497497e+02 +7.897498e+03 -7.850468e+05 -9.458222e+07 -2.219894e+09 +2.653465e+11 +5.572215e+12 -8.740775e+14 +1.037906e+17 +9.197359e+17   
S15-126   +3.998150e+00   +1.211796e-06 +1.144392e-05 -2.662484e+00 -1.173027e-01 -1.230171e+01 -2.621030e+01 -1.381018e+04 -5.266323e+05 +1.243953e+09 +2.680427e+09 +3.902650e+11 -4.521199e+12 -5.149569e+14 -1.753734e+17 -3.580386e+20   +7.567205e-07 +1.516255e-04 -5.030667e-04 -6.000080e-02 -4.458299e+00 +5.711211e+01 +4.664988e+03 +6.891605e+05 -1.517635e+08 -8.400810e+08 -7.051902e+10 +3.031347e+13 +5.329895e+14 +1.611150e+16 +1.076683e+19   
S15-127   +3.998250e+00   +1.489771e-06 +2.610767e-05 -2.647016e+00 -6.270038e-02 -4.417313e+00 +4.120305e+00 -7.229650e+03 -6.813598e+04 +1.294058e+09 +1.490696e+09 -4.360645e+10 -1.687708e+12 +9.608361e+12 -1.512212e+16 -3.683339e+20   +5.662337e-07 +1.362898e-04 -8.808996e-04 -2.715601e-02 -1.988507e+00 +1.584714e+01 +6.560758e+03 +1.328273e+04 -4.173238e+07 -3.040955e+09 +1.905272e+10 +3.943685e+11 -1.835407e+15 +1.595649e+17 +8.198482e+18   
S15-128   +3.997900e+00   +4.239353e-07 +7.268764e-05 -2.671215e+00 +6.844588e-02 -2.088879e+01 +2.711769e+02 -1.436754e+04 -4.622164e+05 +1.317034e+09 -2.634976e+09 +2.862638e+11 +1.534009e+13 -7.746529e+14 +2.121741e+17 -3.768949e+20   +2.337589e-06 +1.485607e-04 -7.893594e-04 -9.995638e-02 -2.834311e+01 +8.736169e+01 +1.957603e+04 +3.125648e+05 -6.001106e+07 -1.401079e+09 +7.783249e+11 -1.795650e+13 -1.583641e+15 +1.459632e+17 -3.199222e+18   
S15-130   +3.998200e+00   +8.847639e-07 -1.889336e-05 -2.646448e+00 -3.918846e-01 -1.184598e+01 -2.534030e+01 -1.095927e+04 -1.018653e+06 +1.364679e+09 +3.714612e+09 +2.288579e+11 +2.123091e+12 +1.190772e+15 +1.233024e+17 -3.733222e+20   +3.613971e-08 +1.985116e-05 -2.562961e-03 +4.180049e-01 +1.106409e+01 +1.516330e+02 -7.944022e+03 -7.391451e+05 -9.456028e+07 -6.063346e+09 -7.122245e+10 +2.699442e+12 -1.534617e+15 -3.020487e+15 +1.495125e+18   
S15-131   +3.998050e+00   +1.964815e-06 +7.445697e-05 -2.689901e+00 -1.166926e-02 -8.228041e-01 -1.879636e+02 -3.280394e+03 -1.182882e+05 +1.349645e+09 -1.361357e+09 +1.301505e+10 +1.283221e+12 +8.349088e+14 -2.990375e+16 -3.806643e+20   +4.381589e-07 +9.694474e-05 -1.238719e-03 +2.704451e-02 +4.573382e+00 +5.037478e+01 -4.747807e+03 -1.457414e+05 -8.321682e+07 -8.760438e+08 +5.847868e+09 +2.085673e+13 +6.424272e+14 +1.057625e+17 +8.018359e+18   
S15-132   +3.998300e+00   +1.558958e-06 +3.225951e-05 -2.716467e+00 -2.241702e-01 -3.690881e+00 -2.528044e+02 -1.155941e+04 -7.267654e+05 +1.381513e+09 +1.394658e+09 -1.108100e+11 -5.931306e+12 -1.835587e+14 +1.724555e+16 -3.782545e+20   -7.210512e-08 +1.344603e-04 -2.124858e-03 -2.555304e-02 +7.348698e+00 +8.125486e+01 -7.150496e+03 -3.643591e+05 -8.962429e+07 -1.958081e+08 +8.668046e+10 +1.495822e+13 -8.679119e+14 +1.007962e+17 +1.191227e+18   
S15-133   +3.998350e+00   +1.475949e-06 +7.566561e-05 -2.682624e+00 -2.165357e-03 +9.346786e-01 -1.261570e+00 -7.837808e+03 -1.266972e+05 +1.361888e+09 -9.886943e+08 -8.379994e+10 -1.950537e+12 +3.732727e+14 +6.493869e+16 -3.666410e+20   +1.736575e-07 +8.862718e-05 -1.345841e-03 +1.859773e-01 +8.999270e+00 +3.197924e+01 -1.026592e+04 -7.105023e+05 -5.638728e+07 -3.789070e+09 -2.513194e+11 +1.405023e+13 -1.610077e+15 +9.368017e+16 +7.419378e+18   
S15-134   +3.997650e+00   +3.691671e-08 +5.639473e-05 -2.663537e+00 -1.007423e-01 -2.636186e+01 +2.791092e+01 -2.481874e+04 -5.605961e+05 +1.241552e+09 +7.513627e+08 +5.925811e+11 +4.116476e+12 -2.677906e+14 -3.629973e+16 -3.507030e+20   -5.840009e-07 +6.609553e-05 -3.390434e-03 +1.757740e-01 +1.930008e+01 -6.654582e+01 -7.892777e+03 +1.919930e+05 -8.459833e+07 -6.434148e+09 -3.395435e+11 +4.732415e+13 -1.881337e+14 -6.366408e+15 +7.102768e+18   
S15-136   +3.998450e+00   +2.195482e-06 +2.793765e-05 -2.656667e+00 -1.996417e-01 -1.024681e-01 -4.814968e+01 +3.344458e+03 -2.577619e+04 +1.278977e+09 +3.055967e+09 -3.346744e+10 +1.359510e+13 -4.836119e+14 +5.668381e+16 -3.829131e+20   +1.096652e-06 +1.194555e-04 -2.400921e-03 +5.515565e-02 -6.087699e+00 +8.670200e+01 +9.772584e+03 -6.963563e+05 -1.080049e+08 +6.295865e+07 -6.960267e+10 +1.224503e+13 -1.834552e+15 +7.255777e+16 +1.216442e+19   
S15-137   +3.998050e+00   +1.172113e-06 -1.664286e-05 -2.661095e+00 -2.543347e-01 -1.014123e+01 +1.225896e+02 -1.722153e+04 -6.619117e+05 +1.322338e+09 +3.691335e+09 +8.651653e+10 -7.862913e+12 +1.883665e+15 +3.409094e+15 -3.384705e+20   +1.752260e-06 +1.213613e-04 -1.660063e-03 -8.154648e-02 -1.932000e+01 +1.000479e+02 +2.036800e+04 +6.112825e+05 -1.997233e+08 +2.040201e+09 +2.001914e+11 -1.597783e+13 -4.027068e+14 +6.780108e+16 +2.594137e+19   
S15-138   +3.997600e+00   +5.725413e-07 +1.751080e-05 -2.658745e+00 -2.180172e-01 -1.742257e+01 +8.878890e+01 -2.001829e+04 -4.466487e+05 +1.302899e+09 +5.075986e+09 +3.184338e+11 +3.971355e+12 +1.270204e+15 -2.668233e+15 -3.682032e+20   +1.295779e-06 +7.842601e-05 -2.712480e-03 +9.146763e-02 -1.003434e+01 +4.454765e+01 +7.801201e+03 -1.393212e+05 -1.679818e+07 -2.274371e+09 +2.072982e+11 +3.123081e+12 +1.530044e+14 +1.595707e+17 -7.769412e+18   
S15-139   +3.998200e+00   +1.045342e-06 +4.311240e-06 -2.683485e+00 -2.775937e-01 -1.611559e+01 +6.062068e+01 -2.716267e+04 -4.546989e+05 +1.301169e+09 +2.517908e+09 +3.875717e+11 +1.041186e+13 -1.214375e+14 +1.443760e+17 -3.745333e+20   +1.221550e-06 +1.703161e-04 -1.489065e-03 -1.778702e-01 -1.590915e+01 -5.788847e+00 +1.728226e+04 +6.084616e+05 -9.364191e+07 +8.128908e+08 +2.793445e+11 +2.066933e+13 -6.110690e+14 +7.438232e+16 +1.207231e+19   
S15-140   +3.998000e+00   +1.042939e-06 +1.678107e-05 -2.659832e+00 +8.547706e-03 -6.959857e+00 +1.325825e+02 -1.059014e+04 -9.281943e+05 +1.337095e+09 -5.327809e+08 +1.648411e+11 +5.369180e+12 +3.192669e+14 +9.594125e+16 -3.639257e+20   +4.603867e-07 +1.660947e-04 -4.064345e-03 -1.320632e-01 +3.678889e+00 +1.077564e+02 -6.480955e+03 +1.637104e+05 -5.511151e+07 -5.771488e+09 +1.800138e+11 -2.181140e+12 -8.548004e+14 +9.784585e+16 -3.125545e+18   
S15-141   +3.998200e+00   +1.208612e-06 +1.532970e-05 -2.657188e+00 -1.429711e-01 -8.540638e+00 +1.531479e+02 -1.065562e+04 -3.976785e+05 +1.296415e+09 -2.877985e+08 +1.177757e+11 +1.448108e+12 +5.382987e+14 +5.384466e+16 -3.812703e+20   +3.879223e-07 +1.420811e-04 -2.164787e-03 -1.349726e-02 +8.536171e+00 +1.361566e+02 -1.089332e+04 -8.808794e+05 -6.958041e+07 +2.203195e+09 -2.183530e+10 +4.904850e+12 -2.597336e+14 +1.198473e+17 +1.049893e+19   
S15-142   +3.998300e+00   +8.150211e-07 +7.201683e-06 -2.658297e+00 -1.069586e-02 -1.174452e+00 +1.671891e+02 -2.719413e+04 -3.868767e+05 +1.311448e+09 -3.165800e+09 +5.114784e+10 -3.877488e+12 -2.537253e+14 +7.607483e+16 -3.771660e+20   +9.295321e-07 +1.271647e-04 -3.351207e-03 -8.824390e-03 -4.317007e+00 +1.047578e+02 +6.090736e+03 +5.302529e+05 -1.254276e+08 -1.664437e+09 +2.047924e+11 -4.447763e+12 -8.207966e+14 +1.664786e+17 +3.681775e+17   
S15-143   +3.998850e+00   +2.425027e-06 +2.182823e-05 -2.660037e+00 -2.277610e-01 +1.098616e+01 -1.381369e+02 +5.405389e+03 -2.431603e+05 +1.292003e+09 +2.125443e+09 -2.466070e+11 +7.077972e+12 +1.201497e+15 +1.225978e+17 -3.619761e+20   +8.977576e-07 +1.855494e-04 -6.192418e-04 -2.616165e-01 -2.644075e+00 +1.062095e+02 -7.351203e+03 +4.528712e+05 -1.287228e+08 +4.963127e+09 +1.004057e+11 +2.426163e+13 +2.672051e+13 +8.669798e+16 +5.116108e+18   
S15-145   +3.998250e+00   +1.277659e-06 +6.226807e-05 -2.658471e+00 +1.192779e-02 -4.228237e+00 -2.174805e+01 -7.366886e+03 -5.804620e+04 +1.318300e+09 +2.843226e+08 -6.533341e+10 +1.147934e+13 +4.390126e+14 +9.020569e+16 -3.680528e+20   +4.400648e-07 +1.124092e-04 -8.301587e-04 +4.178858e-02 +1.111437e+00 +5.674913e+01 +1.297807e+02 -1.708952e+05 -5.277449e+07 -2.231512e+09 +7.137160e+10 +3.984678e+12 -8.114433e+14 +1.601265e+17 +1.492151e+19   
S15-146   +3.998600e+00   +2.244352e-06 +1.878101e-04 -2.660856e+00 +6.023626e-01 +7.746479e+00 +2.111968e+02 +6.108468e+03 +1.329632e+06 +1.334615e+09 -7.500540e+09 -3.383487e+11 +9.756760e+12 +4.840794e+14 +6.288196e+16 -3.685868e+20   +1.162650e-06 +4.322333e-05 -1.851518e-05 +3.377570e-01 -8.275219e+00 +1.232674e+02 +5.664205e+03 -6.632159e+05 -1.035212e+08 -4.286168e+09 +1.672218e+11 +7.280548e+12 -8.700318e+14 +1.122555e+17 +1.279545e+19   
S15-148   +3.997550e+00   +3.095541e-06 +6.021323e-05 -2.639814e+00 +3.755185e-02 +1.878251e+01 -2.303965e+01 +7.243099e+03 -2.154926e+05 +1.312756e+09 +1.432529e+09 -5.062643e+11 +1.889042e+13 +9.412220e+14 +9.236858e+16 -3.679189e+20   +7.072019e-07 -3.001503e-05 -2.861845e-03 +5.184661e-01 +1.206757e+00 +2.311514e+01 +4.281297e+03 -4.652635e+05 -3.308777e+07 -6.310625e+09 -4.448915e+08 +4.938000e+12 -4.375325e+14 +1.209529e+17 -5.526760e+18   
S15-149   +3.997850e+00   +2.151902e-06 +8.872476e-05 -2.661911e+00 -4.572750e-03 +1.045390e+01 -1.456390e+02 +1.196754e+04 -5.909589e+05 +1.231167e+09 +6.710674e+07 -3.885681e+11 +7.658571e+12 -3.469470e+13 +1.564397e+17 -3.503571e+20   +6.833395e-07 +2.043219e-04 -4.612882e-04 -3.673595e-01 -4.240094e+00 +6.966297e+01 +3.589062e+02 +8.289423e+05 -2.701007e+08 +4.542619e+09 +1.675451e+11 -2.015564e+13 -7.033973e+13 +8.447278e+16 +3.984549e+19   
S15-154   +3.997500e+00   +2.349598e-06 +4.550477e-05 -2.645931e+00 -6.399792e-03 +6.058106e+00 -3.045631e+01 -5.478146e+03 -2.471498e+05 +1.318250e+09 +7.888053e+08 -2.812158e+11 +4.665466e+12 +8.384971e+14 +1.156252e+16 -3.655557e+20   -5.047562e-07 +2.015093e-04 -1.807804e-03 -4.429601e-01 +1.136310e+01 +1.230102e+02 -8.682452e+03 +7.895900e+05 -7.384273e+06 +3.288165e+09 -6.697543e+10 +8.329383e+12 -2.526472e+14 +1.380342e+17 +5.197611e+17   
S15-155   +3.998250e+00   +1.484735e-06 +2.847788e-05 -2.672372e+00 -1.772060e-01 -1.716512e+00 +5.148085e+01 -4.600555e+03 -7.922261e+05 +1.258731e+09 +1.202584e+09 -9.960625e+07 +9.115621e+12 -5.694096e+14 +6.824736e+16 -3.750268e+20   +6.868723e-07 +7.848234e-05 -4.577410e-03 +1.235345e-01 +9.283464e-01 -1.469523e+01 +7.279647e+02 -1.721908e+05 -1.168492e+08 -2.351529e+09 +6.184788e+10 +6.966363e+12 -1.756950e+15 +8.831584e+16 +2.554303e+18   
S15-156   +3.998450e+00   +1.399730e-06 +4.216977e-05 -2.673096e+00 -1.371379e-01 -4.032040e+00 -9.818747e-01 -1.061317e+04 -4.852798e+05 +1.322626e+09 +2.908662e+08 -6.992790e+10 +6.977504e+12 +4.983091e+14 +7.276862e+16 -3.690403e+20   +6.417494e-07 +1.078035e-04 -4.684703e-03 +7.647771e-02 +2.490595e-01 +5.555295e+01 +4.411680e+03 -9.326794e+05 -8.878118e+07 +2.882002e+08 +2.291151e+10 -1.582251e+13 +5.723820e+14 +1.123276e+17 +4.289567e+18   
S15-157   +3.998000e+00   +2.104003e-06 +4.770555e-05 -2.700078e+00 -4.997861e-02 -4.347519e+00 +1.813450e+02 -1.320578e+04 -1.868214e+05 +1.125270e+09 -1.705008e+09 -1.083643e+11 -1.484494e+13 +1.166254e+15 +1.676031e+17 -3.414272e+20   -6.234320e-07 +7.512414e-05 -1.106932e-03 +2.596793e-01 -4.567861e+00 +1.145230e+02 +5.935565e+03 -8.951463e+05 -4.314800e+08 -4.701631e+08 +2.797539e+11 +1.892313e+13 -5.733689e+14 +1.207112e+17 +6.502134e+19   
S15-159   +3.998050e+00   +1.794581e-06 +1.043689e-04 -2.686752e+00 +7.063634e-02 +9.709749e-01 +4.875807e+02 -5.858228e+03 -3.736777e+05 +1.195223e+09 -1.445407e+09 +1.963740e+11 -2.866793e+12 -5.407929e+14 +1.384167e+17 -3.573074e+20   +5.641870e-07 +1.619902e-04 -1.193268e-03 -8.118750e-02 -1.878955e+00 +3.919096e+01 -2.544881e+03 +1.706835e+05 -2.714098e+08 -2.154645e+09 +4.257115e+10 +5.906282e+12 -1.583998e+14 +9.919653e+16 +3.358657e+19   
S15-162   +3.998050e+00   -1.554447e-07 -8.136209e-06 -2.690059e+00 +1.758132e-01 -3.207351e+00 +1.609112e+02 -1.981237e+04 +1.894950e+05 +1.342875e+09 +5.164433e+08 -3.870539e+11 +1.873165e+13 -2.617719e+14 -1.862027e+16 -3.810798e+20   +1.238519e-06 +1.635359e-04 -2.486353e-03 -1.337655e-01 -7.006348e+00 -2.784217e+01 +3.333192e+03 -2.090695e+05 +8.791558e+06 -1.119660e+09 +3.908195e+11 +2.188646e+13 -1.687159e+15 +3.359720e+17 +7.126254e+17   
S15-164   +3.997500e+00   +1.282474e-06 +8.650964e-05 -2.666399e+00 -5.825661e-02 -5.899192e+00 +6.323512e+01 -1.208894e+04 -3.269596e+05 +1.292654e+09 -9.320248e+08 -5.101528e+09 +1.281919e+13 +8.513921e+14 +4.266827e+16 -3.694399e+20   +6.134682e-07 +1.549089e-04 -1.724989e-03 -5.450697e-03 -1.918732e+00 -1.881103e+00 +7.620588e+03 -3.665083e+05 -3.530146e+07 -3.625861e+08 +1.524314e+11 +9.697901e+12 -4.955077e+14 +1.392815e+17 -6.450747e+18   
S15-165   +3.997900e+00   +3.536146e-07 +1.375154e-05 -2.643585e+00 +8.018340e-02 -8.131437e-02 +3.354233e+02 -1.834900e+04 -4.144581e+05 +1.275699e+09 -1.959925e+09 -6.137009e+11 +6.192333e+12 -1.078202e+15 +4.304175e+16 -3.570707e+20   +7.078584e-07 +1.083870e-04 -3.781155e-04 +1.605255e-02 -5.174909e-01 -1.431199e+01 +2.016762e+02 -3.402134e+05 -2.465342e+07 -4.192704e+09 +1.532635e+11 +1.218633e+13 -2.713527e+15 +1.665365e+17 -5.149986e+18   
S15-166   +3.997900e+00   +2.141032e-06 +4.392293e-05 -2.670034e+00 -1.696730e-01 -2.581931e+00 -1.468357e+01 -1.768038e+04 -1.124161e+06 +1.253687e+09 +8.924745e+07 -1.105851e+11 +1.647258e+13 +1.632504e+15 +1.110844e+17 -3.739523e+20   +9.238718e-07 +1.395456e-04 -5.133100e-04 -4.259851e-02 -8.243228e+00 +8.895938e+00 +7.550006e+03 +8.575667e+04 -3.056144e+07 -2.039707e+09 +2.378645e+11 +3.615596e+12 -2.114760e+15 +1.858733e+17 -1.164317e+19   
S15-167   +3.998200e+00   +1.692891e-06 +1.112998e-04 -2.640523e+00 +3.511868e-02 -6.206465e+00 -2.259309e+02 -1.629565e+04 -2.385887e+05 +1.237344e+09 +2.356970e+09 -5.590463e+09 +2.907708e+13 -1.851108e+15 -8.861413e+15 -3.553734e+20   +4.239565e-07 +1.467719e-04 -6.140968e-04 -9.164426e-03 -8.159447e-01 +8.462781e+01 +9.213141e+03 +2.644395e+05 -1.246779e+08 -1.334488e+09 +3.099357e+11 +7.587059e+12 -1.918122e+15 +2.191427e+17 +8.518566e+18   
S15-168   +3.998050e+00   +1.353462e-06 +5.320236e-05 -2.643416e+00 -3.404222e-02 -2.120117e+00 +9.971864e+01 -6.302598e+03 +8.918008e+04 +1.219880e+09 -1.332599e+09 +1.080673e+10 +1.330522e+13 +1.467702e+15 -4.320006e+15 -3.559043e+20   +4.889464e-07 +1.450212e-04 -6.736562e-04 +2.157066e-02 -1.073571e+00 +6.203994e+01 +1.932752e+03 -4.760278e+05 -7.723575e+07 -3.478613e+09 +4.436971e+10 +1.804919e+13 -1.816359e+15 +2.280412e+17 +1.162866e+19   
S15-170   +3.998050e+00   +1.243568e-06 +3.871007e-05 -2.632466e+00 -3.438901e-02 +3.294919e+00 +3.865655e+02 -7.491477e+03 -5.979973e+05 +1.287200e+09 -6.867015e+08 -4.588372e+10 +9.216783e+11 +3.335951e+14 +8.595213e+16 -3.757614e+20   +9.592649e-07 +1.314057e-04 -1.165017e-03 +1.273461e-01 -2.804615e+00 +6.135814e-01 +9.297858e+03 -8.964238e+05 -7.778472e+06 -3.454574e+09 +1.153225e+11 -2.084100e+13 -1.209755e+15 +1.730844e+17 -8.055024e+18   
S15-171   +3.998000e+00   +1.506827e-06 +3.669325e-05 -2.639720e+00 +6.626893e-02 +9.194605e+00 +9.916151e+01 -5.788779e+03 -1.323409e+04 +1.276873e+09 -1.997687e+09 -2.906208e+11 +1.048600e+13 -6.962566e+14 +2.271403e+16 -3.734182e+20   +3.375020e-07 +1.606165e-04 -7.315933e-04 -7.843639e-02 +6.252329e+00 +7.244462e+01 -6.233677e+03 -5.292626e+05 -5.132111e+07 -1.106491e+09 +1.210596e+11 +1.995285e+13 -1.607255e+15 +1.975100e+17 -4.340703e+18   
S15-172   +3.998150e+00   +1.086203e-06 +8.923099e-05 -2.632505e+00 -7.979293e-02 -5.568208e+00 -1.168629e+01 -2.746568e+03 -2.499151e+05 +1.225417e+09 -4.957240e+08 +2.234609e+11 -2.603402e+11 -9.888246e+14 +9.506732e+16 -3.647379e+20   +9.987769e-07 +1.752157e-04 -1.088437e-03 -1.346005e-01 +7.868212e-01 +1.315034e+02 -7.968143e+03 +1.773324e+05 -3.605055e+07 -3.642912e+06 +7.912287e+10 +2.740785e+12 -1.079021e+15 +1.689014e+17 -5.130188e+18   
S15-174   +3.998250e+00   +1.297334e-06 +6.325282e-05 -2.630456e+00 -6.815002e-02 -2.685758e-01 +1.492392e+02 +1.873642e+03 -5.288789e+05 +1.239694e+09 +2.695072e+09 -9.780226e+10 -8.979183e+12 +1.235285e+15 -2.327720e+16 -3.576632e+20   +4.437827e-07 +1.756195e-04 -8.739118e-04 -1.650838e-02 +7.155813e-01 +1.184853e+02 -3.220446e+03 +1.341375e+05 -1.091851e+08 -1.174667e+09 +4.494799e+10 -8.249279e+12 +5.619709e+13 +2.274837e+17 +1.022754e+19   
S15-175   +3.998050e+00   +1.574864e-06 +9.795635e-05 -2.665167e+00 +1.586596e-01 +7.354883e+00 +1.055517e+02 -6.073768e+03 +1.547823e+05 +1.290004e+09 +9.125891e+08 -5.017318e+11 +2.044031e+13 -6.136016e+14 +9.073126e+16 -3.748763e+20   +1.219745e-06 -2.361581e-05 -2.010251e-03 +6.761394e-01 -8.009882e+00 +7.247556e+01 +1.528982e+04 -1.235623e+06 -1.139793e+06 -9.396306e+09 +1.821137e+11 +2.466752e+13 -1.350603e+15 +2.044922e+17 -1.258120e+19   
S15-176   +3.997900e+00   +1.794340e-06 +1.233188e-04 -2.658063e+00 +2.535276e-01 +3.048818e+00 -4.695363e+01 -3.489632e+03 +4.898794e+05 +1.313325e+09 -1.776350e+09 -1.785788e+11 -1.790565e+13 +3.138573e+14 +2.875745e+16 -3.745681e+20   +1.238093e-06 +5.300165e-05 -1.751392e-03 +3.469932e-01 -1.225746e+01 +7.248355e+01 +1.467349e+04 -5.286978e+05 +1.409240e+06 -4.440594e+09 +3.726346e+11 +8.126964e+12 -1.045525e+15 +1.113703e+17 -3.760777e+18   
S15-177   +3.998200e+00   +3.201070e-06 +1.366099e-04 -2.689925e+00 +1.087809e-01 +1.694640e+01 -1.023811e+02 +5.531552e+03 -1.175856e+05 +1.148873e+09 -1.409225e+09 -6.015745e+11 +5.370077e+12 +2.307125e+15 +1.530001e+17 -3.486301e+20   -1.358283e-06 +2.280335e-04 -8.676760e-04 -2.866152e-01 +8.667503e+00 +5.188302e+00 -1.049513e+04 -6.868946e+04 -3.938125e+08 +4.698362e+09 +4.065962e+09 -9.915600e+12 -9.755090e+14 +7.912413e+16 +4.972925e+19   
S15-179   +3.998150e+00   +1.734627e-06 +9.783325e-05 -2.714911e+00 +4.754774e-02 -9.420630e-01 -1.160165e+01 -3.775746e+03 -3.818784e+05 +1.180744e+09 +2.121082e+09 -1.055082e+11 +1.763277e+13 -4.310749e+14 +1.015072e+17 -3.564511e+20   -6.742493e-07 +1.692639e-04 +5.506129e-04 +1.518882e-02 -2.287531e+00 +6.173145e+01 -8.225119e+02 -5.176972e+05 -4.116414e+08 -1.819625e+09 +9.044878e+10 -3.642139e+12 +3.736936e+14 +4.732961e+16 +6.618584e+19   
S15-180   +3.997800e+00   +1.260448e-06 +1.520728e-04 -2.671257e+00 +3.416887e-01 -5.636918e+00 -1.179840e+02 -1.473148e+03 +3.752914e+05 +1.322531e+09 -3.760531e+09 +3.500793e+10 +7.419593e+12 +5.826257e+14 +1.571596e+16 -3.754097e+20   -6.381185e-07 +1.024759e-04 -1.896937e-03 +1.636110e-01 +1.881279e+01 +1.117501e+02 -1.364189e+04 -4.287873e+05 -1.722324e+07 -3.400295e+09 -2.836445e+11 +2.193727e+13 -1.058420e+15 +1.471486e+17 +4.098742e+17   
S15-181   +3.997650e+00   +2.114367e-06 +6.022981e-05 -2.680092e+00 -1.611786e-01 +4.337413e+00 +1.058360e+02 -6.762901e+01 -5.950291e+05 +1.169949e+09 +2.021969e+09 +6.628242e+10 +9.647623e+12 +1.641491e+14 +1.729401e+17 -3.659440e+20   +5.639783e-07 +5.468573e-05 -5.085620e-04 +4.333716e-01 -4.344778e-01 +5.373407e+01 +1.645521e+03 -9.836959e+05 -2.422809e+08 -4.175468e+09 +7.298150e+10 +9.797691e+12 -7.477616e+13 +1.231149e+17 +2.857634e+19   
S15-183   +3.997950e+00   +1.465461e-06 +1.141194e-04 -2.676672e+00 +2.365981e-01 -6.220853e+00 -3.648883e+02 -6.245811e+03 +2.203398e+05 +1.336441e+09 -3.061487e+09 +8.183194e+10 -6.996161e+12 +5.102898e+14 -6.097170e+16 -3.754924e+20   +7.669163e-09 +5.738769e-05 -2.445741e-03 +4.651772e-01 +4.032354e+00 +1.724910e+02 +4.446241e+03 -1.052562e+06 -1.995420e+07 -5.987156e+09 -3.992586e+10 +5.082040e+12 -2.374397e+15 +2.320232e+17 -5.052222e+18   
S15-184   +3.998150e+00   +2.514888e-06 +5.807361e-05 -2.704281e+00 -1.164822e-01 +1.189682e+01 +3.753271e+02 -8.816130e+02 -3.506149e+05 +1.093208e+09 +2.154757e+09 +2.463899e+10 -1.108065e+13 +1.306218e+15 +4.678271e+16 -3.502422e+20   -1.387089e-06 +7.849986e-05 -1.877393e-04 +4.239423e-01 +3.534965e+00 +6.885592e+01 -2.571669e+03 -7.884729e+05 -4.143216e+08 -3.866871e+09 -6.859588e+10 +9.452757e+12 -4.505386e+14 +3.572742e+16 +6.323682e+19   
S15-185   +3.997900e+00   +1.551796e-06 +6.093832e-05 -2.685390e+00 -1.815560e-01 -1.108262e-01 +2.568721e+02 -3.682283e+03 -2.273540e+05 +1.128910e+09 -2.614670e+09 +2.175564e+11 -3.258318e+13 +9.417064e+14 +8.533403e+15 -3.387166e+20   +1.998174e-07 +1.772257e-04 +5.912407e-04 -1.238872e-01 +3.689149e+00 +1.514333e+02 +2.875109e+03 -1.805928e+05 -4.107429e+08 +2.242525e+09 -3.723923e+10 +1.057329e+13 -8.860232e+14 +2.992991e+17 +5.372213e+19   
S15-186   +3.997950e+00   +1.743670e-06 +1.279459e-05 -2.680216e+00 -1.466203e-01 -7.988807e-01 +1.914412e+02 -7.125209e+03 -3.161185e+05 +1.219627e+09 -9.572096e+08 +1.364025e+10 +6.425463e+12 +2.159694e+14 +7.727823e+16 -3.719666e+20   +1.962952e-07 +1.617225e-04 -1.089808e-04 -6.858010e-02 +3.888235e+00 +1.375195e+02 -3.918763e+03 -1.149105e+05 -3.244500e+08 +1.952066e+08 +6.032499e+08 +1.784402e+12 +9.390998e+14 +1.531256e+17 +3.798069e+19   
S15-187   +3.998050e+00   +9.676522e-07 +3.854484e-05 -2.685314e+00 -2.094889e-01 -8.073183e+00 +3.074424e+02 -1.166812e+04 -8.007724e+05 +1.235104e+09 +2.912517e+09 +2.401517e+10 -1.133798e+13 -2.686104e+14 +1.002838e+17 -3.617041e+20   +9.270304e-07 +1.647702e-04 -7.999022e-04 +1.066563e-02 -8.461733e+00 +2.178407e+02 +1.010095e+04 -2.501504e+05 -2.341569e+08 -3.371366e+08 +2.848231e+11 +9.337710e+12 -6.523808e+13 +2.510059e+17 +2.428785e+19   
S15-188   +3.997700e+00   +9.586650e-07 +1.047986e-04 -2.682142e+00 -5.761310e-02 -9.378313e+00 -2.368824e+00 -7.633057e+03 -4.599475e+05 +1.206497e+09 +4.443908e+08 +6.842417e+10 -1.884583e+11 -5.492796e+14 +1.064981e+17 -3.534182e+20   +1.222111e-06 +2.020253e-04 +1.339405e-04 -1.425995e-01 -5.301118e+00 +1.303820e+02 +3.343112e+03 +2.315081e+05 -2.945634e+08 -2.482024e+08 +2.909023e+11 +1.455315e+13 -2.037833e+15 +1.248558e+17 +2.809445e+19   
S15-189   +3.999700e+00   +1.392124e-06 +1.115230e-04 -2.688492e+00 +1.152370e-01 -7.105720e+00 -1.129954e+02 -1.598779e+04 +1.882846e+05 +1.347363e+09 -2.326902e+09 -1.373252e+11 -1.928685e+13 +3.104665e+15 +6.591954e+16 -3.675041e+20   +2.810891e-07 +1.085992e-04 -6.328620e-04 +1.370831e-01 +2.205610e+00 +1.117459e+02 -7.473428e+03 -7.643593e+05 -1.358497e+08 -3.711878e+09 -4.754387e+09 +4.716786e+13 -3.553059e+15 +1.661442e+17 +4.895152e+18   
S15-190   +4.000050e+00   +1.625462e-06 +1.315100e-04 -2.680756e+00 +1.237153e-01 -1.327928e+00 +2.073318e+01 +6.479562e+03 +8.588738e+04 +1.194500e+09 -4.646902e+09 +3.241604e+11 +2.908601e+13 +3.434045e+15 +1.376725e+17 -3.852562e+20   +8.059662e-07 +1.898580e-04 -9.219550e-04 -1.322469e-01 -2.586870e+00 +1.276133e+02 +9.098146e+03 -1.570102e+03 -1.250359e+08 -1.318236e+10 -3.517721e+11 +3.034032e+13 +6.846122e+15 +5.123971e+17 -4.625977e+18   
S15-191   +4.002200e+00   +1.926226e-06 +5.548803e-05 -2.683746e+00 -1.232080e-01 -2.660242e+00 +1.164702e+02 -1.455965e+04 +9.996699e+05 +1.162266e+09 +5.150687e+09 -4.337972e+11 -6.795677e+13 -1.285953e+15 +9.890050e+17 -4.496819e+20   +6.002741e-07 +1.906524e-04 -1.390000e-03 -1.420668e-01 +1.951798e+00 +4.172997e+00 +1.251266e+03 -1.608732e+06 -1.790211e+07 +1.211716e+10 -5.238331e+11 -4.862598e+13 -5.848693e+15 +2.288069e+17 +1.812110e+19   
S15-192   +3.997900e+00   +1.896897e-06 +1.457914e-04 -2.696346e+00 +2.130253e-02 +2.747773e+00 -2.917967e+02 -7.456562e+03 -3.812829e+05 +1.181778e+09 -1.740953e+08 -7.780470e+10 +7.718580e+12 +1.329002e+15 +1.096771e+17 -3.576480e+20   +3.180412e-07 +1.679967e-04 +9.782306e-04 -8.624253e-03 +3.745381e+00 +9.907782e+01 -9.616731e+03 +1.264520e+04 -3.532212e+08 +2.886395e+09 +1.097779e+11 -8.259629e+12 +6.101326e+14 +2.202934e+17 +5.368151e+19   
S15-193   +3.999250e+00   +2.329364e-06 +1.417485e-04 -2.671156e+00 +3.785005e-01 +5.082390e+00 +3.024597e+02 -1.367848e+04 -6.257901e+05 +1.277925e+09 -2.070754e+09 +1.066514e+11 +7.599342e+13 +4.969819e+14 -2.867040e+17 -3.761543e+20   -4.187228e-07 +1.268362e-04 -3.105095e-04 +9.340789e-02 +1.345277e+01 +1.906663e+01 -2.904830e+04 -7.148973e+05 -6.902554e+07 -6.919530e+09 -8.244461e+11 -3.707073e+13 -9.086839e+15 +2.266844e+17 +1.888142e+19   
S15-194   +3.997950e+00   +1.439901e-06 +4.177118e-05 -2.682287e+00 +7.600283e-04 -2.775745e+00 +6.753254e+01 -3.469621e+03 +1.707182e+04 +1.184274e+09 +1.178570e+09 +1.523129e+11 +9.088603e+12 -7.252079e+14 +5.124674e+16 -3.536898e+20   +7.151513e-07 +1.537079e-04 +4.502162e-04 -3.014310e-03 -7.168511e+00 +1.097803e+02 +1.026686e+04 -2.363852e+05 -2.441899e+08 -2.233721e+09 +2.115146e+10 -1.983692e+12 -1.439429e+15 +6.937908e+16 +4.245966e+19   
S15-195   +3.998550e+00   +1.879239e-06 +1.848192e-05 -2.681982e+00 +5.210501e-02 -4.014720e+00 -9.715852e+01 -9.016676e+03 -2.400051e+05 +1.279339e+09 -2.890390e+09 +3.016013e+10 +1.587881e+13 +6.364595e+14 -8.072439e+16 -3.695099e+20   +1.197867e-06 +1.948632e-04 -3.507276e-03 +3.375276e-02 -7.899559e+00 -9.810386e-02 +1.016943e+04 -2.578052e+05 -7.262653e+07 -3.834893e+09 +8.277856e+10 +3.183902e+11 -8.979450e+14 +1.176150e+17 +2.436126e+18   
S15-197   +3.998400e+00   +1.920823e-06 +5.997689e-05 -2.714116e+00 +6.229902e-03 -5.441522e+00 +1.761255e+02 -1.217937e+04 +1.748871e+05 +1.319989e+09 +7.274170e+07 +2.725125e+10 -2.540856e+12 -2.138315e+14 +7.707185e+16 -3.703847e+20   +2.804032e-07 +1.341908e-04 -4.515439e-03 +4.773644e-02 -1.787707e+00 +3.289126e+01 +5.251321e+03 -2.190068e+05 -3.892069e+07 -2.440418e+09 +7.337763e+10 +1.983594e+13 -4.745976e+14 +1.329032e+17 +1.168129e+19   
S15-199   +3.998450e+00   +8.667051e-07 +9.190056e-05 -2.669024e+00 +1.655967e-01 -5.754392e-01 -2.347443e+01 -1.291211e+04 -5.362295e+05 +1.324482e+09 -2.407088e+09 -1.578147e+11 +1.989203e+13 -1.025741e+15 +8.403954e+16 -3.730040e+20   +1.177160e-06 +1.640687e-04 -3.011852e-03 -1.761976e-01 -6.258750e+00 +1.341702e+02 +1.175120e+03 +1.601529e+05 -8.302630e+07 +9.728130e+08 +4.601956e+11 -3.835199e+12 -1.141196e+15 +7.076460e+16 +1.639572e+18   
S15-206   +3.997750e+00   +2.027943e-06 +1.645098e-04 -2.661892e+00 +2.541945e-01 +1.233500e+01 -2.460791e+02 +1.350850e+04 +1.536149e+05 +1.304720e+09 -2.315029e+09 -1.200014e+11 -1.246603e+13 -1.383506e+14 +1.118936e+17 -3.586735e+20   +4.186758e-07 +2.139527e-04 -3.861064e-03 -2.403126e-01 +7.883174e+00 +1.679517e+02 -1.062462e+04 +6.223503e+05 -9.868664e+07 +6.627448e+08 -1.162594e+11 -4.017220e+12 -3.759410e+14 +1.464532e+17 +8.111145e+18   
S15-207   +3.997800e+00   +5.936282e-07 +8.393644e-06 -2.653750e+00 -2.452718e-01 -2.030834e+01 -1.265820e+02 -4.787178e+04 -7.894147e+05 +1.339954e+09 +1.845464e+09 +1.746515e+11 +8.818690e+12 +7.558144e+14 +2.154570e+17 -3.870341e+20   +1.407808e-07 +1.935638e-04 -1.538128e-03 -1.751201e-01 +4.842696e+00 +1.328490e+02 -6.941233e+03 +3.306854e+05 -5.131883e+07 +1.453418e+09 -6.585925e+10 +3.572745e+12 -6.515231e+14 +2.331020e+17 -6.375081e+18   
S15-209   +3.998700e+00   +2.261460e-06 +1.037078e-04 -2.646990e+00 +5.698154e-02 +6.468597e+00 -1.638825e+02 -9.897574e+03 -5.786186e+05 +1.255177e+09 -1.867067e+09 -2.177894e+11 +9.822920e+12 +4.813824e+14 +1.469484e+17 -3.608658e+20   -6.094538e-07 +6.890279e-05 -3.675147e-03 +3.244549e-01 +1.225107e+01 +1.502111e+02 -1.313828e+04 -7.031608e+05 -7.429940e+07 -7.053455e+09 -2.776637e+11 -1.701153e+13 -1.370005e+15 +1.224457e+17 -4.128112e+18   
S15-210   +3.998300e+00   +1.375661e-06 +2.297902e-05 -2.649784e+00 -1.477695e-01 -5.375292e+00 +7.900528e+01 -1.847231e+04 -1.141283e+05 +1.351790e+09 -1.035125e+09 +1.237224e+11 -7.935137e+12 +2.969482e+13 +1.983754e+17 -3.689400e+20   +7.984453e-07 +1.618221e-04 -2.664027e-03 -1.066572e-01 -4.329175e+00 +2.781712e+02 +3.254586e+03 -2.094685e+05 -4.933524e+07 +2.084025e+09 +7.975172e+10 -5.549776e+11 -1.237237e+15 +1.342405e+17 -8.205497e+17   
S15-212   +3.997900e+00   +2.405636e-06 +6.257790e-05 -2.661960e+00 -1.124792e-01 +6.610343e+00 +7.750984e+01 -5.026091e+02 +5.437805e+04 +1.299312e+09 +7.370687e+07 -3.305140e+11 -1.545207e+11 +1.559114e+15 +1.618209e+17 -3.674934e+20   +1.422956e-06 +1.749578e-04 -2.975087e-03 -9.562228e-02 -1.531229e+01 +4.954354e+01 +1.372613e+04 +2.261604e+05 -8.641629e+07 +1.262823e+07 +3.569209e+10 -8.166575e+12 -5.941044e+14 +1.936734e+17 -4.980502e+18   
S15-213   +3.998100e+00   +6.264813e-07 +2.489668e-05 -2.688602e+00 -1.926281e-01 -1.183355e+01 -3.967505e+01 -2.635467e+04 -1.298880e+05 +1.328233e+09 +2.208973e+09 +9.686484e+10 +6.334251e+12 +4.024777e+14 +8.658668e+16 -3.772842e+20   +9.153708e-08 +1.227415e-04 -1.676698e-03 +1.484357e-02 +5.292616e+00 +1.295424e+02 -2.350436e+03 -2.754261e+05 -6.781466e+06 +9.807779e+07 +2.577935e+11 +6.883099e+12 -1.402791e+14 +1.645735e+17 -7.296748e+18   
S15-215   +3.998200e+00   +2.456452e-06 +1.259265e-04 -2.680966e+00 +1.245806e-01 +4.062561e+00 +3.930569e+01 -4.201346e+03 -9.898677e+04 +1.332207e+09 -3.448769e+09 -2.005782e+11 +6.444000e+11 +8.200560e+14 +6.111000e+16 -3.710150e+20   +1.447447e-07 +1.253022e-04 -2.739945e-03 +1.587702e-01 +2.631089e+00 +9.168696e+01 +2.846488e+03 -4.060462e+05 -5.653927e+07 -2.147174e+09 -7.749872e+09 +1.423394e+13 -9.862921e+14 +1.545903e+17 +6.739110e+18   
S15-216   +3.997650e+00   +1.391124e-06 +8.080913e-05 -2.688640e+00 -2.366216e-02 -7.179215e+00 -1.416491e+02 -1.341408e+04 -7.534489e+05 +1.383357e+09 +1.233409e+09 +2.774965e+11 +1.286852e+13 -3.762661e+14 -1.028295e+17 -3.745225e+20   +4.261238e-07 +6.170838e-05 -2.006613e-03 +2.224386e-01 -3.354426e+00 +8.685660e+00 +5.470546e+03 -5.729554e+05 -3.866209e+06 -3.037825e+09 +7.984403e+10 +2.800793e+13 +3.659257e+14 +1.216553e+17 -9.277295e+18   
S15-218   +3.998250e+00   +5.023428e-07 +9.336302e-05 -2.677046e+00 +1.417678e-01 -1.916807e+01 +2.142173e+02 -2.442724e+04 -3.188985e+05 +1.311696e+09 -7.398372e+08 +4.698273e+11 +1.226063e+13 +1.151122e+14 +5.779023e+16 -3.679835e+20   +2.713812e-08 +1.532763e-04 -3.441548e-03 +1.912699e-03 +1.510607e+00 +6.691998e+01 +4.390558e+03 -9.791156e+04 -1.006227e+08 -2.043393e+09 -1.981815e+11 +1.905758e+13 -8.602999e+14 +9.129612e+16 -6.060757e+18   
S15-219   +3.997400e+00   +1.335481e-06 +7.456452e-05 -2.672244e+00 -6.362798e-02 -8.062968e+00 +1.060637e+01 -9.952944e+03 +3.775874e+03 +1.334912e+09 +4.695792e+08 +1.201912e+11 +3.265115e+12 +8.201233e+14 +5.643743e+16 -3.689843e+20   +6.648764e-07 +1.897654e-04 -3.478844e-03 -1.346738e-01 +1.264630e+00 +1.146962e+02 -1.910307e+03 +2.320767e+05 -9.379036e+07 +1.450958e+09 -4.919750e+10 -4.781300e+12 -9.818004e+14 +1.380754e+17 +7.963094e+17   
S15-220   +3.997400e+00   +6.261437e-07 +2.943331e-05 -2.672149e+00 -2.988720e-01 -1.160074e+01 +1.604908e+02 -8.364302e+03 -3.589431e+05 +1.305584e+09 +5.207335e+09 +1.568439e+11 +1.386310e+13 -2.325969e+14 +4.347934e+16 -3.808478e+20   +6.331841e-07 +1.004578e-04 -1.949798e-03 +1.006132e-01 -1.917564e-01 +1.956806e+01 -4.760329e+03 -8.646052e+05 -3.106754e+07 -4.560582e+08 +1.044364e+11 +2.304542e+13 -4.431706e+14 +1.555633e+17 -5.045339e+18   
S15-221   +3.997900e+00   -6.383089e-07 +5.597724e-05 -2.683454e+00 +8.232234e-02 -3.407189e+01 -6.947087e+01 -3.945719e+04 -3.454118e+05 +1.324835e+09 -6.914493e+07 +7.077981e+11 +2.544891e+13 -5.295285e+14 -3.753596e+16 -3.711849e+20   +6.217749e-07 +2.166918e-04 -1.009102e-03 -3.567198e-01 +2.781150e+00 +1.405979e+02 -9.800920e+03 +7.983701e+05 -6.123547e+07 +1.734604e+09 +1.849025e+11 +1.451316e+13 -2.976755e+14 +1.061887e+16 -1.221965e+18   
S15-222   +3.998600e+00   +7.079925e-07 +5.399637e-05 -2.659303e+00 -6.511699e-02 -1.480498e+00 +1.355896e+02 -6.264623e+03 -6.444230e+05 +1.321076e+09 +2.042238e+09 -3.110229e+11 +1.239131e+13 -1.159254e+15 +4.157500e+16 -3.659301e+20   +4.399765e-07 +1.258682e-04 -3.655579e-03 +2.737226e-02 +6.757363e+00 +1.406616e+02 -1.375506e+04 +7.269697e+04 -4.678510e+07 -2.955142e+09 +5.268659e+10 +2.814288e+13 -4.006850e+14 +1.953609e+17 +9.252541e+18   
S15-223   +3.997900e+00   +1.708707e-06 +7.402836e-05 -2.660179e+00 -6.817239e-02 -2.134853e+00 +1.876061e+01 -1.496382e+04 +1.151416e+05 +1.326680e+09 +9.087864e+07 -1.774904e+11 +4.010460e+12 -4.463208e+14 +2.463042e+17 -3.709110e+20   +5.776505e-07 +2.004735e-04 -2.985460e-03 -1.634711e-01 -1.946333e+00 +1.192260e+02 -5.146212e+02 +6.359739e+05 -6.062158e+07 +2.351460e+09 +1.798506e+10 +1.654967e+13 -8.446474e+14 +3.021459e+17 +5.570915e+18   
S15-227   +3.997500e+00   +2.271603e-06 +8.948996e-05 -2.675710e+00 +3.447037e-02 +1.002051e+01 -5.750281e+01 -1.715557e+03 -3.042652e+05 +1.296270e+09 -3.085776e+09 -2.644023e+11 +1.805060e+13 +5.234682e+13 +8.104133e+16 -3.710334e+20   +8.291134e-07 +2.302225e-04 -3.601876e-03 -2.618036e-01 -3.296245e-01 +1.306692e+02 -2.109306e+03 +7.594749e+04 -7.668085e+07 +2.589841e+09 +1.459596e+11 +5.163069e+12 +6.583362e+13 +1.195462e+17 -1.617707e+17   
S15-228   +3.996150e+00   +1.554418e-06 +4.518749e-05 -2.680773e+00 -1.738962e-01 -5.345067e+00 +1.023920e+02 -5.748230e+03 -6.294561e+05 +1.350099e+09 -1.697840e+08 -1.960765e+11 +1.883479e+13 +2.683320e+14 +9.593909e+16 -3.528258e+20   +8.346659e-07 +4.126890e-05 -3.082229e-03 +5.134622e-01 -3.861372e+00 +2.276480e+02 +1.597704e+03 -1.022221e+06 -6.052388e+07 -5.408859e+09 +4.897837e+11 +3.557702e+12 +1.976715e+14 +4.897619e+16 -2.671241e+19   
S15-229   +3.998400e+00   +1.851350e-06 -6.902056e-06 -2.644785e+00 -3.214553e-01 +2.715146e+00 -8.261492e+01 -3.617877e+03 -6.360707e+05 +1.295419e+09 +1.958454e+09 -2.633251e+10 +3.829754e+12 +4.190346e+14 +4.015481e+16 -3.697356e+20   +9.593225e-07 +1.780219e-04 -1.697082e-03 -1.162583e-01 -1.885138e+00 +7.553399e+00 -2.831880e+03 -3.805520e+05 -9.858738e+07 +1.863987e+09 +1.432050e+11 -5.732808e+12 -3.694325e+14 +2.474611e+17 -1.018647e+18   
S15-230   +3.998650e+00   +2.036894e-07 +3.250847e-05 -2.658825e+00 -1.980506e-01 -2.366655e+01 -3.368172e+01 -1.895744e+04 -4.633999e+05 +1.305453e+09 +1.132031e+09 +5.256474e+11 +1.555289e+13 +1.485212e+14 -1.018065e+16 -3.691373e+20   -4.079199e-07 +2.347577e-04 -1.138397e-03 -3.451855e-01 +2.194659e+01 +6.203849e+01 -2.068052e+04 +3.567061e+05 -1.206420e+08 +3.139725e+09 -3.532010e+11 +1.415770e+13 -1.020325e+15 +1.166302e+17 +1.232941e+19   
S15-231   +3.997600e+00   +1.896938e-06 -9.583280e-05 -2.649212e+00 -5.215154e-01 +3.613190e+00 -1.669705e+01 -8.519031e+03 -9.432307e+05 +1.285986e+09 +4.402484e+09 -2.202239e+11 +2.360322e+13 +7.194744e+14 +1.124729e+17 -3.660821e+20   +6.405899e-07 +6.419684e-05 -2.970740e-03 +4.675043e-01 +5.957094e-01 +1.346212e+02 -1.441774e+03 -7.278777e+05 -1.252824e+08 -3.842063e+09 +6.316085e+10 +1.101373e+13 -7.442621e+14 +2.032532e+17 +9.201311e+18   
S15-232   +3.998400e+00   +1.675631e-06 +1.354345e-04 -2.666189e+00 +2.246826e-01 +2.978691e+00 -1.201174e+02 +4.918507e+03 +4.202241e+05 +1.276742e+09 -5.373244e+09 -5.660849e+10 +1.495480e+13 -3.547579e+14 -3.030375e+16 -3.757763e+20   -3.041044e-07 +1.987611e-04 -1.128425e-03 -2.422083e-01 +1.292441e+01 +6.200418e+01 -7.996499e+03 +2.691529e+05 -1.026824e+08 +2.407257e+09 -1.435655e+11 +7.291119e+12 -4.464416e+14 +1.973014e+17 +1.150187e+19   
S15-234   +3.997800e+00   +1.410842e-06 +1.138724e-04 -2.652251e+00 +1.260511e-01 -5.790070e+00 +2.574276e+02 -1.184410e+04 +8.968235e+04 +1.300100e+09 +8.768760e+07 +1.222047e+11 +1.499638e+12 +7.322095e+14 +3.383393e+15 -3.633789e+20   +1.261521e-06 +9.795483e-05 -3.800080e-03 +2.126991e-01 -5.886578e+00 +1.130702e+02 +5.113600e+03 -4.761877e+05 -8.740757e+07 -2.104090e+09 +1.847795e+11 +5.988481e+12 -1.354838e+15 +1.988992e+17 +1.280081e+19   
S15-236   +3.998300e+00   +2.254474e-06 +1.358981e-04 -2.658080e+00 +2.376832e-01 +5.036906e+00 -1.353745e+00 -1.112830e+04 +3.810950e+04 +1.107906e+09 -1.727523e+09 -1.907985e+11 +2.097740e+13 -9.592007e+14 +2.709176e+17 -3.388373e+20   -1.300858e-06 +1.747860e-04 -9.928685e-04 -1.010451e-01 +3.984626e+00 +1.404361e+02 -8.103009e+03 -7.392677e+04 -3.667089e+08 -2.305679e+09 +5.827031e+10 -5.788220e+12 -1.067509e+14 +1.004563e+17 +4.285841e+19   
S15-237   +3.998300e+00   +1.976084e-06 -6.999745e-05 -2.625291e+00 -5.708771e-01 +7.479109e+00 +1.734757e+02 +2.527717e+03 -1.459179e+06 +1.269644e+09 +5.172523e+09 -2.525954e+11 -1.964187e+12 +1.346590e+15 +8.844031e+15 -3.577240e+20   +8.127364e-08 +4.220884e-05 -1.558625e-03 +4.042198e-01 +3.949979e+00 +1.071498e+02 +7.034817e+03 -8.565263e+05 -1.035839e+08 -4.587895e+09 -1.007819e+11 -4.619428e+12 -1.026700e+15 +1.552145e+17 +8.717372e+18   
S15-238   +3.998650e+00   +1.471832e-06 +7.033599e-05 -2.649114e+00 -5.473300e-02 -2.772923e+00 +2.679154e+01 -2.070993e+03 -3.544969e+05 +1.294017e+09 -7.744869e+06 +6.198432e+10 +7.566281e+12 +8.724537e+13 +1.077606e+17 -3.684609e+20   +4.287752e-07 +1.494823e-04 -1.812136e-03 +4.824156e-02 -1.648213e+00 +1.021858e+02 +8.197742e+03 -6.313493e+05 -9.954092e+07 -2.166749e+09 +1.279406e+10 +2.330988e+13 +1.461584e+14 +1.578717e+17 +1.251743e+19   
S15-239   +3.998250e+00   +1.640393e-06 +1.090814e-04 -2.651645e+00 -2.582740e-02 -1.962919e+00 +2.476807e+01 -5.313502e+03 -2.611165e+05 +1.306374e+09 -9.040765e+08 -4.626449e+10 +4.246873e+11 +1.740079e+15 +1.697005e+17 -3.647246e+20   +5.397656e-07 +1.135502e-04 -2.016361e-03 +6.529342e-02 +5.174889e+00 +7.203329e+01 -7.238549e+03 -2.422223e+05 -6.895044e+07 -1.810893e+09 +1.259147e+10 +3.652963e+12 -8.148620e+14 +1.034372e+17 -9.472449e+17   
S15-240   +3.998150e+00   +1.601509e-06 +1.372015e-04 -2.675325e+00 +3.106142e-02 -1.702358e+00 +3.947816e+01 -8.241259e+03 -6.121774e+04 +1.131585e+09 -5.598092e+09 -9.188822e+10 -1.283657e+13 -9.340935e+14 +1.588315e+17 -3.312272e+20   -6.145953e-07 +1.815700e-04 -3.678114e-05 -1.559690e-01 -2.367626e+00 +5.236997e+01 -3.360602e+02 +1.164924e+05 -3.863792e+08 +4.248688e+09 +1.796099e+11 -1.367863e+13 -9.712362e+14 +1.343360e+17 +4.418313e+19   
S15-242   +3.998500e+00   +1.549959e-07 +9.493100e-05 -2.635278e+00 +9.446615e-02 -1.985951e+01 +2.226008e+02 -2.329341e+04 +5.514500e+05 +1.285489e+09 -8.064442e+08 +3.377036e+11 +6.255138e+12 -2.283003e+14 +3.073755e+16 -3.570636e+20   +7.046685e-07 +9.127793e-05 -6.783916e-04 +1.908392e-01 -7.834786e-01 +2.441243e+01 +4.140705e+03 -3.287260e+05 -9.246297e+07 -1.956785e+09 +1.053957e+11 +7.429854e+12 -1.270364e+15 +2.128981e+17 +4.369781e+18   
S15-244   +3.998600e+00   +1.585227e-06 +8.562657e-05 -2.649365e+00 -2.939916e-02 -3.449835e+00 +1.473392e+02 -1.634352e+04 -5.708956e+05 +1.271612e+09 -1.075390e+09 -9.059456e+10 -1.216328e+12 +3.275204e+14 +1.755813e+17 -3.564750e+20   +7.950528e-07 +1.646866e-04 -1.588672e-03 -7.506780e-02 +4.801190e-02 +6.466231e+01 -8.575279e+03 -3.551701e+05 -8.621475e+07 -2.913290e+08 +4.241612e+11 +1.654608e+13 +8.357538e+13 +2.386943e+17 +1.076907e+18   
S15-245   +3.998600e+00   +1.842485e-06 +5.934857e-05 -2.660196e+00 -4.765448e-02 +9.399937e-01 +1.014013e+02 -5.016321e+03 -6.804587e+04 +1.303591e+09 -1.481917e+08 -2.680631e+11 +1.066722e+13 +5.798760e+14 +4.125694e+16 -3.596946e+20   +6.321155e-07 +1.313376e-04 -1.877232e-03 +6.804599e-02 -2.419923e+00 +1.287887e+02 +1.393611e+03 -7.422630e+05 -6.773871e+07 -4.135903e+09 -3.994040e+10 +1.536607e+13 -9.334965e+14 +1.798008e+17 -1.274854e+18   
S15-246   +3.997650e+00   +2.392747e-06 +1.205222e-04 -2.654670e+00 +2.158801e-01 -4.545400e-01 +6.954453e+01 -2.609811e+04 +1.284662e+05 +1.268841e+09 +1.079125e+09 -9.035101e+10 -9.672843e+12 +1.108533e+15 +5.865894e+16 -3.716839e+20   -1.250599e-07 +2.138733e-04 -1.597279e-03 -3.100944e-01 +8.094350e+00 +9.440074e+01 -1.747685e+03 +2.143073e+05 -1.530433e+07 +5.543077e+08 -2.184714e+11 +1.022156e+13 -1.373550e+15 +2.244175e+17 +4.114267e+18   
S15-248   +3.997900e+00   +9.995720e-07 +9.838703e-05 -2.673223e+00 +2.559959e-02 -8.050872e+00 -1.472253e+02 -1.117529e+04 -5.783459e+05 +1.087879e+09 +1.987198e+09 +2.640624e+11 +1.156222e+13 +4.126059e+14 +9.731281e+16 -3.392829e+20   -1.430818e-06 +1.927633e-04 -4.418332e-04 -1.942124e-01 +9.993164e+00 +9.557015e+01 -9.533255e+03 -1.237194e+05 -3.862478e+08 -1.815735e+08 -5.045496e+10 +1.845871e+13 -1.525942e+14 +1.098997e+17 +5.884639e+19   
S15-249   +3.998550e+00   +1.459010e-06 +1.010023e-04 -2.664018e+00 +2.565285e-02 -4.126188e+00 -7.708737e+01 -1.413383e+04 -3.855243e+05 +1.293525e+09 -1.858258e+09 -2.172252e+11 +4.729059e+12 +1.767531e+15 +1.416006e+16 -3.828223e+20   -5.097445e-07 +1.804318e-04 -2.131578e-03 -8.033440e-02 +1.187558e+01 +1.083119e+02 -2.247175e+03 +1.010993e+05 -6.135542e+07 +4.085041e+09 -2.030376e+11 +1.023094e+13 -8.758165e+14 +1.308249e+17 +3.457068e+18   
S15-251   +3.998450e+00   +1.084598e-06 +1.965258e-06 -2.645065e+00 -1.264998e-01 +1.470278e+00 +1.856831e+02 -5.414456e+03 -6.786050e+05 +1.303392e+09 -2.171826e+08 -9.987995e+10 +1.511869e+13 -6.206287e+14 +4.625305e+16 -3.544964e+20   +6.828829e-07 +1.201208e-04 -2.395868e-03 +9.454269e-02 -4.368575e-01 +1.340194e+02 -2.968790e+02 -7.756838e+04 -7.744716e+07 -3.163736e+09 +1.752724e+11 -7.153262e+12 -9.380800e+14 +2.255853e+17 +4.934605e+18   
S15-253   +3.998000e+00   +1.628459e-06 +2.090724e-04 -2.644047e+00 +4.321968e-01 +5.371671e-01 +3.938879e+01 -1.025849e+04 +7.170838e+05 +1.321565e+09 -5.889915e+09 -2.402470e+10 +7.214670e+12 +5.942739e+14 +2.051669e+16 -3.645518e+20   +8.368337e-08 -4.158844e-07 -2.244435e-03 +5.367589e-01 +9.184160e+00 +5.098607e+01 -1.461226e+04 -1.187011e+06 -8.942709e+07 -5.409210e+09 -1.729356e+11 -7.467984e+11 -9.117244e+14 +1.522129e+17 +9.384167e+18   
S15-256   +3.998250e+00   +1.582848e-06 +8.590513e-05 -2.668412e+00 +9.563214e-02 -1.102267e+00 +6.481303e+01 -6.905691e+03 +1.551769e+05 +1.112379e+09 -8.115400e+07 +1.056018e+11 +6.144653e+10 +9.153715e+14 +5.587895e+16 -3.401146e+20   -4.483124e-07 +1.841158e-04 -3.540729e-04 -1.120892e-01 -7.756996e+00 +1.019236e+02 +1.036111e+04 +1.443006e+05 -4.420516e+08 +2.076908e+09 +1.981235e+11 -2.432561e+12 +1.162220e+15 +1.226819e+16 +6.396644e+19   
S15-257   +3.998100e+00   +2.017758e-06 +1.807572e-04 -2.666544e+00 +3.094422e-01 -7.725037e-01 -2.911158e+02 -1.062321e+04 +2.622023e+05 +1.301948e+09 -3.948718e+09 +9.283427e+10 -5.875606e+12 +1.973990e+15 -5.892231e+16 -3.690618e+20   +2.591884e-07 +1.425656e-04 -2.553938e-03 +2.040617e-02 +9.620900e+00 +6.747930e+01 -1.089302e+04 +2.891188e+05 -1.040516e+08 -1.251494e+09 +1.289028e+11 +1.795349e+13 -2.247802e+14 +2.830449e+17 +1.350995e+19   
S15-258   +3.998250e+00   +9.293468e-07 +7.323044e-05 -2.651778e+00 +3.059786e-02 -1.163891e+01 +1.856125e+02 -8.022135e+03 -3.451015e+05 +1.287189e+09 -6.060597e+08 +1.993890e+11 -4.169139e+12 +7.969212e+14 +1.308903e+16 -3.628537e+20   +1.444234e-06 +5.345766e-05 -1.597398e-03 +3.292558e-01 -1.505605e+01 +5.531790e+01 +1.091744e+04 -8.849214e+05 -5.201171e+07 -5.286951e+09 +3.374066e+11 +2.416711e+13 -5.942635e+14 +7.506409e+16 +7.177890e+18   
S15-261   +4.001950e+00   +7.482452e-07 +9.700149e-05 -2.654249e+00 +9.151761e-02 -1.401937e+01 -7.103087e+01 -4.458481e+03 +3.589992e+06 +1.012637e+09 -3.704047e+09 +8.279556e+11 -1.395757e+14 -1.628480e+16 -1.622270e+17 -4.259149e+20   +1.145986e-06 +1.367249e-04 -5.868307e-04 +1.007029e-01 -3.965844e+00 +2.351937e+02 -1.145612e+04 -3.528207e+06 -3.685956e+08 -3.874369e+09 +1.515146e+12 +8.515484e+13 -5.624493e+15 +1.148274e+18 +9.901203e+18   
S15-263   +3.997200e+00   +1.436439e-06 +6.891201e-06 -2.677081e+00 -2.451017e-01 -3.913297e+00 +2.928888e+02 -1.156765e+04 +2.627479e+04 +1.259525e+09 +6.432805e+09 -8.710760e+10 +3.752384e+12 -9.779200e+14 +4.649385e+17 -3.512279e+20   +6.988429e-07 +1.874044e-04 -1.328087e-04 -1.754468e-01 +5.111701e-01 +8.305639e+00 -1.998672e+03 -1.962444e+05 -1.359672e+08 +2.029668e+08 -9.606497e+10 +7.934897e+13 -5.312761e+15 -2.127647e+17 +2.542680e+19   
S15-267   +3.998850e+00   +1.743289e-06 -2.294675e-06 -2.636756e+00 -3.174203e-01 -2.586594e+00 +3.336517e+01 -3.953567e+03 -8.001420e+05 +1.281454e+09 -5.477617e+08 -7.303117e+09 +8.095260e+12 -1.658394e+15 +1.532826e+17 -3.648179e+20   -7.721925e-07 +1.694619e-04 -1.146442e-03 -1.535439e-01 +2.212954e+01 +9.994338e+01 -1.304803e+04 +4.387084e+05 -1.116373e+08 +1.016906e+09 -2.722670e+11 -1.225532e+13 -6.507736e+14 +1.582362e+17 +4.940545e+18   
S15-271   +3.998550e+00   +1.146211e-06 +7.936780e-05 -2.630354e+00 +5.810786e-03 -4.894584e-01 -2.489562e+01 -3.540613e+03 +4.374473e+05 +1.284136e+09 +6.054650e+09 -2.570917e+11 +2.330805e+12 -7.405172e+14 +2.967286e+17 -3.644859e+20   +4.783482e-07 +1.707511e-04 -3.622111e-03 -8.287047e-02 +5.502145e+00 +1.669058e+02 -1.232081e+03 -2.456621e+05 -6.931935e+07 +1.225584e+09 -3.256681e+10 +2.448697e+13 -1.158869e+15 -6.397377e+16 +1.692418e+19   
S15-272   +3.997950e+00   +1.184028e-06 -8.619928e-07 -2.646379e+00 -3.153621e-01 -1.225985e+01 +1.064849e+02 -1.947543e+04 -8.569054e+05 +1.224300e+09 +3.044630e+09 +1.636539e+11 +1.095935e+13 +7.629598e+14 +4.268698e+16 -3.657327e+20   +1.691351e-06 +1.879976e-04 -2.092028e-03 -2.227947e-01 -2.076158e+01 +9.036701e+01 +1.996333e+04 +1.158836e+05 -8.202019e+07 +5.717298e+08 +4.324429e+11 -3.633970e+12 -8.506900e+14 +2.217518e+17 +4.724826e+18   
S15-274   +3.998200e+00   +8.744468e-07 -5.542274e-05 -2.653487e+00 -5.620884e-01 -1.574500e+01 -2.260333e+02 -3.083825e+04 -1.695270e+06 +1.218996e+09 +3.696483e+09 +1.148673e+11 +7.561470e+12 +5.462833e+14 +7.463506e+16 -3.613599e+20   +1.481667e-06 +1.661793e-05 -1.507106e-03 +5.324208e-01 -1.006311e+01 +1.129834e+02 +6.721617e+03 -1.072597e+06 -9.363984e+07 -8.304460e+09 +4.507936e+11 +4.847016e+12 -4.621497e+12 +9.462205e+16 +1.594660e+18   
S15-275   +3.997400e+00   +1.809493e-06 +8.397581e-05 -2.631901e+00 -2.933509e-02 -3.887022e+00 -2.621199e+02 -3.426272e+04 -1.391792e+06 +1.270603e+09 -1.278777e+10 -3.648356e+11 -1.092270e+14 -7.746278e+15 +4.324513e+16 -3.543088e+20   +8.683417e-07 +1.232068e-04 -3.615630e-03 +3.487137e-03 -4.701546e+00 +1.773295e+02 +1.875315e+04 -8.486389e+05 -8.904388e+07 +5.701453e+09 -6.710262e+11 +2.582131e+13 +5.418982e+15 -3.536831e+17 +2.568194e+18   
S15-276   +3.998250e+00   +2.481008e-06 +7.150423e-05 -2.661354e+00 +7.087913e-02 +6.816162e+00 +1.851886e+02 +4.819606e+03 -1.305227e+05 +1.313768e+09 -2.541930e+09 -5.145994e+11 -4.720015e+12 +6.719545e+14 +7.368131e+13 -3.626507e+20   +4.076959e-07 +1.265037e-04 -3.043306e-03 -3.752044e-02 +3.969637e+00 +1.251766e+02 -6.791259e+02 +1.666660e+05 -1.021131e+08 -4.013346e+09 +1.476314e+11 +7.220329e+11 +4.323329e+14 +1.410491e+17 -1.220069e+18   
S15-277   +3.997950e+00   +1.757265e-06 +4.230235e-05 -2.656622e+00 -2.430639e-02 +3.057454e+00 -8.188302e+01 -9.168021e+01 -1.530215e+05 +1.143264e+09 -1.750082e+09 -9.569149e+10 -7.975818e+12 +1.455505e+15 +4.310081e+16 -3.577241e+20   +5.296179e-07 +1.088430e-04 -7.932703e-04 +2.730820e-02 -2.653557e+00 +1.083338e+02 +8.159447e+03 -1.518332e+05 -2.580565e+08 +3.707152e+08 +1.074658e+11 +8.964364e+12 -5.112000e+14 +1.731472e+17 +4.008847e+19   
S15-278   +3.998150e+00   +2.243297e-06 +5.352285e-05 -2.641952e+00 -1.346900e-01 +4.198512e+00 +1.737399e+02 +9.997479e+02 -2.343242e+05 +1.282278e+09 -7.672386e+07 +5.496722e+09 +7.186084e+12 +5.039403e+14 -7.963461e+15 -3.694519e+20   +7.125533e-07 +1.918493e-04 -1.507028e-03 -2.881605e-01 +4.129660e+00 +5.615160e+01 -5.341275e+03 +5.050081e+05 -6.652939e+07 +8.548028e+08 -4.088131e+10 +2.150674e+12 -1.469629e+15 +1.101340e+17 +3.156798e+18   
S15-281   +3.998500e+00   +1.342771e-06 -7.771822e-06 -2.652795e+00 -2.431841e-01 -2.457887e+00 +4.157699e+01 -4.622518e+02 -4.110209e+05 +1.228442e+09 -8.377614e+08 +9.611867e+10 +9.805512e+12 +6.828568e+14 +1.703879e+16 -3.723844e+20   -1.037992e-06 +6.039725e-05 -2.492977e-03 +3.527023e-01 +2.001209e+01 -2.866535e+01 -1.343929e+04 -9.304567e+05 -8.292355e+07 -5.647468e+09 -3.209701e+11 -6.873953e+11 -9.919820e+14 +1.944957e+17 -1.183424e+17   
